9.974465686274510290e+01 0.000000000000000000e+00 0.000000000000000000e+00
9.979308823529412109e+01 0.000000000000000000e+00 0.000000000000000000e+00
9.983918627450979955e+01 0.000000000000000000e+00 0.000000000000000000e+00
1.006188137254901989e+02 0.000000000000000000e+00 4.705882352941176600e-04
1.016452058823529399e+02 0.000000000000000000e+00 5.196078431372549468e-04
1.022484019607843067e+02 0.000000000000000000e+00 0.000000000000000000e+00
1.029596764705882350e+02 0.000000000000000000e+00 0.000000000000000000e+00
1.032021666666666704e+02 0.000000000000000000e+00 0.000000000000000000e+00
1.034208137254901914e+02 0.000000000000000000e+00 0.000000000000000000e+00
1.037633137254901925e+02 0.000000000000000000e+00 0.000000000000000000e+00
1.039612941176470571e+02 0.000000000000000000e+00 0.000000000000000000e+00
1.039594901960784341e+02 0.000000000000000000e+00 0.000000000000000000e+00
1.038965392156862748e+02 0.000000000000000000e+00 0.000000000000000000e+00
1.039346862745098008e+02 0.000000000000000000e+00 0.000000000000000000e+00
1.038463235294117624e+02 0.000000000000000000e+00 0.000000000000000000e+00
1.038718137254901990e+02 0.000000000000000000e+00 0.000000000000000000e+00
1.038439901960784368e+02 0.000000000000000000e+00 0.000000000000000000e+00
1.038739117647058805e+02 0.000000000000000000e+00 0.000000000000000000e+00
1.037835784313725469e+02 0.000000000000000000e+00 0.000000000000000000e+00
1.038433137254901908e+02 0.000000000000000000e+00 0.000000000000000000e+00
1.038778235294117707e+02 0.000000000000000000e+00 0.000000000000000000e+00
1.039413823529411758e+02 0.000000000000000000e+00 0.000000000000000000e+00
1.038330392156862700e+02 0.000000000000000000e+00 0.000000000000000000e+00
1.038541960784313716e+02 0.000000000000000000e+00 0.000000000000000000e+00
1.038692745098039154e+02 0.000000000000000000e+00 0.000000000000000000e+00
1.038766078431372506e+02 0.000000000000000000e+00 0.000000000000000000e+00
1.038193137254901899e+02 0.000000000000000000e+00 0.000000000000000000e+00
1.038153235294117707e+02 0.000000000000000000e+00 0.000000000000000000e+00
1.039121862745098070e+02 0.000000000000000000e+00 0.000000000000000000e+00
1.040090000000000003e+02 0.000000000000000000e+00 0.000000000000000000e+00
1.040740980392156843e+02 0.000000000000000000e+00 0.000000000000000000e+00
1.041700098039215732e+02 0.000000000000000000e+00 0.000000000000000000e+00
1.042786862745098091e+02 0.000000000000000000e+00 0.000000000000000000e+00
1.043652450980392103e+02 0.000000000000000000e+00 0.000000000000000000e+00
1.044850294117646996e+02 0.000000000000000000e+00 0.000000000000000000e+00
1.046489705882353007e+02 0.000000000000000000e+00 0.000000000000000000e+00
1.047633235294117640e+02 0.000000000000000000e+00 0.000000000000000000e+00
1.047614313725490263e+02 0.000000000000000000e+00 0.000000000000000000e+00
1.047812058823529355e+02 0.000000000000000000e+00 0.000000000000000000e+00
1.048212745098039278e+02 0.000000000000000000e+00 0.000000000000000000e+00
1.047984019607843180e+02 0.000000000000000000e+00 0.000000000000000000e+00
1.048303627450980429e+02 0.000000000000000000e+00 0.000000000000000000e+00
1.048337352941176448e+02 0.000000000000000000e+00 0.000000000000000000e+00
1.049544019607843097e+02 0.000000000000000000e+00 0.000000000000000000e+00
1.049510098039215649e+02 0.000000000000000000e+00 0.000000000000000000e+00
1.049438627450980448e+02 0.000000000000000000e+00 0.000000000000000000e+00
1.049646176470588301e+02 0.000000000000000000e+00 0.000000000000000000e+00
1.048941078431372489e+02 0.000000000000000000e+00 0.000000000000000000e+00
1.048824411764705928e+02 0.000000000000000000e+00 0.000000000000000000e+00
1.049360294117647072e+02 0.000000000000000000e+00 0.000000000000000000e+00
1.050446764705882288e+02 0.000000000000000000e+00 0.000000000000000000e+00
1.051375294117647030e+02 0.000000000000000000e+00 0.000000000000000000e+00
1.051469313725490196e+02 0.000000000000000000e+00 0.000000000000000000e+00
1.052322058823529431e+02 0.000000000000000000e+00 0.000000000000000000e+00
1.052193137254901956e+02 0.000000000000000000e+00 0.000000000000000000e+00
1.051928333333333399e+02 0.000000000000000000e+00 0.000000000000000000e+00
1.051199215686274471e+02 0.000000000000000000e+00 0.000000000000000000e+00
1.050027254901960845e+02 0.000000000000000000e+00 0.000000000000000000e+00
1.049413431372549041e+02 0.000000000000000000e+00 0.000000000000000000e+00
1.049086078431372613e+02 0.000000000000000000e+00 0.000000000000000000e+00
1.048880490196078483e+02 0.000000000000000000e+00 0.000000000000000000e+00
1.049885686274509737e+02 0.000000000000000000e+00 0.000000000000000000e+00
1.050541862745098030e+02 0.000000000000000000e+00 0.000000000000000000e+00
1.050025686274509837e+02 0.000000000000000000e+00 0.000000000000000000e+00
1.049563431372549047e+02 0.000000000000000000e+00 0.000000000000000000e+00
1.050202549019607829e+02 0.000000000000000000e+00 0.000000000000000000e+00
1.050086078431372556e+02 0.000000000000000000e+00 0.000000000000000000e+00
1.049782745098039243e+02 0.000000000000000000e+00 0.000000000000000000e+00
1.050108235294117662e+02 0.000000000000000000e+00 0.000000000000000000e+00
1.050267254901960854e+02 0.000000000000000000e+00 0.000000000000000000e+00
1.049955686274509787e+02 0.000000000000000000e+00 0.000000000000000000e+00
1.049948921568627469e+02 0.000000000000000000e+00 0.000000000000000000e+00
1.050254803921568652e+02 0.000000000000000000e+00 0.000000000000000000e+00
1.049220980392156832e+02 0.000000000000000000e+00 0.000000000000000000e+00
1.048770882352941243e+02 0.000000000000000000e+00 0.000000000000000000e+00
1.048728333333333325e+02 0.000000000000000000e+00 0.000000000000000000e+00
1.049084313725490176e+02 0.000000000000000000e+00 0.000000000000000000e+00
1.050039411764705903e+02 0.000000000000000000e+00 0.000000000000000000e+00
1.050480392156862735e+02 0.000000000000000000e+00 0.000000000000000000e+00
1.051152549019607818e+02 0.000000000000000000e+00 0.000000000000000000e+00
1.052118921568627457e+02 0.000000000000000000e+00 0.000000000000000000e+00
1.052285294117647112e+02 0.000000000000000000e+00 0.000000000000000000e+00
1.052488627450980374e+02 0.000000000000000000e+00 0.000000000000000000e+00
1.053028137254901964e+02 0.000000000000000000e+00 0.000000000000000000e+00
1.053365882352941156e+02 0.000000000000000000e+00 0.000000000000000000e+00
1.053770098039215668e+02 0.000000000000000000e+00 0.000000000000000000e+00
1.053547549019607885e+02 0.000000000000000000e+00 0.000000000000000000e+00
1.053610294117647044e+02 0.000000000000000000e+00 0.000000000000000000e+00
1.054196862745098002e+02 0.000000000000000000e+00 0.000000000000000000e+00
1.055378725490196103e+02 0.000000000000000000e+00 0.000000000000000000e+00
1.055092647058823587e+02 0.000000000000000000e+00 0.000000000000000000e+00
1.054934411764705828e+02 0.000000000000000000e+00 0.000000000000000000e+00
1.055301568627451019e+02 0.000000000000000000e+00 0.000000000000000000e+00
1.054771568627451046e+02 0.000000000000000000e+00 0.000000000000000000e+00
1.054274215686274516e+02 0.000000000000000000e+00 0.000000000000000000e+00
1.055192450980392209e+02 0.000000000000000000e+00 0.000000000000000000e+00
1.055110882352941246e+02 0.000000000000000000e+00 0.000000000000000000e+00
1.054797843137254887e+02 0.000000000000000000e+00 0.000000000000000000e+00
1.055989509803921607e+02 0.000000000000000000e+00 0.000000000000000000e+00
1.056425784313725558e+02 0.000000000000000000e+00 0.000000000000000000e+00
1.056837745098039250e+02 0.000000000000000000e+00 0.000000000000000000e+00
1.056335588235294125e+02 0.000000000000000000e+00 0.000000000000000000e+00
1.056412156862745064e+02 0.000000000000000000e+00 0.000000000000000000e+00
1.056638529411764722e+02 0.000000000000000000e+00 0.000000000000000000e+00
1.057042352941176517e+02 0.000000000000000000e+00 0.000000000000000000e+00
1.056516470588235279e+02 0.000000000000000000e+00 0.000000000000000000e+00
1.056059999999999945e+02 0.000000000000000000e+00 0.000000000000000000e+00
1.055906274509803922e+02 0.000000000000000000e+00 0.000000000000000000e+00
1.056683431372549080e+02 0.000000000000000000e+00 0.000000000000000000e+00
1.057030784313725462e+02 0.000000000000000000e+00 0.000000000000000000e+00
1.058371274509803897e+02 0.000000000000000000e+00 0.000000000000000000e+00
1.058967352941176472e+02 0.000000000000000000e+00 0.000000000000000000e+00
1.060056078431372555e+02 0.000000000000000000e+00 0.000000000000000000e+00
1.061180098039215665e+02 0.000000000000000000e+00 0.000000000000000000e+00
1.062838725490196055e+02 0.000000000000000000e+00 0.000000000000000000e+00
1.062828039215686289e+02 0.000000000000000000e+00 0.000000000000000000e+00
1.061593529411764649e+02 0.000000000000000000e+00 0.000000000000000000e+00
1.060571372549019600e+02 0.000000000000000000e+00 0.000000000000000000e+00
1.059450980392156794e+02 0.000000000000000000e+00 0.000000000000000000e+00
1.058765294117647073e+02 0.000000000000000000e+00 0.000000000000000000e+00
1.057122549019607902e+02 0.000000000000000000e+00 0.000000000000000000e+00
1.057499117647058853e+02 0.000000000000000000e+00 0.000000000000000000e+00
1.058099411764705877e+02 0.000000000000000000e+00 0.000000000000000000e+00
1.058305392156862723e+02 0.000000000000000000e+00 0.000000000000000000e+00
1.058846274509803891e+02 0.000000000000000000e+00 0.000000000000000000e+00
1.058508431372548984e+02 0.000000000000000000e+00 0.000000000000000000e+00
1.059395098039215668e+02 0.000000000000000000e+00 0.000000000000000000e+00
1.060971274509803948e+02 0.000000000000000000e+00 0.000000000000000000e+00
1.060980784313725422e+02 0.000000000000000000e+00 0.000000000000000000e+00
1.060895196078431439e+02 0.000000000000000000e+00 0.000000000000000000e+00
1.061390588235294103e+02 0.000000000000000000e+00 0.000000000000000000e+00
1.060694705882352906e+02 0.000000000000000000e+00 0.000000000000000000e+00
1.059776372549019641e+02 0.000000000000000000e+00 0.000000000000000000e+00
1.059350294117647024e+02 0.000000000000000000e+00 0.000000000000000000e+00
1.059405098039215716e+02 0.000000000000000000e+00 0.000000000000000000e+00
1.059434509803921571e+02 0.000000000000000000e+00 0.000000000000000000e+00
1.059599411764705934e+02 0.000000000000000000e+00 0.000000000000000000e+00
1.060101764705882346e+02 0.000000000000000000e+00 0.000000000000000000e+00
1.060070294117647052e+02 0.000000000000000000e+00 0.000000000000000000e+00
1.061934705882353001e+02 0.000000000000000000e+00 0.000000000000000000e+00
1.063730784313725479e+02 0.000000000000000000e+00 0.000000000000000000e+00
1.065491176470588215e+02 0.000000000000000000e+00 0.000000000000000000e+00
1.066300196078431384e+02 0.000000000000000000e+00 0.000000000000000000e+00
1.067264901960784300e+02 0.000000000000000000e+00 0.000000000000000000e+00
1.066908627450980447e+02 0.000000000000000000e+00 0.000000000000000000e+00
1.066815588235294143e+02 0.000000000000000000e+00 0.000000000000000000e+00
1.066986372549019677e+02 0.000000000000000000e+00 0.000000000000000000e+00
1.067303725490196058e+02 0.000000000000000000e+00 0.000000000000000000e+00
1.067359803921568613e+02 0.000000000000000000e+00 0.000000000000000000e+00
1.067579509803921525e+02 0.000000000000000000e+00 0.000000000000000000e+00
1.068687941176470559e+02 0.000000000000000000e+00 0.000000000000000000e+00
1.068227745098039208e+02 0.000000000000000000e+00 0.000000000000000000e+00
1.067373431372548964e+02 0.000000000000000000e+00 0.000000000000000000e+00
1.067785294117647084e+02 0.000000000000000000e+00 0.000000000000000000e+00
1.068406960784313782e+02 0.000000000000000000e+00 0.000000000000000000e+00
1.068220098039215742e+02 0.000000000000000000e+00 0.000000000000000000e+00
1.068371568627451040e+02 0.000000000000000000e+00 0.000000000000000000e+00
1.068986274509803991e+02 0.000000000000000000e+00 0.000000000000000000e+00
1.068379901960784366e+02 0.000000000000000000e+00 0.000000000000000000e+00
1.067933431372549080e+02 0.000000000000000000e+00 0.000000000000000000e+00
1.067479901960784332e+02 0.000000000000000000e+00 0.000000000000000000e+00
1.067020980392156844e+02 0.000000000000000000e+00 0.000000000000000000e+00
1.067268725490196033e+02 0.000000000000000000e+00 0.000000000000000000e+00
1.067444117647058874e+02 0.000000000000000000e+00 0.000000000000000000e+00
1.067075686274509820e+02 0.000000000000000000e+00 0.000000000000000000e+00
1.067286274509803974e+02 0.000000000000000000e+00 0.000000000000000000e+00
1.067802549019607881e+02 0.000000000000000000e+00 0.000000000000000000e+00
1.069157549019607814e+02 0.000000000000000000e+00 0.000000000000000000e+00
1.070609607843137212e+02 0.000000000000000000e+00 0.000000000000000000e+00
1.071367352941176421e+02 0.000000000000000000e+00 0.000000000000000000e+00
1.071963921568627427e+02 0.000000000000000000e+00 0.000000000000000000e+00
1.072873039215686219e+02 0.000000000000000000e+00 0.000000000000000000e+00
1.071310882352941150e+02 0.000000000000000000e+00 0.000000000000000000e+00
1.071813137254901989e+02 0.000000000000000000e+00 0.000000000000000000e+00
1.071485882352941132e+02 0.000000000000000000e+00 0.000000000000000000e+00
1.071129509803921565e+02 0.000000000000000000e+00 0.000000000000000000e+00
1.071932745098039277e+02 0.000000000000000000e+00 0.000000000000000000e+00
1.072174117647058864e+02 0.000000000000000000e+00 0.000000000000000000e+00
1.072561176470588293e+02 0.000000000000000000e+00 0.000000000000000000e+00
1.072008333333333354e+02 0.000000000000000000e+00 0.000000000000000000e+00
1.071348921568627475e+02 0.000000000000000000e+00 0.000000000000000000e+00
1.073429607843137319e+02 0.000000000000000000e+00 0.000000000000000000e+00
1.074746666666666641e+02 0.000000000000000000e+00 0.000000000000000000e+00
1.074841862745098098e+02 0.000000000000000000e+00 0.000000000000000000e+00
1.075357843137254861e+02 0.000000000000000000e+00 0.000000000000000000e+00
1.075891960784313710e+02 0.000000000000000000e+00 0.000000000000000000e+00
1.075117156862745134e+02 0.000000000000000000e+00 0.000000000000000000e+00
1.075544019607843182e+02 0.000000000000000000e+00 0.000000000000000000e+00
1.075666470588235342e+02 0.000000000000000000e+00 0.000000000000000000e+00
1.075394215686274464e+02 0.000000000000000000e+00 0.000000000000000000e+00
1.074582156862745137e+02 0.000000000000000000e+00 0.000000000000000000e+00
1.074273725490196085e+02 0.000000000000000000e+00 0.000000000000000000e+00
1.075174803921568696e+02 0.000000000000000000e+00 0.000000000000000000e+00
1.075272450980392165e+02 0.000000000000000000e+00 0.000000000000000000e+00
1.075558431372548966e+02 0.000000000000000000e+00 0.000000000000000000e+00
1.075656470588235294e+02 0.000000000000000000e+00 0.000000000000000000e+00
1.075832941176470570e+02 0.000000000000000000e+00 0.000000000000000000e+00
1.075766176470588249e+02 0.000000000000000000e+00 0.000000000000000000e+00
1.075353039215686266e+02 0.000000000000000000e+00 0.000000000000000000e+00
1.075396274509803902e+02 0.000000000000000000e+00 0.000000000000000000e+00
1.074655588235294061e+02 0.000000000000000000e+00 0.000000000000000000e+00
1.074262450980392174e+02 0.000000000000000000e+00 0.000000000000000000e+00
1.074001078431372491e+02 0.000000000000000000e+00 0.000000000000000000e+00
1.073421764705882282e+02 0.000000000000000000e+00 0.000000000000000000e+00
1.073011666666666599e+02 0.000000000000000000e+00 0.000000000000000000e+00
1.074643235294117716e+02 0.000000000000000000e+00 0.000000000000000000e+00
1.074224215686274562e+02 0.000000000000000000e+00 0.000000000000000000e+00
1.074267549019607912e+02 0.000000000000000000e+00 0.000000000000000000e+00
1.074194999999999993e+02 0.000000000000000000e+00 0.000000000000000000e+00
1.074371274509803982e+02 0.000000000000000000e+00 0.000000000000000000e+00
1.075180588235294152e+02 0.000000000000000000e+00 0.000000000000000000e+00
1.075124313725490168e+02 0.000000000000000000e+00 0.000000000000000000e+00
1.074735588235294159e+02 0.000000000000000000e+00 0.000000000000000000e+00
1.074458039215686256e+02 0.000000000000000000e+00 0.000000000000000000e+00
1.073727549019607892e+02 0.000000000000000000e+00 0.000000000000000000e+00
1.073803137254901969e+02 0.000000000000000000e+00 0.000000000000000000e+00
1.073597352941176410e+02 0.000000000000000000e+00 0.000000000000000000e+00
1.073874705882352885e+02 0.000000000000000000e+00 0.000000000000000000e+00
1.074599705882352936e+02 0.000000000000000000e+00 0.000000000000000000e+00
1.074619803921568604e+02 0.000000000000000000e+00 0.000000000000000000e+00
1.073606470588235311e+02 0.000000000000000000e+00 0.000000000000000000e+00
1.073648529411764656e+02 0.000000000000000000e+00 0.000000000000000000e+00
1.074124509803921512e+02 0.000000000000000000e+00 0.000000000000000000e+00
1.074273529411764656e+02 0.000000000000000000e+00 0.000000000000000000e+00
1.074300000000000068e+02 0.000000000000000000e+00 0.000000000000000000e+00
1.074468823529411736e+02 0.000000000000000000e+00 0.000000000000000000e+00
1.074110196078431443e+02 0.000000000000000000e+00 0.000000000000000000e+00
1.074045882352941135e+02 0.000000000000000000e+00 0.000000000000000000e+00
1.073771176470588244e+02 0.000000000000000000e+00 0.000000000000000000e+00
1.074397450980392108e+02 0.000000000000000000e+00 0.000000000000000000e+00
1.074929803921568663e+02 0.000000000000000000e+00 0.000000000000000000e+00
1.074595980392156918e+02 0.000000000000000000e+00 0.000000000000000000e+00
1.073877352941176468e+02 0.000000000000000000e+00 0.000000000000000000e+00
1.073385294117647106e+02 0.000000000000000000e+00 0.000000000000000000e+00
1.073253235294117616e+02 0.000000000000000000e+00 0.000000000000000000e+00
1.072515196078431359e+02 0.000000000000000000e+00 0.000000000000000000e+00
1.072541568627450914e+02 0.000000000000000000e+00 0.000000000000000000e+00
1.072092745098039188e+02 0.000000000000000000e+00 0.000000000000000000e+00
1.071406568627451037e+02 0.000000000000000000e+00 0.000000000000000000e+00
1.071709019607843203e+02 0.000000000000000000e+00 0.000000000000000000e+00
1.071570588235294110e+02 0.000000000000000000e+00 0.000000000000000000e+00
1.072279215686274512e+02 0.000000000000000000e+00 0.000000000000000000e+00
1.072548529411764662e+02 0.000000000000000000e+00 0.000000000000000000e+00
1.072893725490196033e+02 0.000000000000000000e+00 0.000000000000000000e+00
1.073044803921568615e+02 0.000000000000000000e+00 0.000000000000000000e+00
1.073245000000000005e+02 0.000000000000000000e+00 0.000000000000000000e+00
1.073878137254901901e+02 0.000000000000000000e+00 0.000000000000000000e+00
1.073910882352941201e+02 0.000000000000000000e+00 0.000000000000000000e+00
1.074045686274509848e+02 0.000000000000000000e+00 0.000000000000000000e+00
1.074225882352941142e+02 0.000000000000000000e+00 0.000000000000000000e+00
1.074344803921568570e+02 0.000000000000000000e+00 0.000000000000000000e+00
1.074290392156862737e+02 0.000000000000000000e+00 0.000000000000000000e+00
1.074891764705882338e+02 0.000000000000000000e+00 0.000000000000000000e+00
1.075866176470588300e+02 0.000000000000000000e+00 0.000000000000000000e+00
1.076468431372549048e+02 0.000000000000000000e+00 0.000000000000000000e+00
1.076322549019607777e+02 0.000000000000000000e+00 0.000000000000000000e+00
1.074825294117647019e+02 0.000000000000000000e+00 0.000000000000000000e+00
1.074934117647058827e+02 0.000000000000000000e+00 0.000000000000000000e+00
1.075137941176470520e+02 0.000000000000000000e+00 0.000000000000000000e+00
1.075429607843137205e+02 0.000000000000000000e+00 0.000000000000000000e+00
1.076012745098039147e+02 0.000000000000000000e+00 0.000000000000000000e+00
1.075554705882352948e+02 0.000000000000000000e+00 0.000000000000000000e+00
1.074869313725490230e+02 0.000000000000000000e+00 0.000000000000000000e+00
1.074408627450980447e+02 0.000000000000000000e+00 0.000000000000000000e+00
1.074105784313725422e+02 0.000000000000000000e+00 0.000000000000000000e+00
1.073610980392156904e+02 0.000000000000000000e+00 0.000000000000000000e+00
1.073674509803921637e+02 0.000000000000000000e+00 0.000000000000000000e+00
1.073752549019607869e+02 0.000000000000000000e+00 0.000000000000000000e+00
1.074097549019607811e+02 0.000000000000000000e+00 0.000000000000000000e+00
1.074543431372548952e+02 0.000000000000000000e+00 0.000000000000000000e+00
1.074445784313725483e+02 0.000000000000000000e+00 0.000000000000000000e+00
1.074875882352941119e+02 0.000000000000000000e+00 0.000000000000000000e+00
1.074557843137254878e+02 0.000000000000000000e+00 0.000000000000000000e+00
1.074636960784313686e+02 0.000000000000000000e+00 0.000000000000000000e+00
1.075037058823529463e+02 0.000000000000000000e+00 0.000000000000000000e+00
1.074568333333333356e+02 0.000000000000000000e+00 0.000000000000000000e+00
1.073828921568627521e+02 0.000000000000000000e+00 0.000000000000000000e+00
1.075014901960784357e+02 0.000000000000000000e+00 0.000000000000000000e+00
1.075392647058823599e+02 0.000000000000000000e+00 0.000000000000000000e+00
1.075601666666666603e+02 0.000000000000000000e+00 0.000000000000000000e+00
1.075524117647058802e+02 0.000000000000000000e+00 0.000000000000000000e+00
1.076572647058823549e+02 0.000000000000000000e+00 0.000000000000000000e+00
1.077436666666666696e+02 0.000000000000000000e+00 0.000000000000000000e+00
1.077422941176470630e+02 0.000000000000000000e+00 0.000000000000000000e+00
1.077828333333333291e+02 0.000000000000000000e+00 0.000000000000000000e+00
1.077492156862745105e+02 0.000000000000000000e+00 0.000000000000000000e+00
1.076807843137254963e+02 0.000000000000000000e+00 0.000000000000000000e+00
1.075706862745098107e+02 0.000000000000000000e+00 0.000000000000000000e+00
1.075644999999999953e+02 0.000000000000000000e+00 0.000000000000000000e+00
1.076349019607843189e+02 0.000000000000000000e+00 0.000000000000000000e+00
1.076231274509803910e+02 0.000000000000000000e+00 0.000000000000000000e+00
1.075683039215686279e+02 0.000000000000000000e+00 0.000000000000000000e+00
1.075676470588235247e+02 0.000000000000000000e+00 0.000000000000000000e+00
1.074215882352941236e+02 0.000000000000000000e+00 0.000000000000000000e+00
1.073932450980392161e+02 0.000000000000000000e+00 0.000000000000000000e+00
1.074265098039215616e+02 0.000000000000000000e+00 0.000000000000000000e+00
1.074695490196078396e+02 0.000000000000000000e+00 0.000000000000000000e+00
1.073959019607843146e+02 0.000000000000000000e+00 0.000000000000000000e+00
1.073643431372549060e+02 0.000000000000000000e+00 0.000000000000000000e+00
1.073542058823529430e+02 0.000000000000000000e+00 0.000000000000000000e+00
1.071624019607843081e+02 0.000000000000000000e+00 0.000000000000000000e+00
1.072859901960784299e+02 0.000000000000000000e+00 0.000000000000000000e+00
1.073722941176470584e+02 0.000000000000000000e+00 0.000000000000000000e+00
1.073720294117647001e+02 0.000000000000000000e+00 0.000000000000000000e+00
1.074335196078431380e+02 0.000000000000000000e+00 0.000000000000000000e+00
1.075485098039215757e+02 0.000000000000000000e+00 0.000000000000000000e+00
1.075054509803921547e+02 0.000000000000000000e+00 0.000000000000000000e+00
1.075733921568627380e+02 0.000000000000000000e+00 0.000000000000000000e+00
1.076026274509803926e+02 0.000000000000000000e+00 0.000000000000000000e+00
1.076000392156862802e+02 0.000000000000000000e+00 0.000000000000000000e+00
1.076254705882352880e+02 0.000000000000000000e+00 0.000000000000000000e+00
1.076353627450980355e+02 0.000000000000000000e+00 0.000000000000000000e+00
1.076723431372548987e+02 0.000000000000000000e+00 0.000000000000000000e+00
1.076432058823529445e+02 0.000000000000000000e+00 0.000000000000000000e+00
1.076392156862745111e+02 0.000000000000000000e+00 0.000000000000000000e+00
1.076870098039215691e+02 0.000000000000000000e+00 0.000000000000000000e+00
1.076317058823529464e+02 0.000000000000000000e+00 0.000000000000000000e+00
1.075549019607843206e+02 0.000000000000000000e+00 0.000000000000000000e+00
1.074264019607843181e+02 0.000000000000000000e+00 0.000000000000000000e+00
1.074241862745098075e+02 0.000000000000000000e+00 0.000000000000000000e+00
1.074123627450980365e+02 0.000000000000000000e+00 0.000000000000000000e+00
1.073787843137254896e+02 0.000000000000000000e+00 0.000000000000000000e+00
1.074694215686274532e+02 0.000000000000000000e+00 0.000000000000000000e+00
1.075412549019607837e+02 0.000000000000000000e+00 0.000000000000000000e+00
1.076305196078431408e+02 0.000000000000000000e+00 0.000000000000000000e+00
1.076375294117647030e+02 0.000000000000000000e+00 0.000000000000000000e+00
1.076463431372549024e+02 0.000000000000000000e+00 0.000000000000000000e+00
1.075983529411764721e+02 0.000000000000000000e+00 0.000000000000000000e+00
1.075054313725490260e+02 0.000000000000000000e+00 0.000000000000000000e+00
1.074249313725490254e+02 0.000000000000000000e+00 0.000000000000000000e+00
1.074449901960784359e+02 0.000000000000000000e+00 0.000000000000000000e+00
1.074552647058823567e+02 0.000000000000000000e+00 0.000000000000000000e+00
1.075211568627451015e+02 0.000000000000000000e+00 0.000000000000000000e+00
1.075728627450980355e+02 0.000000000000000000e+00 0.000000000000000000e+00
1.076336274509803985e+02 0.000000000000000000e+00 0.000000000000000000e+00
1.076831960784313793e+02 0.000000000000000000e+00 0.000000000000000000e+00
1.076828627450980349e+02 0.000000000000000000e+00 0.000000000000000000e+00
1.077431078431372526e+02 0.000000000000000000e+00 0.000000000000000000e+00
1.077707843137254855e+02 0.000000000000000000e+00 0.000000000000000000e+00
1.078242058823529419e+02 0.000000000000000000e+00 0.000000000000000000e+00
1.078171568627450938e+02 0.000000000000000000e+00 0.000000000000000000e+00
1.078517941176470600e+02 0.000000000000000000e+00 0.000000000000000000e+00
1.077903137254901935e+02 0.000000000000000000e+00 0.000000000000000000e+00
1.077914509803921561e+02 0.000000000000000000e+00 0.000000000000000000e+00
1.077749117647058767e+02 0.000000000000000000e+00 0.000000000000000000e+00
1.078030882352941120e+02 0.000000000000000000e+00 0.000000000000000000e+00
1.078126764705882294e+02 0.000000000000000000e+00 0.000000000000000000e+00
1.078149803921568690e+02 0.000000000000000000e+00 0.000000000000000000e+00
1.078553137254901912e+02 0.000000000000000000e+00 0.000000000000000000e+00
1.078987156862745138e+02 0.000000000000000000e+00 0.000000000000000000e+00
1.079062647058823501e+02 0.000000000000000000e+00 0.000000000000000000e+00
1.078864019607843119e+02 0.000000000000000000e+00 0.000000000000000000e+00
1.077989313725490206e+02 0.000000000000000000e+00 0.000000000000000000e+00
1.076979019607843071e+02 0.000000000000000000e+00 0.000000000000000000e+00
1.077164117647058816e+02 0.000000000000000000e+00 0.000000000000000000e+00
1.077029803921568600e+02 0.000000000000000000e+00 0.000000000000000000e+00
1.076926470588235247e+02 0.000000000000000000e+00 0.000000000000000000e+00
1.077163921568627387e+02 0.000000000000000000e+00 0.000000000000000000e+00
1.076163431372549013e+02 0.000000000000000000e+00 0.000000000000000000e+00
1.077066666666666634e+02 0.000000000000000000e+00 0.000000000000000000e+00
1.076988823529411832e+02 0.000000000000000000e+00 0.000000000000000000e+00
1.076893627450980375e+02 0.000000000000000000e+00 0.000000000000000000e+00
1.076718235294117676e+02 0.000000000000000000e+00 0.000000000000000000e+00
1.076187745098039272e+02 0.000000000000000000e+00 0.000000000000000000e+00
1.075475392156862711e+02 0.000000000000000000e+00 0.000000000000000000e+00
1.075235686274509845e+02 0.000000000000000000e+00 0.000000000000000000e+00
1.075277647058823476e+02 0.000000000000000000e+00 0.000000000000000000e+00
1.075699215686274499e+02 0.000000000000000000e+00 0.000000000000000000e+00
1.076271470588235246e+02 0.000000000000000000e+00 0.000000000000000000e+00
1.076511078431372539e+02 0.000000000000000000e+00 0.000000000000000000e+00
1.076858137254901919e+02 0.000000000000000000e+00 0.000000000000000000e+00
1.077490490196078383e+02 0.000000000000000000e+00 0.000000000000000000e+00
1.077334803921568636e+02 0.000000000000000000e+00 0.000000000000000000e+00
1.077459117647058804e+02 0.000000000000000000e+00 0.000000000000000000e+00
1.077465588235294121e+02 0.000000000000000000e+00 0.000000000000000000e+00
1.076667450980392147e+02 0.000000000000000000e+00 0.000000000000000000e+00
1.076568921568627388e+02 0.000000000000000000e+00 0.000000000000000000e+00
1.077209509803921605e+02 0.000000000000000000e+00 0.000000000000000000e+00
1.077238529411764745e+02 0.000000000000000000e+00 0.000000000000000000e+00
1.078186764705882297e+02 0.000000000000000000e+00 0.000000000000000000e+00
1.078463431372549053e+02 0.000000000000000000e+00 0.000000000000000000e+00
1.078659705882352995e+02 0.000000000000000000e+00 0.000000000000000000e+00
1.078696960784313745e+02 0.000000000000000000e+00 0.000000000000000000e+00
1.079178529411764771e+02 0.000000000000000000e+00 0.000000000000000000e+00
1.079354019607843185e+02 0.000000000000000000e+00 0.000000000000000000e+00
1.079225294117646996e+02 0.000000000000000000e+00 0.000000000000000000e+00
1.079733235294117577e+02 0.000000000000000000e+00 0.000000000000000000e+00
1.079364509803921521e+02 0.000000000000000000e+00 0.000000000000000000e+00
1.079679803921568606e+02 0.000000000000000000e+00 0.000000000000000000e+00
1.078719215686274566e+02 0.000000000000000000e+00 0.000000000000000000e+00
1.078158725490196019e+02 0.000000000000000000e+00 0.000000000000000000e+00
1.078128529411764731e+02 0.000000000000000000e+00 0.000000000000000000e+00
1.078223137254901900e+02 0.000000000000000000e+00 0.000000000000000000e+00
1.078420392156862704e+02 0.000000000000000000e+00 0.000000000000000000e+00
1.077326176470588166e+02 0.000000000000000000e+00 0.000000000000000000e+00
1.076675000000000040e+02 0.000000000000000000e+00 0.000000000000000000e+00
1.076986078431372533e+02 0.000000000000000000e+00 0.000000000000000000e+00
1.077565196078431313e+02 0.000000000000000000e+00 0.000000000000000000e+00
1.077233431372549006e+02 0.000000000000000000e+00 0.000000000000000000e+00
1.077355588235294164e+02 0.000000000000000000e+00 0.000000000000000000e+00
1.077809803921568630e+02 0.000000000000000000e+00 0.000000000000000000e+00
1.077115196078431438e+02 0.000000000000000000e+00 0.000000000000000000e+00
1.076603039215686266e+02 0.000000000000000000e+00 0.000000000000000000e+00
1.077058137254902022e+02 0.000000000000000000e+00 0.000000000000000000e+00
1.078330784313725559e+02 0.000000000000000000e+00 0.000000000000000000e+00
1.078399313725490174e+02 0.000000000000000000e+00 0.000000000000000000e+00
1.078641568627451051e+02 0.000000000000000000e+00 0.000000000000000000e+00
1.078571666666666715e+02 0.000000000000000000e+00 0.000000000000000000e+00
1.078318431372549071e+02 0.000000000000000000e+00 0.000000000000000000e+00
1.078488725490196032e+02 0.000000000000000000e+00 0.000000000000000000e+00
1.078849117647058762e+02 0.000000000000000000e+00 0.000000000000000000e+00
1.078551274509803903e+02 0.000000000000000000e+00 0.000000000000000000e+00
1.078942549019607782e+02 0.000000000000000000e+00 0.000000000000000000e+00
1.079440490196078457e+02 0.000000000000000000e+00 0.000000000000000000e+00
1.080221568627450921e+02 0.000000000000000000e+00 0.000000000000000000e+00
1.080954803921568583e+02 0.000000000000000000e+00 0.000000000000000000e+00
1.081336960784313703e+02 0.000000000000000000e+00 0.000000000000000000e+00
1.082570784313725483e+02 0.000000000000000000e+00 0.000000000000000000e+00
1.083310196078431318e+02 0.000000000000000000e+00 0.000000000000000000e+00
1.083821862745098059e+02 0.000000000000000000e+00 0.000000000000000000e+00
1.083604509803921587e+02 0.000000000000000000e+00 0.000000000000000000e+00
1.084324803921568616e+02 0.000000000000000000e+00 0.000000000000000000e+00
1.083933725490196025e+02 0.000000000000000000e+00 0.000000000000000000e+00
1.084080686274509873e+02 0.000000000000000000e+00 0.000000000000000000e+00
1.083765196078431359e+02 0.000000000000000000e+00 0.000000000000000000e+00
1.083182156862745131e+02 0.000000000000000000e+00 0.000000000000000000e+00
1.083129411764705878e+02 0.000000000000000000e+00 0.000000000000000000e+00
1.083165588235294052e+02 0.000000000000000000e+00 0.000000000000000000e+00
1.082733235294117691e+02 0.000000000000000000e+00 0.000000000000000000e+00
1.082874901960784371e+02 0.000000000000000000e+00 0.000000000000000000e+00
1.083423039215686288e+02 0.000000000000000000e+00 0.000000000000000000e+00
1.083752941176470586e+02 0.000000000000000000e+00 0.000000000000000000e+00
1.083791078431372483e+02 0.000000000000000000e+00 0.000000000000000000e+00
1.083966764705882326e+02 0.000000000000000000e+00 0.000000000000000000e+00
1.083266470588235251e+02 0.000000000000000000e+00 0.000000000000000000e+00
1.082947549019607862e+02 0.000000000000000000e+00 0.000000000000000000e+00
1.082607745098039231e+02 0.000000000000000000e+00 0.000000000000000000e+00
1.082499117647058853e+02 0.000000000000000000e+00 0.000000000000000000e+00
1.082134509803921532e+02 0.000000000000000000e+00 0.000000000000000000e+00
1.082187647058823501e+02 0.000000000000000000e+00 0.000000000000000000e+00
1.082624117647058881e+02 0.000000000000000000e+00 0.000000000000000000e+00
1.082254313725490249e+02 0.000000000000000000e+00 0.000000000000000000e+00
1.082117058823529447e+02 0.000000000000000000e+00 0.000000000000000000e+00
1.083261470588235227e+02 0.000000000000000000e+00 0.000000000000000000e+00
1.084176372549019618e+02 0.000000000000000000e+00 0.000000000000000000e+00
1.084375686274509860e+02 0.000000000000000000e+00 0.000000000000000000e+00
1.085445294117646995e+02 0.000000000000000000e+00 0.000000000000000000e+00
1.085530784313725547e+02 0.000000000000000000e+00 0.000000000000000000e+00
1.086445882352941226e+02 0.000000000000000000e+00 0.000000000000000000e+00
1.086941372549019604e+02 0.000000000000000000e+00 0.000000000000000000e+00
1.087678039215686283e+02 0.000000000000000000e+00 0.000000000000000000e+00
1.087967549019607816e+02 0.000000000000000000e+00 0.000000000000000000e+00
1.088505588235294113e+02 0.000000000000000000e+00 0.000000000000000000e+00
1.088504509803921536e+02 0.000000000000000000e+00 0.000000000000000000e+00
1.087279117647058797e+02 0.000000000000000000e+00 0.000000000000000000e+00
1.086789117647058873e+02 0.000000000000000000e+00 0.000000000000000000e+00
1.086607647058823574e+02 0.000000000000000000e+00 0.000000000000000000e+00
1.087307352941176504e+02 0.000000000000000000e+00 0.000000000000000000e+00
1.087968039215686247e+02 0.000000000000000000e+00 0.000000000000000000e+00
1.087922058823529454e+02 0.000000000000000000e+00 0.000000000000000000e+00
1.087943137254901984e+02 0.000000000000000000e+00 0.000000000000000000e+00
1.088241274509803986e+02 0.000000000000000000e+00 0.000000000000000000e+00
1.087564411764705881e+02 0.000000000000000000e+00 0.000000000000000000e+00
1.087711960784313732e+02 0.000000000000000000e+00 0.000000000000000000e+00
1.087307745098039220e+02 0.000000000000000000e+00 0.000000000000000000e+00
1.086675882352941187e+02 0.000000000000000000e+00 0.000000000000000000e+00
1.087296568627451023e+02 0.000000000000000000e+00 0.000000000000000000e+00
1.086360980392156819e+02 0.000000000000000000e+00 0.000000000000000000e+00
1.085947941176470550e+02 0.000000000000000000e+00 0.000000000000000000e+00
1.085285784313725514e+02 0.000000000000000000e+00 0.000000000000000000e+00
1.084426568627450962e+02 0.000000000000000000e+00 0.000000000000000000e+00
1.085398627450980342e+02 0.000000000000000000e+00 0.000000000000000000e+00
1.085172058823529397e+02 0.000000000000000000e+00 6.862745098039215537e-05
1.086620882352941209e+02 0.000000000000000000e+00 0.000000000000000000e+00
1.087741176470588300e+02 0.000000000000000000e+00 0.000000000000000000e+00
1.088183823529411711e+02 0.000000000000000000e+00 0.000000000000000000e+00
1.088409509803921509e+02 0.000000000000000000e+00 0.000000000000000000e+00
1.087633431372549069e+02 0.000000000000000000e+00 0.000000000000000000e+00
1.087172647058823571e+02 0.000000000000000000e+00 0.000000000000000000e+00
1.087615882352941128e+02 0.000000000000000000e+00 9.803921568627451251e-06
1.086703921568627464e+02 0.000000000000000000e+00 0.000000000000000000e+00
1.086459019607843146e+02 0.000000000000000000e+00 0.000000000000000000e+00
1.087343529411764678e+02 0.000000000000000000e+00 0.000000000000000000e+00
1.087865980392156899e+02 0.000000000000000000e+00 0.000000000000000000e+00
1.087488039215686229e+02 0.000000000000000000e+00 0.000000000000000000e+00
1.087709117647058861e+02 0.000000000000000000e+00 0.000000000000000000e+00
1.086630784313725542e+02 0.000000000000000000e+00 0.000000000000000000e+00
1.086418725490196096e+02 0.000000000000000000e+00 0.000000000000000000e+00
1.085789117647058788e+02 0.000000000000000000e+00 0.000000000000000000e+00
1.085516960784313767e+02 0.000000000000000000e+00 0.000000000000000000e+00
1.085558137254901965e+02 0.000000000000000000e+00 0.000000000000000000e+00
1.085480588235294164e+02 0.000000000000000000e+00 0.000000000000000000e+00
1.085584999999999951e+02 0.000000000000000000e+00 0.000000000000000000e+00
1.085304901960784321e+02 0.000000000000000000e+00 0.000000000000000000e+00
1.085433137254901936e+02 0.000000000000000000e+00 0.000000000000000000e+00
1.086070784313725426e+02 0.000000000000000000e+00 0.000000000000000000e+00
1.085906960784313782e+02 0.000000000000000000e+00 0.000000000000000000e+00
1.084842450980392101e+02 0.000000000000000000e+00 0.000000000000000000e+00
1.083416078431372540e+02 0.000000000000000000e+00 0.000000000000000000e+00
1.083555882352941211e+02 0.000000000000000000e+00 0.000000000000000000e+00
1.083356862745097970e+02 0.000000000000000000e+00 0.000000000000000000e+00
1.082971862745097980e+02 0.000000000000000000e+00 0.000000000000000000e+00
1.084168039215686292e+02 0.000000000000000000e+00 0.000000000000000000e+00
1.085285392156862798e+02 0.000000000000000000e+00 0.000000000000000000e+00
1.085722647058823469e+02 0.000000000000000000e+00 0.000000000000000000e+00
1.085898921568627458e+02 0.000000000000000000e+00 0.000000000000000000e+00
1.085567745098039154e+02 0.000000000000000000e+00 0.000000000000000000e+00
1.085995000000000061e+02 0.000000000000000000e+00 0.000000000000000000e+00
1.085680882352941126e+02 0.000000000000000000e+00 0.000000000000000000e+00
1.085984313725490154e+02 0.000000000000000000e+00 0.000000000000000000e+00
1.086372647058823588e+02 0.000000000000000000e+00 0.000000000000000000e+00
1.086920882352941220e+02 0.000000000000000000e+00 0.000000000000000000e+00
1.086772156862745078e+02 0.000000000000000000e+00 0.000000000000000000e+00
1.087118627450980455e+02 0.000000000000000000e+00 0.000000000000000000e+00
1.087060000000000031e+02 0.000000000000000000e+00 0.000000000000000000e+00
1.087800784313725444e+02 0.000000000000000000e+00 0.000000000000000000e+00
1.088454901960784298e+02 0.000000000000000000e+00 0.000000000000000000e+00
1.087437254901960841e+02 0.000000000000000000e+00 0.000000000000000000e+00
1.085871862745098042e+02 0.000000000000000000e+00 0.000000000000000000e+00
1.085316862745098092e+02 0.000000000000000000e+00 0.000000000000000000e+00
1.084694019607843103e+02 0.000000000000000000e+00 0.000000000000000000e+00
1.084246372549019668e+02 0.000000000000000000e+00 0.000000000000000000e+00
1.084120588235294065e+02 0.000000000000000000e+00 0.000000000000000000e+00
1.084358039215686205e+02 0.000000000000000000e+00 0.000000000000000000e+00
1.084195098039215708e+02 0.000000000000000000e+00 0.000000000000000000e+00
1.084250882352941119e+02 0.000000000000000000e+00 0.000000000000000000e+00
1.083929509803921576e+02 0.000000000000000000e+00 0.000000000000000000e+00
1.083842254901960729e+02 0.000000000000000000e+00 0.000000000000000000e+00
1.083656666666666695e+02 0.000000000000000000e+00 0.000000000000000000e+00
1.083192352941176466e+02 0.000000000000000000e+00 0.000000000000000000e+00
1.083585686274509783e+02 0.000000000000000000e+00 0.000000000000000000e+00
1.084022745098039167e+02 0.000000000000000000e+00 0.000000000000000000e+00
1.083772843137254966e+02 0.000000000000000000e+00 0.000000000000000000e+00
1.082751568627450922e+02 0.000000000000000000e+00 0.000000000000000000e+00
1.082673235294117688e+02 0.000000000000000000e+00 0.000000000000000000e+00
1.082377156862745124e+02 0.000000000000000000e+00 0.000000000000000000e+00
1.083445392156862681e+02 0.000000000000000000e+00 0.000000000000000000e+00
1.084264019607843181e+02 0.000000000000000000e+00 0.000000000000000000e+00
1.085065588235294172e+02 0.000000000000000000e+00 0.000000000000000000e+00
1.085392647058823599e+02 0.000000000000000000e+00 0.000000000000000000e+00
1.085850294117647081e+02 0.000000000000000000e+00 0.000000000000000000e+00
1.086168235294117608e+02 0.000000000000000000e+00 0.000000000000000000e+00
1.086053039215686340e+02 0.000000000000000000e+00 0.000000000000000000e+00
1.084669901960784273e+02 0.000000000000000000e+00 0.000000000000000000e+00
1.086032254901960812e+02 0.000000000000000000e+00 0.000000000000000000e+00
1.087175686274509872e+02 0.000000000000000000e+00 0.000000000000000000e+00
1.087221078431372518e+02 0.000000000000000000e+00 0.000000000000000000e+00
1.086704705882352897e+02 0.000000000000000000e+00 0.000000000000000000e+00
1.086225784313725455e+02 0.000000000000000000e+00 0.000000000000000000e+00
1.086173039215686345e+02 0.000000000000000000e+00 0.000000000000000000e+00
1.085391176470588306e+02 0.000000000000000000e+00 0.000000000000000000e+00
1.085454705882352897e+02 0.000000000000000000e+00 0.000000000000000000e+00
1.085683529411764709e+02 0.000000000000000000e+00 0.000000000000000000e+00
1.085434019607843084e+02 0.000000000000000000e+00 0.000000000000000000e+00
1.086350000000000051e+02 0.000000000000000000e+00 0.000000000000000000e+00
1.087413333333333298e+02 0.000000000000000000e+00 0.000000000000000000e+00
1.088070294117647023e+02 0.000000000000000000e+00 0.000000000000000000e+00
1.088797254901960798e+02 0.000000000000000000e+00 0.000000000000000000e+00
1.089035098039215654e+02 0.000000000000000000e+00 0.000000000000000000e+00
1.088639607843137185e+02 0.000000000000000000e+00 0.000000000000000000e+00
1.088438823529411792e+02 0.000000000000000000e+00 0.000000000000000000e+00
1.088043529411764752e+02 0.000000000000000000e+00 0.000000000000000000e+00
1.087417352941176460e+02 0.000000000000000000e+00 0.000000000000000000e+00
1.087126078431372491e+02 0.000000000000000000e+00 0.000000000000000000e+00
1.086488235294117715e+02 0.000000000000000000e+00 0.000000000000000000e+00
1.086517156862745139e+02 0.000000000000000000e+00 0.000000000000000000e+00
1.086365686274509841e+02 0.000000000000000000e+00 0.000000000000000000e+00
1.087089803921568603e+02 0.000000000000000000e+00 0.000000000000000000e+00
1.086775980392156811e+02 0.000000000000000000e+00 0.000000000000000000e+00
1.086367745098039279e+02 0.000000000000000000e+00 0.000000000000000000e+00
1.086875882352941147e+02 0.000000000000000000e+00 0.000000000000000000e+00
1.086424803921568696e+02 0.000000000000000000e+00 0.000000000000000000e+00
1.086135882352941167e+02 0.000000000000000000e+00 0.000000000000000000e+00
1.086575294117646990e+02 0.000000000000000000e+00 0.000000000000000000e+00
1.086477156862745090e+02 0.000000000000000000e+00 0.000000000000000000e+00
1.086769607843137209e+02 0.000000000000000000e+00 0.000000000000000000e+00
1.085911666666666662e+02 0.000000000000000000e+00 0.000000000000000000e+00
1.084975294117647024e+02 0.000000000000000000e+00 0.000000000000000000e+00
1.084119705882352918e+02 0.000000000000000000e+00 0.000000000000000000e+00
1.083217843137254874e+02 0.000000000000000000e+00 0.000000000000000000e+00
1.083400588235294180e+02 0.000000000000000000e+00 0.000000000000000000e+00
1.083503627450980389e+02 0.000000000000000000e+00 0.000000000000000000e+00
1.083177156862745107e+02 0.000000000000000000e+00 0.000000000000000000e+00
1.083647549019607794e+02 0.000000000000000000e+00 0.000000000000000000e+00
1.083810098039215717e+02 0.000000000000000000e+00 0.000000000000000000e+00
1.083805196078431408e+02 0.000000000000000000e+00 0.000000000000000000e+00
1.083204117647058808e+02 0.000000000000000000e+00 0.000000000000000000e+00
1.083969803921568626e+02 0.000000000000000000e+00 0.000000000000000000e+00
1.083911568627450919e+02 0.000000000000000000e+00 0.000000000000000000e+00
1.084136470588235284e+02 0.000000000000000000e+00 0.000000000000000000e+00
1.083561960784313669e+02 0.000000000000000000e+00 0.000000000000000000e+00
1.084022549019607879e+02 0.000000000000000000e+00 0.000000000000000000e+00
1.085345490196078373e+02 0.000000000000000000e+00 0.000000000000000000e+00
1.086477156862745090e+02 0.000000000000000000e+00 0.000000000000000000e+00
1.087113725490196146e+02 0.000000000000000000e+00 0.000000000000000000e+00
1.087161470588235233e+02 0.000000000000000000e+00 0.000000000000000000e+00
1.087725980392156799e+02 0.000000000000000000e+00 0.000000000000000000e+00
1.087163725490196100e+02 0.000000000000000000e+00 0.000000000000000000e+00
1.086427941176470569e+02 0.000000000000000000e+00 0.000000000000000000e+00
1.084796078431372592e+02 0.000000000000000000e+00 0.000000000000000000e+00
1.082428921568627516e+02 0.000000000000000000e+00 0.000000000000000000e+00
1.082494705882352974e+02 0.000000000000000000e+00 0.000000000000000000e+00
1.081407156862745040e+02 0.000000000000000000e+00 0.000000000000000000e+00
1.080202450980392115e+02 0.000000000000000000e+00 0.000000000000000000e+00
1.080158921568627477e+02 0.000000000000000000e+00 0.000000000000000000e+00
1.078977843137254951e+02 0.000000000000000000e+00 0.000000000000000000e+00
1.077474803921568594e+02 0.000000000000000000e+00 0.000000000000000000e+00
1.076048823529411749e+02 0.000000000000000000e+00 0.000000000000000000e+00
1.074476764705882346e+02 0.000000000000000000e+00 0.000000000000000000e+00
1.073659117647058849e+02 0.000000000000000000e+00 0.000000000000000000e+00
1.074186274509803951e+02 0.000000000000000000e+00 0.000000000000000000e+00
1.073710784313725526e+02 0.000000000000000000e+00 0.000000000000000000e+00
1.074384411764705902e+02 0.000000000000000000e+00 0.000000000000000000e+00
1.075023529411764684e+02 0.000000000000000000e+00 0.000000000000000000e+00
1.076077745098039173e+02 0.000000000000000000e+00 0.000000000000000000e+00
1.076697352941176433e+02 0.000000000000000000e+00 0.000000000000000000e+00
1.076445980392156798e+02 0.000000000000000000e+00 0.000000000000000000e+00
1.076309607843137286e+02 0.000000000000000000e+00 0.000000000000000000e+00
1.076060196078431375e+02 0.000000000000000000e+00 0.000000000000000000e+00
1.075674411764705951e+02 0.000000000000000000e+00 0.000000000000000000e+00
1.075743725490196141e+02 0.000000000000000000e+00 0.000000000000000000e+00
1.075594117647058852e+02 0.000000000000000000e+00 0.000000000000000000e+00
1.075948431372548981e+02 0.000000000000000000e+00 0.000000000000000000e+00
1.076318137254901899e+02 0.000000000000000000e+00 0.000000000000000000e+00
1.076793431372549037e+02 0.000000000000000000e+00 0.000000000000000000e+00
1.076733921568627466e+02 0.000000000000000000e+00 0.000000000000000000e+00
1.076534215686274507e+02 0.000000000000000000e+00 0.000000000000000000e+00
1.076036960784313692e+02 0.000000000000000000e+00 0.000000000000000000e+00
1.076629901960784252e+02 0.000000000000000000e+00 0.000000000000000000e+00
1.077155196078431345e+02 0.000000000000000000e+00 0.000000000000000000e+00
1.076642058823529453e+02 0.000000000000000000e+00 0.000000000000000000e+00
1.076992941176470566e+02 0.000000000000000000e+00 0.000000000000000000e+00
1.076941960784313750e+02 0.000000000000000000e+00 0.000000000000000000e+00
1.077617450980392135e+02 0.000000000000000000e+00 0.000000000000000000e+00
1.076620980392156923e+02 0.000000000000000000e+00 0.000000000000000000e+00
1.076756078431372572e+02 0.000000000000000000e+00 0.000000000000000000e+00
1.076129607843137279e+02 0.000000000000000000e+00 0.000000000000000000e+00
1.075162352941176493e+02 0.000000000000000000e+00 0.000000000000000000e+00
1.074655294117647060e+02 0.000000000000000000e+00 0.000000000000000000e+00
1.074264803921568614e+02 0.000000000000000000e+00 0.000000000000000000e+00
1.075217843137254903e+02 0.000000000000000000e+00 0.000000000000000000e+00
1.075355686274509850e+02 0.000000000000000000e+00 0.000000000000000000e+00
1.075263137254901977e+02 0.000000000000000000e+00 0.000000000000000000e+00
1.075099215686274476e+02 0.000000000000000000e+00 0.000000000000000000e+00
1.075492352941176506e+02 0.000000000000000000e+00 0.000000000000000000e+00
1.075461960784313789e+02 0.000000000000000000e+00 0.000000000000000000e+00
1.075066176470588175e+02 0.000000000000000000e+00 0.000000000000000000e+00
1.075215000000000032e+02 0.000000000000000000e+00 0.000000000000000000e+00
1.076053235294117627e+02 0.000000000000000000e+00 0.000000000000000000e+00
1.076769117647058778e+02 0.000000000000000000e+00 0.000000000000000000e+00
1.076855098039215619e+02 0.000000000000000000e+00 0.000000000000000000e+00
1.076635098039215706e+02 0.000000000000000000e+00 0.000000000000000000e+00
1.076618039215686338e+02 0.000000000000000000e+00 0.000000000000000000e+00
1.076416470588235228e+02 0.000000000000000000e+00 0.000000000000000000e+00
1.076398333333333284e+02 0.000000000000000000e+00 0.000000000000000000e+00
1.076964313725490143e+02 0.000000000000000000e+00 0.000000000000000000e+00
1.076898921568627401e+02 0.000000000000000000e+00 0.000000000000000000e+00
1.077433627450980396e+02 0.000000000000000000e+00 0.000000000000000000e+00
1.078785098039215740e+02 0.000000000000000000e+00 0.000000000000000000e+00
1.079268627450980347e+02 0.000000000000000000e+00 0.000000000000000000e+00
1.079269607843137209e+02 0.000000000000000000e+00 0.000000000000000000e+00
1.081247352941176416e+02 0.000000000000000000e+00 0.000000000000000000e+00
1.081351176470588200e+02 0.000000000000000000e+00 0.000000000000000000e+00
1.080163725490196072e+02 0.000000000000000000e+00 0.000000000000000000e+00
1.079725588235294111e+02 0.000000000000000000e+00 0.000000000000000000e+00
1.079145000000000039e+02 0.000000000000000000e+00 0.000000000000000000e+00
1.079124313725490225e+02 0.000000000000000000e+00 0.000000000000000000e+00
1.078264803921568671e+02 0.000000000000000000e+00 0.000000000000000000e+00
1.078095882352941146e+02 0.000000000000000000e+00 0.000000000000000000e+00
1.078156274509803865e+02 0.000000000000000000e+00 0.000000000000000000e+00
1.077080588235294130e+02 0.000000000000000000e+00 0.000000000000000000e+00
1.077104411764705816e+02 0.000000000000000000e+00 0.000000000000000000e+00
1.076674215686274465e+02 0.000000000000000000e+00 0.000000000000000000e+00
1.077434117647058827e+02 0.000000000000000000e+00 0.000000000000000000e+00
1.077053235294117712e+02 0.000000000000000000e+00 0.000000000000000000e+00
1.076580392156862729e+02 0.000000000000000000e+00 0.000000000000000000e+00
1.076439411764705909e+02 0.000000000000000000e+00 0.000000000000000000e+00
1.074453823529411807e+02 0.000000000000000000e+00 0.000000000000000000e+00
1.074017941176470572e+02 0.000000000000000000e+00 0.000000000000000000e+00
1.074183823529411796e+02 0.000000000000000000e+00 0.000000000000000000e+00
1.074429705882352977e+02 0.000000000000000000e+00 0.000000000000000000e+00
1.074059803921568630e+02 0.000000000000000000e+00 0.000000000000000000e+00
1.074055588235294181e+02 0.000000000000000000e+00 0.000000000000000000e+00
1.073825294117647076e+02 0.000000000000000000e+00 0.000000000000000000e+00
1.074566078431372489e+02 0.000000000000000000e+00 0.000000000000000000e+00
1.074815588235294115e+02 0.000000000000000000e+00 0.000000000000000000e+00
1.074797450980392171e+02 0.000000000000000000e+00 0.000000000000000000e+00
1.074725294117647110e+02 0.000000000000000000e+00 0.000000000000000000e+00
1.075318627450980387e+02 0.000000000000000000e+00 0.000000000000000000e+00
1.075059803921568573e+02 0.000000000000000000e+00 0.000000000000000000e+00
1.075205392156862700e+02 0.000000000000000000e+00 0.000000000000000000e+00
1.075408039215686244e+02 0.000000000000000000e+00 0.000000000000000000e+00
1.075161274509803917e+02 0.000000000000000000e+00 0.000000000000000000e+00
1.075275784313725467e+02 0.000000000000000000e+00 0.000000000000000000e+00
1.074900686274509809e+02 0.000000000000000000e+00 0.000000000000000000e+00
1.075058529411764709e+02 0.000000000000000000e+00 0.000000000000000000e+00
1.074715588235294064e+02 0.000000000000000000e+00 0.000000000000000000e+00
1.075102058823529347e+02 0.000000000000000000e+00 0.000000000000000000e+00
1.075240196078431438e+02 0.000000000000000000e+00 0.000000000000000000e+00
1.074998725490196136e+02 0.000000000000000000e+00 0.000000000000000000e+00
1.075210882352941155e+02 0.000000000000000000e+00 0.000000000000000000e+00
1.075647549019607823e+02 0.000000000000000000e+00 0.000000000000000000e+00
1.074952745098039202e+02 0.000000000000000000e+00 0.000000000000000000e+00
1.075448823529411726e+02 0.000000000000000000e+00 0.000000000000000000e+00
1.075468627450980392e+02 0.000000000000000000e+00 0.000000000000000000e+00
1.075040098039215621e+02 0.000000000000000000e+00 0.000000000000000000e+00
1.074650392156862750e+02 0.000000000000000000e+00 0.000000000000000000e+00
1.074828921568627464e+02 0.000000000000000000e+00 0.000000000000000000e+00
1.074758725490196127e+02 0.000000000000000000e+00 0.000000000000000000e+00
1.074312843137254845e+02 0.000000000000000000e+00 0.000000000000000000e+00
1.073864607843137264e+02 0.000000000000000000e+00 0.000000000000000000e+00
1.074074803921568559e+02 0.000000000000000000e+00 0.000000000000000000e+00
1.074594803921568626e+02 0.000000000000000000e+00 0.000000000000000000e+00
1.074311568627450981e+02 0.000000000000000000e+00 0.000000000000000000e+00
1.074818235294117699e+02 0.000000000000000000e+00 0.000000000000000000e+00
1.076196568627451029e+02 0.000000000000000000e+00 0.000000000000000000e+00
1.076044705882352872e+02 0.000000000000000000e+00 0.000000000000000000e+00
1.076564999999999941e+02 0.000000000000000000e+00 0.000000000000000000e+00
1.076829411764705924e+02 0.000000000000000000e+00 0.000000000000000000e+00
1.077193823529411816e+02 0.000000000000000000e+00 0.000000000000000000e+00
1.077009215686274501e+02 0.000000000000000000e+00 0.000000000000000000e+00
1.077517254901960797e+02 0.000000000000000000e+00 0.000000000000000000e+00
1.077322352941176433e+02 0.000000000000000000e+00 0.000000000000000000e+00
1.077316862745097978e+02 0.000000000000000000e+00 0.000000000000000000e+00
1.076985882352941246e+02 0.000000000000000000e+00 0.000000000000000000e+00
1.076635980392156853e+02 0.000000000000000000e+00 0.000000000000000000e+00
1.076803039215686226e+02 0.000000000000000000e+00 0.000000000000000000e+00
1.076986274509803962e+02 0.000000000000000000e+00 0.000000000000000000e+00
1.077420000000000044e+02 0.000000000000000000e+00 0.000000000000000000e+00
1.077418235294117608e+02 0.000000000000000000e+00 0.000000000000000000e+00
1.078366078431372586e+02 0.000000000000000000e+00 0.000000000000000000e+00
1.077592352941176443e+02 0.000000000000000000e+00 0.000000000000000000e+00
1.076692843137254840e+02 0.000000000000000000e+00 0.000000000000000000e+00
1.076461274509803872e+02 0.000000000000000000e+00 0.000000000000000000e+00
1.075559215686274541e+02 0.000000000000000000e+00 0.000000000000000000e+00
1.075921666666666709e+02 0.000000000000000000e+00 0.000000000000000000e+00
1.076446078431372513e+02 0.000000000000000000e+00 0.000000000000000000e+00
1.075794411764705814e+02 0.000000000000000000e+00 0.000000000000000000e+00
1.075925392156862728e+02 0.000000000000000000e+00 0.000000000000000000e+00
1.076271176470588244e+02 0.000000000000000000e+00 0.000000000000000000e+00
1.077163235294117669e+02 0.000000000000000000e+00 0.000000000000000000e+00
1.077233823529411723e+02 0.000000000000000000e+00 0.000000000000000000e+00
1.076189803921568569e+02 0.000000000000000000e+00 0.000000000000000000e+00
1.076471960784313779e+02 0.000000000000000000e+00 0.000000000000000000e+00
1.075157745098039186e+02 0.000000000000000000e+00 0.000000000000000000e+00
1.076065686274509829e+02 0.000000000000000000e+00 0.000000000000000000e+00
1.076089509803921516e+02 0.000000000000000000e+00 0.000000000000000000e+00
1.075975196078431395e+02 0.000000000000000000e+00 0.000000000000000000e+00
1.075112254901960824e+02 0.000000000000000000e+00 0.000000000000000000e+00
1.076286764705882320e+02 0.000000000000000000e+00 0.000000000000000000e+00
1.076324705882352930e+02 0.000000000000000000e+00 0.000000000000000000e+00
1.075724705882352907e+02 0.000000000000000000e+00 0.000000000000000000e+00
1.076279313725490141e+02 0.000000000000000000e+00 0.000000000000000000e+00
1.076502156862745068e+02 0.000000000000000000e+00 0.000000000000000000e+00
1.076599607843137250e+02 0.000000000000000000e+00 0.000000000000000000e+00
1.077614705882352979e+02 0.000000000000000000e+00 0.000000000000000000e+00
1.076953627450980377e+02 0.000000000000000000e+00 0.000000000000000000e+00
1.077639607843137242e+02 0.000000000000000000e+00 0.000000000000000000e+00
1.077747843137254904e+02 0.000000000000000000e+00 0.000000000000000000e+00
1.077662745098039210e+02 0.000000000000000000e+00 0.000000000000000000e+00
1.077624313725490168e+02 0.000000000000000000e+00 0.000000000000000000e+00
1.077791960784313687e+02 0.000000000000000000e+00 0.000000000000000000e+00
1.078059019607843112e+02 0.000000000000000000e+00 0.000000000000000000e+00
1.078210392156862696e+02 0.000000000000000000e+00 0.000000000000000000e+00
1.078018235294117630e+02 0.000000000000000000e+00 0.000000000000000000e+00
1.079027352941176474e+02 0.000000000000000000e+00 0.000000000000000000e+00
1.078677254901960794e+02 0.000000000000000000e+00 0.000000000000000000e+00
1.076765490196078474e+02 0.000000000000000000e+00 0.000000000000000000e+00
1.075057745098039277e+02 0.000000000000000000e+00 0.000000000000000000e+00
1.074750784313725518e+02 0.000000000000000000e+00 0.000000000000000000e+00
1.075233333333333263e+02 0.000000000000000000e+00 0.000000000000000000e+00
1.075612352941176511e+02 0.000000000000000000e+00 0.000000000000000000e+00
1.075743333333333283e+02 0.000000000000000000e+00 0.000000000000000000e+00
1.076207058823529366e+02 0.000000000000000000e+00 0.000000000000000000e+00
1.076510392156862679e+02 0.000000000000000000e+00 0.000000000000000000e+00
1.076920882352941220e+02 0.000000000000000000e+00 0.000000000000000000e+00
1.076314607843137310e+02 0.000000000000000000e+00 0.000000000000000000e+00
1.076996078431372581e+02 0.000000000000000000e+00 0.000000000000000000e+00
1.077252941176470529e+02 0.000000000000000000e+00 0.000000000000000000e+00
1.076545196078431417e+02 0.000000000000000000e+00 0.000000000000000000e+00
1.075433725490196082e+02 0.000000000000000000e+00 0.000000000000000000e+00
1.075890588235294132e+02 0.000000000000000000e+00 0.000000000000000000e+00
1.076271470588235246e+02 0.000000000000000000e+00 0.000000000000000000e+00
1.076801568627450933e+02 0.000000000000000000e+00 0.000000000000000000e+00
1.076864411764705949e+02 0.000000000000000000e+00 0.000000000000000000e+00
1.076916078431372483e+02 0.000000000000000000e+00 0.000000000000000000e+00
1.076274411764705832e+02 0.000000000000000000e+00 0.000000000000000000e+00
1.077715098039215746e+02 0.000000000000000000e+00 0.000000000000000000e+00
1.078577941176470603e+02 0.000000000000000000e+00 0.000000000000000000e+00
1.078448823529411698e+02 0.000000000000000000e+00 0.000000000000000000e+00
1.079137941176470576e+02 0.000000000000000000e+00 0.000000000000000000e+00
1.079130392156862683e+02 0.000000000000000000e+00 0.000000000000000000e+00
1.079283431372548989e+02 0.000000000000000000e+00 0.000000000000000000e+00
1.079745392156862778e+02 0.000000000000000000e+00 0.000000000000000000e+00
1.079480196078431362e+02 0.000000000000000000e+00 0.000000000000000000e+00
1.079635686274509823e+02 0.000000000000000000e+00 0.000000000000000000e+00
1.079405294117647003e+02 0.000000000000000000e+00 0.000000000000000000e+00
1.079963627450980397e+02 0.000000000000000000e+00 0.000000000000000000e+00
1.080344607843137226e+02 0.000000000000000000e+00 0.000000000000000000e+00
1.080535980392156858e+02 0.000000000000000000e+00 0.000000000000000000e+00
1.080495196078431377e+02 0.000000000000000000e+00 0.000000000000000000e+00
1.079510882352941223e+02 0.000000000000000000e+00 0.000000000000000000e+00
1.078565490196078400e+02 0.000000000000000000e+00 0.000000000000000000e+00
1.078355588235294107e+02 0.000000000000000000e+00 0.000000000000000000e+00
1.077892843137254886e+02 0.000000000000000000e+00 0.000000000000000000e+00
1.077601666666666631e+02 0.000000000000000000e+00 0.000000000000000000e+00
1.077183333333333337e+02 0.000000000000000000e+00 0.000000000000000000e+00
1.077652549019607875e+02 0.000000000000000000e+00 0.000000000000000000e+00
1.077626274509803892e+02 0.000000000000000000e+00 0.000000000000000000e+00
1.077185588235294063e+02 0.000000000000000000e+00 0.000000000000000000e+00
1.077878921568627391e+02 0.000000000000000000e+00 0.000000000000000000e+00
1.078358333333333263e+02 0.000000000000000000e+00 0.000000000000000000e+00
1.078404215686274483e+02 0.000000000000000000e+00 0.000000000000000000e+00
1.078066862745098007e+02 0.000000000000000000e+00 0.000000000000000000e+00
1.076679607843137205e+02 0.000000000000000000e+00 0.000000000000000000e+00
1.077063039215686331e+02 0.000000000000000000e+00 9.803921568627451251e-06
1.076823921568627469e+02 0.000000000000000000e+00 0.000000000000000000e+00
1.077347254901960838e+02 0.000000000000000000e+00 0.000000000000000000e+00
1.077191372549019661e+02 0.000000000000000000e+00 0.000000000000000000e+00
1.077077647058823544e+02 0.000000000000000000e+00 0.000000000000000000e+00
1.077850686274509826e+02 0.000000000000000000e+00 0.000000000000000000e+00
1.077864215686274463e+02 0.000000000000000000e+00 0.000000000000000000e+00
1.078105098039215619e+02 0.000000000000000000e+00 0.000000000000000000e+00
1.077640196078431387e+02 0.000000000000000000e+00 0.000000000000000000e+00
1.077678333333333285e+02 0.000000000000000000e+00 0.000000000000000000e+00
1.078046568627450910e+02 0.000000000000000000e+00 0.000000000000000000e+00
1.077601176470588200e+02 0.000000000000000000e+00 0.000000000000000000e+00
1.078499607843137227e+02 0.000000000000000000e+00 0.000000000000000000e+00
1.078226764705882346e+02 0.000000000000000000e+00 0.000000000000000000e+00
1.077947941176470579e+02 0.000000000000000000e+00 0.000000000000000000e+00
1.077662156862745064e+02 0.000000000000000000e+00 0.000000000000000000e+00
1.077410686274509857e+02 0.000000000000000000e+00 0.000000000000000000e+00
1.077172745098039286e+02 0.000000000000000000e+00 0.000000000000000000e+00
1.077202647058823572e+02 0.000000000000000000e+00 0.000000000000000000e+00
1.077216666666666640e+02 0.000000000000000000e+00 0.000000000000000000e+00
1.076604215686274557e+02 0.000000000000000000e+00 0.000000000000000000e+00
1.075870196078431320e+02 0.000000000000000000e+00 0.000000000000000000e+00
1.075479313725490158e+02 0.000000000000000000e+00 0.000000000000000000e+00
1.074337058823529389e+02 0.000000000000000000e+00 0.000000000000000000e+00
1.073792254901960774e+02 0.000000000000000000e+00 0.000000000000000000e+00
1.072092058823529470e+02 0.000000000000000000e+00 0.000000000000000000e+00
1.072693039215686213e+02 0.000000000000000000e+00 0.000000000000000000e+00
1.072582745098039254e+02 0.000000000000000000e+00 0.000000000000000000e+00
1.072810882352941206e+02 0.000000000000000000e+00 0.000000000000000000e+00
1.072382352941176435e+02 0.000000000000000000e+00 0.000000000000000000e+00
1.072563921568627450e+02 0.000000000000000000e+00 0.000000000000000000e+00
1.071709901960784350e+02 0.000000000000000000e+00 0.000000000000000000e+00
1.071050392156862756e+02 0.000000000000000000e+00 0.000000000000000000e+00
1.070751078431372605e+02 0.000000000000000000e+00 0.000000000000000000e+00
1.069607450980392116e+02 0.000000000000000000e+00 0.000000000000000000e+00
1.068971274509803919e+02 0.000000000000000000e+00 0.000000000000000000e+00
1.068763333333333350e+02 0.000000000000000000e+00 0.000000000000000000e+00
1.068996862745098042e+02 0.000000000000000000e+00 0.000000000000000000e+00
1.069793725490196010e+02 0.000000000000000000e+00 0.000000000000000000e+00
1.069883725490196014e+02 0.000000000000000000e+00 0.000000000000000000e+00
1.070335588235294182e+02 0.000000000000000000e+00 0.000000000000000000e+00
1.069600588235294083e+02 0.000000000000000000e+00 0.000000000000000000e+00
1.068846274509803891e+02 0.000000000000000000e+00 0.000000000000000000e+00
1.068962941176470594e+02 0.000000000000000000e+00 0.000000000000000000e+00
1.069114313725490177e+02 0.000000000000000000e+00 0.000000000000000000e+00
1.069329803921568640e+02 0.000000000000000000e+00 0.000000000000000000e+00
1.070287745098039238e+02 0.000000000000000000e+00 0.000000000000000000e+00
1.070935098039215632e+02 0.000000000000000000e+00 0.000000000000000000e+00
1.071367156862745134e+02 0.000000000000000000e+00 0.000000000000000000e+00
1.072003529411764760e+02 0.000000000000000000e+00 0.000000000000000000e+00
1.072925098039215754e+02 0.000000000000000000e+00 0.000000000000000000e+00
1.074032647058823500e+02 0.000000000000000000e+00 0.000000000000000000e+00
1.073967549019607901e+02 0.000000000000000000e+00 0.000000000000000000e+00
1.073979607843137245e+02 0.000000000000000000e+00 0.000000000000000000e+00
1.072996764705882384e+02 0.000000000000000000e+00 0.000000000000000000e+00
1.072880686274509827e+02 0.000000000000000000e+00 0.000000000000000000e+00
1.072750294117647059e+02 0.000000000000000000e+00 0.000000000000000000e+00
1.071739607843137208e+02 0.000000000000000000e+00 0.000000000000000000e+00
1.071290490196078480e+02 0.000000000000000000e+00 0.000000000000000000e+00
1.070716470588235296e+02 0.000000000000000000e+00 0.000000000000000000e+00
1.069418333333333351e+02 0.000000000000000000e+00 0.000000000000000000e+00
1.068851960784313775e+02 0.000000000000000000e+00 0.000000000000000000e+00
1.068230686274509793e+02 0.000000000000000000e+00 0.000000000000000000e+00
1.067349509803921563e+02 0.000000000000000000e+00 0.000000000000000000e+00
1.067275588235294066e+02 0.000000000000000000e+00 0.000000000000000000e+00
1.067568921568627474e+02 0.000000000000000000e+00 0.000000000000000000e+00
1.067025686274509866e+02 0.000000000000000000e+00 0.000000000000000000e+00
1.067069117647058789e+02 0.000000000000000000e+00 0.000000000000000000e+00
1.067074803921568673e+02 0.000000000000000000e+00 0.000000000000000000e+00
1.067404313725490255e+02 0.000000000000000000e+00 0.000000000000000000e+00
1.067628725490196047e+02 0.000000000000000000e+00 0.000000000000000000e+00
1.067290686274509852e+02 0.000000000000000000e+00 0.000000000000000000e+00
1.067818333333333385e+02 0.000000000000000000e+00 0.000000000000000000e+00
1.068225000000000051e+02 0.000000000000000000e+00 0.000000000000000000e+00
1.068992352941176449e+02 0.000000000000000000e+00 0.000000000000000000e+00
1.069731470588235283e+02 0.000000000000000000e+00 0.000000000000000000e+00
1.070217254901960757e+02 0.000000000000000000e+00 0.000000000000000000e+00
1.071022058823529477e+02 0.000000000000000000e+00 0.000000000000000000e+00
1.072238333333333316e+02 0.000000000000000000e+00 0.000000000000000000e+00
1.072462941176470537e+02 0.000000000000000000e+00 0.000000000000000000e+00
1.073088039215686251e+02 0.000000000000000000e+00 0.000000000000000000e+00
1.073480686274509850e+02 0.000000000000000000e+00 0.000000000000000000e+00
1.073574901960784302e+02 0.000000000000000000e+00 0.000000000000000000e+00
1.074147843137254910e+02 0.000000000000000000e+00 0.000000000000000000e+00
1.074314901960784283e+02 0.000000000000000000e+00 0.000000000000000000e+00
1.074471078431372604e+02 0.000000000000000000e+00 0.000000000000000000e+00
1.075626372549019578e+02 0.000000000000000000e+00 0.000000000000000000e+00
1.075798627450980405e+02 0.000000000000000000e+00 0.000000000000000000e+00
1.075918627450980409e+02 0.000000000000000000e+00 0.000000000000000000e+00
1.076114607843137208e+02 0.000000000000000000e+00 0.000000000000000000e+00
1.076004509803921536e+02 0.000000000000000000e+00 0.000000000000000000e+00
1.075405784313725519e+02 0.000000000000000000e+00 0.000000000000000000e+00
1.075200784313725535e+02 0.000000000000000000e+00 0.000000000000000000e+00
1.074602254901960805e+02 0.000000000000000000e+00 0.000000000000000000e+00
1.074806274509803927e+02 0.000000000000000000e+00 0.000000000000000000e+00
1.075516764705882338e+02 0.000000000000000000e+00 0.000000000000000000e+00
1.075491960784313790e+02 0.000000000000000000e+00 0.000000000000000000e+00
1.075479313725490158e+02 0.000000000000000000e+00 0.000000000000000000e+00
1.075035784313725458e+02 0.000000000000000000e+00 0.000000000000000000e+00
1.074708823529411745e+02 0.000000000000000000e+00 0.000000000000000000e+00
1.074940098039215712e+02 0.000000000000000000e+00 0.000000000000000000e+00
1.076136666666666599e+02 0.000000000000000000e+00 0.000000000000000000e+00
1.076300882352941244e+02 0.000000000000000000e+00 0.000000000000000000e+00
1.076967156862745156e+02 0.000000000000000000e+00 0.000000000000000000e+00
1.077088823529411741e+02 0.000000000000000000e+00 0.000000000000000000e+00
1.077660490196078484e+02 0.000000000000000000e+00 0.000000000000000000e+00
1.077928431372549056e+02 0.000000000000000000e+00 0.000000000000000000e+00
1.078016568627451051e+02 0.000000000000000000e+00 0.000000000000000000e+00
1.078528627450980366e+02 0.000000000000000000e+00 0.000000000000000000e+00
1.078066470588235291e+02 0.000000000000000000e+00 0.000000000000000000e+00
1.078265196078431387e+02 0.000000000000000000e+00 0.000000000000000000e+00
1.078009411764705874e+02 0.000000000000000000e+00 0.000000000000000000e+00
1.077830588235294158e+02 0.000000000000000000e+00 0.000000000000000000e+00
1.077559901960784288e+02 0.000000000000000000e+00 0.000000000000000000e+00
1.078024411764705945e+02 0.000000000000000000e+00 0.000000000000000000e+00
1.077040392156862794e+02 0.000000000000000000e+00 0.000000000000000000e+00
1.077546078431372507e+02 0.000000000000000000e+00 0.000000000000000000e+00
1.078664215686274446e+02 0.000000000000000000e+00 0.000000000000000000e+00
1.079709411764705891e+02 0.000000000000000000e+00 0.000000000000000000e+00
1.080290196078431393e+02 0.000000000000000000e+00 0.000000000000000000e+00
1.080379509803921536e+02 0.000000000000000000e+00 0.000000000000000000e+00
1.079885882352941167e+02 0.000000000000000000e+00 0.000000000000000000e+00
1.079862941176470628e+02 0.000000000000000000e+00 0.000000000000000000e+00
1.079440686274509744e+02 0.000000000000000000e+00 0.000000000000000000e+00
1.079047843137254858e+02 0.000000000000000000e+00 0.000000000000000000e+00
1.079121470588235354e+02 0.000000000000000000e+00 0.000000000000000000e+00
1.080226862745098089e+02 0.000000000000000000e+00 0.000000000000000000e+00
1.078692058823529436e+02 0.000000000000000000e+00 0.000000000000000000e+00
1.078996764705882327e+02 0.000000000000000000e+00 0.000000000000000000e+00
1.078510196078431420e+02 0.000000000000000000e+00 0.000000000000000000e+00
1.079610784313725560e+02 0.000000000000000000e+00 0.000000000000000000e+00
1.079360098039215643e+02 0.000000000000000000e+00 0.000000000000000000e+00
1.079636764705882399e+02 0.000000000000000000e+00 0.000000000000000000e+00
1.080314019607843079e+02 0.000000000000000000e+00 0.000000000000000000e+00
1.080630980392156886e+02 0.000000000000000000e+00 0.000000000000000000e+00
1.080704901960784383e+02 0.000000000000000000e+00 0.000000000000000000e+00
1.081076960784313741e+02 0.000000000000000000e+00 0.000000000000000000e+00
1.081785784313725429e+02 0.000000000000000000e+00 0.000000000000000000e+00
1.081974509803921620e+02 0.000000000000000000e+00 0.000000000000000000e+00
1.082388921568627467e+02 0.000000000000000000e+00 0.000000000000000000e+00
1.082556274509803984e+02 0.000000000000000000e+00 0.000000000000000000e+00
1.083104019607843185e+02 0.000000000000000000e+00 0.000000000000000000e+00
1.082941372549019547e+02 0.000000000000000000e+00 0.000000000000000000e+00
1.083163823529411758e+02 0.000000000000000000e+00 0.000000000000000000e+00
1.084064215686274508e+02 0.000000000000000000e+00 0.000000000000000000e+00
1.084553921568627430e+02 0.000000000000000000e+00 0.000000000000000000e+00
1.085499803921568684e+02 0.000000000000000000e+00 0.000000000000000000e+00
1.085588725490196111e+02 0.000000000000000000e+00 0.000000000000000000e+00
1.086748137254901962e+02 0.000000000000000000e+00 0.000000000000000000e+00
1.087351078431372571e+02 0.000000000000000000e+00 0.000000000000000000e+00
1.086820196078431309e+02 0.000000000000000000e+00 0.000000000000000000e+00
1.086723137254901985e+02 0.000000000000000000e+00 0.000000000000000000e+00
1.085868921568627457e+02 0.000000000000000000e+00 0.000000000000000000e+00
1.084976176470588172e+02 0.000000000000000000e+00 0.000000000000000000e+00
1.084165392156862708e+02 0.000000000000000000e+00 0.000000000000000000e+00
1.084959215686274518e+02 0.000000000000000000e+00 0.000000000000000000e+00
1.085411568627450976e+02 0.000000000000000000e+00 0.000000000000000000e+00
1.085021274509803959e+02 0.000000000000000000e+00 0.000000000000000000e+00
1.084670098039215702e+02 0.000000000000000000e+00 0.000000000000000000e+00
1.085035196078431312e+02 0.000000000000000000e+00 0.000000000000000000e+00
1.085229999999999961e+02 0.000000000000000000e+00 0.000000000000000000e+00
1.085251960784313781e+02 0.000000000000000000e+00 0.000000000000000000e+00
1.084947254901960747e+02 0.000000000000000000e+00 0.000000000000000000e+00
1.084365588235294098e+02 0.000000000000000000e+00 0.000000000000000000e+00
1.084644019607843148e+02 0.000000000000000000e+00 0.000000000000000000e+00
1.085284019607843078e+02 0.000000000000000000e+00 0.000000000000000000e+00
1.084915490196078451e+02 0.000000000000000000e+00 0.000000000000000000e+00
1.084931960784313674e+02 0.000000000000000000e+00 0.000000000000000000e+00
1.086304019607843117e+02 0.000000000000000000e+00 0.000000000000000000e+00
1.085426470588235333e+02 0.000000000000000000e+00 0.000000000000000000e+00
1.085926862745098020e+02 0.000000000000000000e+00 0.000000000000000000e+00
1.086633137254901982e+02 0.000000000000000000e+00 0.000000000000000000e+00
1.087560000000000002e+02 0.000000000000000000e+00 0.000000000000000000e+00
1.088207549019607825e+02 0.000000000000000000e+00 0.000000000000000000e+00
1.088350490196078368e+02 0.000000000000000000e+00 0.000000000000000000e+00
1.088441274509803947e+02 0.000000000000000000e+00 0.000000000000000000e+00
1.087977450980392149e+02 0.000000000000000000e+00 0.000000000000000000e+00
1.088073627450980325e+02 0.000000000000000000e+00 0.000000000000000000e+00
1.087585294117647123e+02 0.000000000000000000e+00 0.000000000000000000e+00
1.086511666666666684e+02 0.000000000000000000e+00 0.000000000000000000e+00
1.086848431372549015e+02 0.000000000000000000e+00 0.000000000000000000e+00
1.086201274509803909e+02 0.000000000000000000e+00 0.000000000000000000e+00
1.086060098039215660e+02 0.000000000000000000e+00 0.000000000000000000e+00
1.086098921568627418e+02 0.000000000000000000e+00 0.000000000000000000e+00
1.085968235294117648e+02 0.000000000000000000e+00 0.000000000000000000e+00
1.086061078431372522e+02 0.000000000000000000e+00 0.000000000000000000e+00
1.086347647058823469e+02 0.000000000000000000e+00 0.000000000000000000e+00
1.086235098039215643e+02 0.000000000000000000e+00 0.000000000000000000e+00
1.086313431372549019e+02 0.000000000000000000e+00 0.000000000000000000e+00
1.086962156862745132e+02 0.000000000000000000e+00 0.000000000000000000e+00
1.086795588235294048e+02 0.000000000000000000e+00 0.000000000000000000e+00
1.087289607843137276e+02 0.000000000000000000e+00 0.000000000000000000e+00
1.086326666666666654e+02 0.000000000000000000e+00 0.000000000000000000e+00
1.086649803921568633e+02 0.000000000000000000e+00 0.000000000000000000e+00
1.086870784313725551e+02 0.000000000000000000e+00 0.000000000000000000e+00
1.086856470588235339e+02 0.000000000000000000e+00 0.000000000000000000e+00
1.086911568627451032e+02 0.000000000000000000e+00 0.000000000000000000e+00
1.087747647058823475e+02 0.000000000000000000e+00 0.000000000000000000e+00
1.088359705882352984e+02 0.000000000000000000e+00 0.000000000000000000e+00
1.089327156862745056e+02 0.000000000000000000e+00 0.000000000000000000e+00
1.090372254901960787e+02 0.000000000000000000e+00 0.000000000000000000e+00
1.090017549019607799e+02 0.000000000000000000e+00 0.000000000000000000e+00
1.090693627450980330e+02 0.000000000000000000e+00 0.000000000000000000e+00
1.091086764705882359e+02 0.000000000000000000e+00 0.000000000000000000e+00
1.090926960784313735e+02 0.000000000000000000e+00 0.000000000000000000e+00
1.090678627450980400e+02 0.000000000000000000e+00 0.000000000000000000e+00
1.091812058823529412e+02 0.000000000000000000e+00 0.000000000000000000e+00
1.091924313725490236e+02 0.000000000000000000e+00 0.000000000000000000e+00
1.092619313725490144e+02 0.000000000000000000e+00 0.000000000000000000e+00
1.092165882352941111e+02 0.000000000000000000e+00 0.000000000000000000e+00
1.092237352941176454e+02 0.000000000000000000e+00 0.000000000000000000e+00
1.091457549019607853e+02 0.000000000000000000e+00 0.000000000000000000e+00
1.089684117647058770e+02 0.000000000000000000e+00 0.000000000000000000e+00
1.088160686274509743e+02 0.000000000000000000e+00 0.000000000000000000e+00
1.087278235294117650e+02 0.000000000000000000e+00 0.000000000000000000e+00
1.086745980392156810e+02 0.000000000000000000e+00 0.000000000000000000e+00
1.086442058823529351e+02 0.000000000000000000e+00 0.000000000000000000e+00
1.087024117647058858e+02 0.000000000000000000e+00 0.000000000000000000e+00
1.087369999999999948e+02 0.000000000000000000e+00 0.000000000000000000e+00
1.088191960784313750e+02 0.000000000000000000e+00 0.000000000000000000e+00
1.088769607843137237e+02 0.000000000000000000e+00 0.000000000000000000e+00
1.088672254901960770e+02 0.000000000000000000e+00 0.000000000000000000e+00
1.089662254901960807e+02 0.000000000000000000e+00 0.000000000000000000e+00
1.089793235294117579e+02 0.000000000000000000e+00 0.000000000000000000e+00
1.090407352941176526e+02 0.000000000000000000e+00 0.000000000000000000e+00
1.091075588235294163e+02 0.000000000000000000e+00 0.000000000000000000e+00
1.090593039215686275e+02 0.000000000000000000e+00 0.000000000000000000e+00
1.089538039215686211e+02 0.000000000000000000e+00 0.000000000000000000e+00
1.089501764705882323e+02 0.000000000000000000e+00 0.000000000000000000e+00
1.089027254901960760e+02 0.000000000000000000e+00 0.000000000000000000e+00
1.089000686274509775e+02 0.000000000000000000e+00 0.000000000000000000e+00
1.088463235294117624e+02 0.000000000000000000e+00 0.000000000000000000e+00
1.089372647058823560e+02 0.000000000000000000e+00 0.000000000000000000e+00
1.089845098039215685e+02 0.000000000000000000e+00 0.000000000000000000e+00
1.089735392156862730e+02 0.000000000000000000e+00 0.000000000000000000e+00
1.089783921568627392e+02 0.000000000000000000e+00 0.000000000000000000e+00
1.091206764705882364e+02 0.000000000000000000e+00 0.000000000000000000e+00
1.091171372549019623e+02 0.000000000000000000e+00 0.000000000000000000e+00
1.090715980392156865e+02 0.000000000000000000e+00 0.000000000000000000e+00
1.091133039215686296e+02 0.000000000000000000e+00 0.000000000000000000e+00
1.091413431372549070e+02 0.000000000000000000e+00 0.000000000000000000e+00
1.090282352941176498e+02 0.000000000000000000e+00 0.000000000000000000e+00
1.089323725490196040e+02 0.000000000000000000e+00 0.000000000000000000e+00
1.088133431372549040e+02 0.000000000000000000e+00 0.000000000000000000e+00
1.087533725490196019e+02 0.000000000000000000e+00 0.000000000000000000e+00
1.087054803921568578e+02 0.000000000000000000e+00 0.000000000000000000e+00
1.086911274509803889e+02 0.000000000000000000e+00 0.000000000000000000e+00
1.086565784313725516e+02 0.000000000000000000e+00 0.000000000000000000e+00
1.086414215686274503e+02 0.000000000000000000e+00 0.000000000000000000e+00
1.086586960784313760e+02 0.000000000000000000e+00 0.000000000000000000e+00
1.085551176470588217e+02 0.000000000000000000e+00 0.000000000000000000e+00
1.085419705882352872e+02 0.000000000000000000e+00 0.000000000000000000e+00
1.085396470588235331e+02 0.000000000000000000e+00 0.000000000000000000e+00
1.085856960784313685e+02 0.000000000000000000e+00 0.000000000000000000e+00
1.086694313725490133e+02 0.000000000000000000e+00 0.000000000000000000e+00
1.087121764705882327e+02 0.000000000000000000e+00 0.000000000000000000e+00
1.086479019607843099e+02 0.000000000000000000e+00 0.000000000000000000e+00
1.086533431372549074e+02 0.000000000000000000e+00 0.000000000000000000e+00
1.086463921568627455e+02 0.000000000000000000e+00 0.000000000000000000e+00
1.086559607843137201e+02 0.000000000000000000e+00 0.000000000000000000e+00
1.087474803921568594e+02 0.000000000000000000e+00 0.000000000000000000e+00
1.086987745098039255e+02 0.000000000000000000e+00 0.000000000000000000e+00
1.087550294117647098e+02 0.000000000000000000e+00 0.000000000000000000e+00
1.087290392156862708e+02 0.000000000000000000e+00 0.000000000000000000e+00
1.087740980392156871e+02 0.000000000000000000e+00 0.000000000000000000e+00
1.087048627450980405e+02 0.000000000000000000e+00 0.000000000000000000e+00
1.087168431372548980e+02 0.000000000000000000e+00 0.000000000000000000e+00
1.086914411764705903e+02 0.000000000000000000e+00 0.000000000000000000e+00
1.087321960784313717e+02 0.000000000000000000e+00 0.000000000000000000e+00
1.086387156862745087e+02 0.000000000000000000e+00 0.000000000000000000e+00
1.086226274509803886e+02 0.000000000000000000e+00 0.000000000000000000e+00
1.085735490196078388e+02 0.000000000000000000e+00 0.000000000000000000e+00
1.085427058823529478e+02 0.000000000000000000e+00 0.000000000000000000e+00
1.085040686274509767e+02 0.000000000000000000e+00 0.000000000000000000e+00
1.084822058823529431e+02 0.000000000000000000e+00 0.000000000000000000e+00
1.084313823529411707e+02 0.000000000000000000e+00 0.000000000000000000e+00
1.084865294117647068e+02 0.000000000000000000e+00 0.000000000000000000e+00
1.085531274509803978e+02 0.000000000000000000e+00 0.000000000000000000e+00
1.085627254901960725e+02 0.000000000000000000e+00 0.000000000000000000e+00
1.085465392156862805e+02 0.000000000000000000e+00 0.000000000000000000e+00
1.085699313725490214e+02 0.000000000000000000e+00 0.000000000000000000e+00
1.086186078431372550e+02 0.000000000000000000e+00 0.000000000000000000e+00
1.085464019607843085e+02 0.000000000000000000e+00 0.000000000000000000e+00
1.084347156862745152e+02 0.000000000000000000e+00 0.000000000000000000e+00
1.084242058823529362e+02 0.000000000000000000e+00 0.000000000000000000e+00
1.084106666666666712e+02 0.000000000000000000e+00 0.000000000000000000e+00
1.084392647058823513e+02 0.000000000000000000e+00 0.000000000000000000e+00
1.084812843137254958e+02 0.000000000000000000e+00 0.000000000000000000e+00
1.085711862745097989e+02 0.000000000000000000e+00 0.000000000000000000e+00
1.085536764705882291e+02 0.000000000000000000e+00 0.000000000000000000e+00
1.086428627450980429e+02 0.000000000000000000e+00 0.000000000000000000e+00
1.086390980392156820e+02 0.000000000000000000e+00 0.000000000000000000e+00
1.086507549019607808e+02 0.000000000000000000e+00 0.000000000000000000e+00
1.086631274509803973e+02 0.000000000000000000e+00 0.000000000000000000e+00
1.086711274509803928e+02 0.000000000000000000e+00 0.000000000000000000e+00
1.085999901960784371e+02 0.000000000000000000e+00 0.000000000000000000e+00
1.086154803921568686e+02 0.000000000000000000e+00 0.000000000000000000e+00
1.087025294117647007e+02 0.000000000000000000e+00 0.000000000000000000e+00
1.087788137254901955e+02 0.000000000000000000e+00 0.000000000000000000e+00
1.087820980392156827e+02 0.000000000000000000e+00 0.000000000000000000e+00
1.087809509803921628e+02 0.000000000000000000e+00 0.000000000000000000e+00
1.088013627450980323e+02 0.000000000000000000e+00 0.000000000000000000e+00
1.087918039215686292e+02 0.000000000000000000e+00 0.000000000000000000e+00
1.087678039215686283e+02 0.000000000000000000e+00 0.000000000000000000e+00
1.087086274509803872e+02 0.000000000000000000e+00 0.000000000000000000e+00
1.086750098039215686e+02 0.000000000000000000e+00 0.000000000000000000e+00
1.086341274509803867e+02 0.000000000000000000e+00 0.000000000000000000e+00
1.086195686274509740e+02 0.000000000000000000e+00 0.000000000000000000e+00
1.086056372549019642e+02 0.000000000000000000e+00 0.000000000000000000e+00
1.086620784313725494e+02 0.000000000000000000e+00 0.000000000000000000e+00
1.087416862745098030e+02 0.000000000000000000e+00 0.000000000000000000e+00
1.087235686274509874e+02 0.000000000000000000e+00 0.000000000000000000e+00
1.086295784313725505e+02 0.000000000000000000e+00 0.000000000000000000e+00
1.085181470588235300e+02 0.000000000000000000e+00 0.000000000000000000e+00
1.085189313725490194e+02 0.000000000000000000e+00 0.000000000000000000e+00
1.084800196078431327e+02 0.000000000000000000e+00 0.000000000000000000e+00
1.084306470588235243e+02 0.000000000000000000e+00 0.000000000000000000e+00
1.084880392156862712e+02 0.000000000000000000e+00 0.000000000000000000e+00
1.084534411764705908e+02 0.000000000000000000e+00 0.000000000000000000e+00
1.084333921568627517e+02 0.000000000000000000e+00 0.000000000000000000e+00
1.084909705882352995e+02 0.000000000000000000e+00 0.000000000000000000e+00
1.085113725490196117e+02 0.000000000000000000e+00 0.000000000000000000e+00
1.084657745098039214e+02 0.000000000000000000e+00 0.000000000000000000e+00
1.083962254901960733e+02 0.000000000000000000e+00 0.000000000000000000e+00
1.083937450980392185e+02 0.000000000000000000e+00 0.000000000000000000e+00
1.083821568627450915e+02 0.000000000000000000e+00 0.000000000000000000e+00
1.084104215686274557e+02 0.000000000000000000e+00 0.000000000000000000e+00
1.084339313725490257e+02 0.000000000000000000e+00 0.000000000000000000e+00
1.084526568627451013e+02 0.000000000000000000e+00 0.000000000000000000e+00
1.084500490196078459e+02 0.000000000000000000e+00 0.000000000000000000e+00
1.084379019607843162e+02 0.000000000000000000e+00 0.000000000000000000e+00
1.084017941176470572e+02 0.000000000000000000e+00 0.000000000000000000e+00
1.084977647058823464e+02 0.000000000000000000e+00 0.000000000000000000e+00
1.085130784313725485e+02 0.000000000000000000e+00 0.000000000000000000e+00
1.086797254901960770e+02 0.000000000000000000e+00 0.000000000000000000e+00
1.087416960784313744e+02 0.000000000000000000e+00 0.000000000000000000e+00
1.087964607843137230e+02 0.000000000000000000e+00 0.000000000000000000e+00
1.087197352941176405e+02 0.000000000000000000e+00 0.000000000000000000e+00
1.086821666666666601e+02 0.000000000000000000e+00 0.000000000000000000e+00
1.086326568627450939e+02 0.000000000000000000e+00 0.000000000000000000e+00
1.085086274509803985e+02 0.000000000000000000e+00 0.000000000000000000e+00
1.084221470588235263e+02 0.000000000000000000e+00 0.000000000000000000e+00
1.083089803921568688e+02 0.000000000000000000e+00 0.000000000000000000e+00
1.083517843137254886e+02 0.000000000000000000e+00 1.568627450980392200e-04
1.083221960784313751e+02 0.000000000000000000e+00 0.000000000000000000e+00
1.083335784313725441e+02 0.000000000000000000e+00 0.000000000000000000e+00
1.083591470588235239e+02 0.000000000000000000e+00 0.000000000000000000e+00
1.082961764705882359e+02 0.000000000000000000e+00 0.000000000000000000e+00
1.082727156862745090e+02 0.000000000000000000e+00 0.000000000000000000e+00
1.082865000000000038e+02 0.000000000000000000e+00 0.000000000000000000e+00
1.082148235294117598e+02 0.000000000000000000e+00 0.000000000000000000e+00
1.082180294117647037e+02 0.000000000000000000e+00 0.000000000000000000e+00
1.082389509803921612e+02 0.000000000000000000e+00 0.000000000000000000e+00
1.082904411764705941e+02 0.000000000000000000e+00 0.000000000000000000e+00
1.082330980392156903e+02 0.000000000000000000e+00 0.000000000000000000e+00
1.082558627450980424e+02 0.000000000000000000e+00 0.000000000000000000e+00
1.082867352941176478e+02 0.000000000000000000e+00 2.941176470588235375e-05
1.083447254901960832e+02 0.000000000000000000e+00 0.000000000000000000e+00
1.082348921568627418e+02 0.000000000000000000e+00 2.941176470588235375e-05
1.082295686274509734e+02 0.000000000000000000e+00 0.000000000000000000e+00
1.082383431372549012e+02 0.000000000000000000e+00 0.000000000000000000e+00
1.081675294117647042e+02 0.000000000000000000e+00 0.000000000000000000e+00
1.083059901960784259e+02 0.000000000000000000e+00 0.000000000000000000e+00
1.083771960784313677e+02 0.000000000000000000e+00 0.000000000000000000e+00
1.084409019607843163e+02 0.000000000000000000e+00 0.000000000000000000e+00
1.084953235294117633e+02 0.000000000000000000e+00 0.000000000000000000e+00
1.084693725490196101e+02 0.000000000000000000e+00 0.000000000000000000e+00
1.084957058823529366e+02 0.000000000000000000e+00 0.000000000000000000e+00
1.084450686274509792e+02 0.000000000000000000e+00 0.000000000000000000e+00
1.085010392156862764e+02 0.000000000000000000e+00 0.000000000000000000e+00
1.085499411764705826e+02 0.000000000000000000e+00 0.000000000000000000e+00
1.085880196078431368e+02 0.000000000000000000e+00 0.000000000000000000e+00
1.086035784313725543e+02 0.000000000000000000e+00 0.000000000000000000e+00
1.085905294117647060e+02 0.000000000000000000e+00 0.000000000000000000e+00
1.086890588235294075e+02 0.000000000000000000e+00 0.000000000000000000e+00
1.086959411764705834e+02 0.000000000000000000e+00 0.000000000000000000e+00
1.087138627450980408e+02 0.000000000000000000e+00 0.000000000000000000e+00
1.086711568627450930e+02 0.000000000000000000e+00 0.000000000000000000e+00
1.086374803921568599e+02 0.000000000000000000e+00 0.000000000000000000e+00
1.085705098039215670e+02 0.000000000000000000e+00 0.000000000000000000e+00
1.085275588235294180e+02 0.000000000000000000e+00 0.000000000000000000e+00
1.085365784313725470e+02 0.000000000000000000e+00 0.000000000000000000e+00
1.085131176470588201e+02 0.000000000000000000e+00 0.000000000000000000e+00
