2.449590179114744615e+02 9.183619511248687672e+01 3.929592295684842895e+01
2.449590179114744615e+02 9.183619511248687672e+01 3.929592295684842895e+01
2.449590179114744615e+02 9.183619511248687672e+01 3.929592295684842895e+01
2.448136271838152993e+02 9.169143935585717031e+01 3.914898007778395339e+01
2.444465433764584361e+02 9.131663006764205193e+01 3.891037207538516896e+01
2.440618655801606849e+02 9.088665767124375350e+01 3.861951124868816976e+01
2.437452972458131626e+02 9.059555873041070129e+01 3.824501944598777925e+01
2.435623814941221212e+02 9.047076046599818255e+01 3.807792505578044029e+01
2.422634688820100450e+02 9.143693062059598731e+01 3.753543932058099841e+01
2.425944916263195523e+02 9.276874707869231429e+01 3.740267746117416436e+01
2.430950604545334386e+02 9.378911024684498443e+01 3.759752537679356976e+01
2.435349189970985435e+02 9.466502632484059632e+01 3.786451305659178956e+01
2.437251633727544515e+02 9.530983940524380671e+01 3.804597366634035893e+01
2.438016773818027900e+02 9.594727976647176604e+01 3.809227363723752546e+01
2.437591255037877715e+02 9.615543561658333260e+01 3.794435184450264842e+01
2.437052764328738590e+02 9.590809676252965232e+01 3.794458113959661461e+01
2.428401107671684827e+02 9.355264527167058475e+01 3.739123916360205158e+01
2.414651427361959861e+02 9.000707287174466842e+01 3.710098685080826186e+01
2.404776657759434215e+02 8.466956813150954986e+01 3.671142330520059005e+01
2.392925188066072337e+02 8.074961857643022256e+01 3.594201479835260216e+01
2.386151458228607112e+02 7.871525958850349980e+01 3.599669285922163198e+01
2.382299653411646432e+02 7.821772451076364518e+01 3.585064952244886882e+01
2.381899092520570491e+02 7.778370417405261605e+01 3.592266582003862396e+01
2.383874822516778238e+02 7.740331243220362012e+01 3.592897143512271896e+01
2.385706008413366135e+02 7.705601855526452937e+01 3.595168928750958770e+01
2.385805046255875652e+02 7.696429169863569086e+01 3.596766057270859562e+01
2.386669135998447757e+02 7.717261511054668688e+01 3.605167076752123023e+01
2.384418781032004233e+02 7.824867052940709300e+01 3.625044315686429997e+01
2.386492226014410392e+02 7.872634512439259424e+01 3.626544434743497902e+01
2.386688096938910633e+02 7.876316462505842253e+01 3.626065560758790696e+01
2.386281098147119337e+02 7.870825726909542652e+01 3.619101163231649565e+01
2.382656471854027131e+02 7.818250125671349338e+01 3.610257427838187994e+01
2.382388813927031208e+02 7.755150761524282643e+01 3.602998474305720578e+01
2.383465442583626555e+02 7.730566799834201674e+01 3.599795398223844956e+01
2.384888218641691253e+02 7.708156732015768853e+01 3.593100863384218968e+01
2.385044227496009341e+02 7.706093958074274042e+01 3.597945163196373386e+01
2.384256069705708683e+02 7.746177386212309557e+01 3.598466368583044783e+01
2.384082510957659906e+02 7.818214849503047503e+01 3.615808132920601992e+01
2.386914040796888514e+02 7.876636593733188363e+01 3.628295014595514800e+01
2.390183965217698017e+02 7.924800910125142650e+01 3.628155673730719144e+01
2.392083145928689305e+02 7.957466641973348942e+01 3.624039826794013663e+01
2.394166291857378326e+02 7.999392368000987119e+01 3.618684022541471279e+01
2.395842174423014228e+02 8.035683608046494442e+01 3.632363238705011810e+01
2.396366025522307837e+02 8.088222169307969978e+01 3.640215713769170236e+01
2.395300332477886229e+02 8.139099223042393305e+01 3.649831997248458748e+01
2.393483257048619350e+02 8.195544619943382258e+01 3.663314548773712431e+01
2.392380964979583950e+02 8.139528710391476807e+01 3.652245769064564485e+01
2.380916739423763886e+02 7.797670890987821224e+01 3.598779444576729958e+01
2.370498364067694865e+02 7.336323870501186661e+01 3.515486237884840648e+01
2.360486546551313722e+02 6.884592251589631928e+01 3.484566676367612814e+01
2.346159130795213059e+02 6.596205166194847891e+01 3.456712613875880891e+01
2.339659937737562814e+02 6.365524600717869674e+01 3.417471404256069434e+01
2.334244693141430957e+02 6.283388452346306252e+01 3.412038874337469707e+01
2.333191434946336074e+02 6.243548429769558084e+01 3.423040629326842321e+01
2.333710700143750501e+02 6.238267587374659229e+01 3.425903290384598421e+01
2.335483856743480544e+02 6.252831353458387298e+01 3.438167050294997296e+01
2.339465830621477949e+02 6.317139808274025370e+01 3.464460142339338944e+01
2.345925073418525244e+02 6.413033662283602609e+01 3.498193860182907144e+01
2.350719722023793850e+02 6.480777133987706407e+01 3.518519106454657219e+01
2.353224506354119683e+02 6.512326375109135768e+01 3.533850129198966528e+01
2.352986480408497982e+02 6.514036387367603709e+01 3.531773244790150557e+01
2.351242426647617663e+02 6.489268989602349791e+01 3.525495850640703566e+01
2.348871691756841358e+02 6.454978790203807648e+01 3.513880290322865108e+01
2.348687902919984936e+02 6.447923556543288726e+01 3.516790574207829678e+01
2.350457708283726106e+02 6.465838558615763532e+01 3.528236808917815637e+01
2.355090174705223660e+02 6.521726592057571281e+01 3.547915619405420529e+01
2.360715665264438883e+02 6.598752105546294899e+01 3.554771542715030108e+01
2.363984795971461494e+02 6.699143671014454071e+01 3.549010062527008103e+01
2.366007443271511761e+02 6.832465539593088977e+01 3.577283029517333546e+01
2.373718549091197758e+02 6.941957474579110965e+01 3.592408568581280548e+01
2.378241659390957068e+02 7.082705858489650552e+01 3.591925285075534902e+01
2.373705673289767333e+02 7.271388381793968847e+01 3.620837632616345303e+01
2.382586536850367338e+02 7.396911571465106761e+01 3.649125591978199168e+01
2.390902011623497572e+02 7.506796835727703865e+01 3.663001472780026546e+01
2.393516945789348256e+02 7.586874619678810916e+01 3.695555202793872240e+01
2.396458008131156703e+02 7.657353758234781083e+01 3.696201638578017423e+01
2.400925382084998034e+02 7.707479429584358854e+01 3.690243493751708570e+01
2.398967642934624394e+02 7.687302343219479894e+01 3.684452028820629721e+01
2.382166574066724820e+02 7.401006252700831567e+01 3.607872758860932549e+01
2.370147983526029520e+02 6.910558157172967242e+01 3.557791182721732781e+01
2.352265347337972230e+02 6.493945727615066232e+01 3.512263759910398875e+01
2.342966108421303204e+02 6.115584129251880796e+01 3.452709650677743269e+01
2.336784841830480275e+02 5.971765836794807569e+01 3.437780776252083825e+01
2.335314442945207247e+02 5.933700205483680179e+01 3.437894541894859657e+01
2.336604492420033239e+02 5.895337372454604008e+01 3.437485338342549568e+01
2.338146590117381436e+02 5.891349401627995519e+01 3.441621469076029172e+01
2.339454454057200223e+02 5.911449762326815716e+01 3.445373089575010539e+01
2.340970447390004381e+02 5.976600435660678556e+01 3.459855720471642115e+01
2.344613681861876273e+02 6.041592366237179590e+01 3.475647979116508424e+01
2.348739406125706637e+02 6.094725330934554108e+01 3.502452575601238038e+01
2.351470310694852230e+02 6.125071654716864344e+01 3.523306082493319735e+01
2.354549655616407051e+02 6.160548897178788508e+01 3.532826238413983333e+01
2.354795001366951510e+02 6.170263953929324430e+01 3.530161123898722053e+01
2.353511742554523778e+02 6.159089345715268138e+01 3.531065075711476453e+01
2.353541815488001703e+02 6.160876083639794842e+01 3.524132426735808110e+01
2.352902170366254779e+02 6.151945039729784526e+01 3.523888139270312791e+01
2.354637052323376736e+02 6.182263142577453152e+01 3.522145496556164090e+01
2.359475884329444000e+02 6.287102150964362579e+01 3.549128237690822374e+01
2.359547053998994670e+02 6.344476192995917074e+01 3.538428093940436270e+01
2.357249076205342533e+02 6.463730807559683456e+01 3.572011888068718122e+01
2.362703741919552840e+02 6.586991912938417215e+01 3.600281327442213097e+01
2.369086170860121285e+02 6.682060304609713342e+01 3.597820814703106862e+01
2.371898475187625195e+02 6.844345671173196877e+01 3.610018431797938376e+01
2.379170128140681300e+02 7.014890070640527142e+01 3.607102856487728104e+01
2.382651445000043964e+02 7.083907012020354443e+01 3.595485532361475123e+01
2.383944140187492735e+02 7.135087440802179515e+01 3.608151440590523151e+01
2.384380418198975349e+02 7.282643243290914370e+01 3.650090395181275227e+01
2.383073877115467667e+02 7.341274880722455976e+01 3.664335793846072420e+01
2.379671667063523444e+02 7.156378372181214331e+01 3.593654699226569704e+01
2.365903025813336171e+02 6.838843470822199322e+01 3.564506001358132181e+01
2.349354269739220911e+02 6.443443483168857711e+01 3.509255584658394156e+01
2.342409538675908891e+02 6.052240477639318783e+01 3.441656745244331717e+01
2.339844167526523222e+02 5.910565212406628177e+01 3.443985854256510493e+01
2.340450212097962037e+02 5.820300552953938222e+01 3.449125591978199168e+01
2.340247726891905131e+02 5.787255602296478685e+01 3.445693220802356649e+01
2.341733029958286068e+02 5.804586783783545201e+01 3.453752061451085353e+01
2.345219902814156399e+02 5.879529239534002016e+01 3.459810743357056850e+01
2.343179529239534133e+02 6.004204037357462198e+01 3.476639239445811569e+01
2.351566438253476861e+02 6.135432265347338188e+01 3.515875157640377324e+01
2.353519679692391833e+02 6.276234445414539209e+01 3.528608090589199975e+01
2.350478873984707775e+02 6.384275647979116286e+01 3.534444532634865510e+01
2.350427899921510573e+02 6.374204301928724448e+01 3.527045356333395176e+01
2.349693714668712801e+02 6.309773262428235086e+01 3.510034306073674060e+01
2.350323482463334699e+02 6.236713672160929889e+01 3.505075358714536549e+01
2.350047534636787816e+02 6.199073118677848981e+01 3.499638419274898382e+01
2.350490426929826810e+02 6.203177500859856508e+01 3.502793872529565533e+01
2.351222407422105789e+02 6.217325008157614263e+01 3.505231455759275150e+01
2.350575354305015310e+02 6.269296505013625165e+01 3.495346191496679467e+01
2.349298533393302932e+02 6.346497517439655667e+01 3.506179502782407553e+01
2.348501644751347044e+02 6.407216622130503936e+01 3.513883817939695575e+01
2.351913202987891509e+02 6.474888659593794671e+01 3.533984178638516482e+01
2.359405067421576803e+02 6.563933645527423266e+01 3.546951698106551731e+01
2.363051212177333298e+02 6.630016491608681406e+01 3.546895256237267802e+01
2.365303154571350319e+02 6.747772750923795115e+01 3.560024164175287353e+01
2.367358608707922087e+02 6.854331472515455914e+01 3.579215281636108870e+01
2.371028829448545423e+02 6.910569621927666617e+01 3.583237646726812642e+01
2.369440079018617098e+02 6.890131491917347262e+01 3.579227628295014796e+01
2.355387023661489820e+02 6.541042058011659321e+01 3.538796729899198112e+01
2.339701034473635559e+02 6.051833919799631190e+01 3.428493443042216882e+01
2.330185640835692311e+02 5.723261987282941021e+01 3.387693026783431094e+01
2.318864107380656208e+02 5.483048919226393281e+01 3.357907594077131108e+01
2.313353352558845017e+02 5.355633163125821028e+01 3.320288206295032296e+01
2.312344013193286969e+02 5.314853030663809363e+01 3.326820470760466009e+01
2.313228033970950150e+02 5.311649954581933031e+01 3.334859909516628562e+01
2.316236473794216408e+02 5.340640791597216719e+01 3.367635879390780929e+01
2.319832790962245781e+02 5.382876066001711024e+01 3.392155462073709771e+01
2.324400349234066141e+02 5.461817075429267021e+01 3.414240107239551492e+01
2.328595038406928381e+02 5.574639080703054361e+01 3.433761938778209810e+01
2.333639001331675331e+02 5.647696907161944324e+01 3.438589482410420572e+01
2.335753190288470762e+02 5.682790521293576802e+01 3.448922754010459357e+01
2.336498487534284152e+02 5.694600100537079612e+01 3.449052393928971583e+01
2.337155770740182277e+02 5.699580213597199219e+01 3.447451737792241033e+01
2.337001878455962185e+02 5.706272984628409972e+01 3.447609598645394868e+01
2.337002848550590386e+02 5.719087934668536377e+01 3.445419830498011038e+01
2.337614625499378178e+02 5.739369085729907738e+01 3.446858216260550023e+01
2.339246941997160150e+02 5.779177359755183119e+01 3.461131835859988826e+01
2.340524115670556000e+02 5.850440511151678891e+01 3.465650713019552143e+01
2.339251175137356711e+02 5.926795777442654156e+01 3.464347258600771085e+01
2.340240318896561575e+02 5.984354137453589573e+01 3.464955772503990516e+01
2.344527343439955587e+02 6.051372683899074900e+01 3.485079944616416014e+01
2.350599077528198961e+02 6.146266458537273536e+01 3.517440537608804618e+01
2.352583979328165356e+02 6.286753798802374149e+01 3.531033327160003665e+01
2.351549770263953860e+02 6.397137338942243900e+01 3.526880440246580406e+01
2.353194168849379651e+02 6.476767997460116533e+01 3.546338774682293860e+01
2.357855738109726644e+02 6.541124075102962365e+01 3.574787240609924766e+01
2.361725445582100917e+02 6.588985898351721460e+01 3.567649107953894116e+01
2.359057773544637655e+02 6.559404185517368546e+01 3.564656806977625791e+01
2.349141819015618466e+02 6.209703591995837257e+01 3.494144156061768314e+01
2.335668262913282263e+02 5.809390516002152083e+01 3.435386406328544240e+01
2.320818936247144961e+02 5.465884417634556769e+01 3.377175437204010677e+01
2.308619643534319437e+02 5.197536841548271269e+01 3.311597922233686830e+01
2.300885255443553774e+02 5.046442839378786971e+01 3.301867873111622487e+01
2.297184256246086420e+02 4.981785150496953207e+01 3.281246307026130893e+01
2.295763596758120002e+02 4.948670529407095842e+01 3.280797417784480530e+01
2.295967933963012797e+02 4.941348078771683561e+01 3.292019648825744582e+01
2.297015547971179501e+02 4.949354887072166065e+01 3.299620781190746754e+01
2.298813927031245896e+02 4.966148106992618239e+01 3.313945551234225206e+01
2.301574022629662011e+02 4.998070393593847882e+01 3.333279537176672136e+01
2.303354322653473503e+02 5.026297501565380088e+01 3.346986974274854276e+01
2.304568528366448845e+02 5.048052314557592979e+01 3.349713822084645187e+01
2.304015309857043405e+02 5.045194063020874609e+01 3.339874416840842741e+01
2.302074767838717264e+02 5.022499140143397511e+01 3.334426894550713882e+01
2.299419707031422320e+02 4.961284405287897670e+01 3.319690275242302846e+01
2.296900018519988294e+02 4.874609977864204069e+01 3.315652035875863390e+01
2.296445749662671574e+02 4.843054563413321745e+01 3.328151264209681415e+01
2.296947464966355312e+02 4.841958356483318937e+01 3.325206586060622271e+01
2.298505701510702011e+02 4.854563413322045307e+01 3.332728347046943895e+01
2.301872635394343547e+02 4.886991031034209243e+01 3.343034279616548332e+01
2.304006138053284758e+02 4.928225344163116972e+01 3.344007901861699850e+01
2.306999409124181000e+02 4.979055656974539090e+01 3.351566702824739252e+01
2.308850437865439176e+02 5.027469552257233687e+01 3.366722226631743098e+01
2.312671905177659539e+02 5.084992636099866559e+01 3.385543826229594799e+01
2.316279775290807947e+02 5.159148433297175274e+01 3.405972255293630013e+01
2.319147022250443229e+02 5.220700055559964881e+01 3.414002875007716398e+01
2.321776860597401821e+02 5.267597957509855178e+01 3.421740702524891731e+01
2.324155532626046181e+02 5.304634406610753672e+01 3.429848047905036879e+01
2.326873385012919755e+02 5.348752546498399596e+01 3.439977599633127880e+01
2.327949308146149292e+02 5.367635879390780929e+01 3.436647529345362528e+01
2.322101313155365006e+02 5.283146810593433429e+01 3.413269130707022470e+01
2.306387896746655315e+02 5.009689481528516097e+01 3.342655942711502348e+01
2.296413207397412464e+02 4.799427644169290375e+01 3.312995740402677569e+01
2.285028529601114826e+02 4.594295843585469896e+01 3.259651118695487071e+01
2.277443888844793776e+02 4.417337354816519479e+01 3.246120062438817655e+01
2.274232434672945828e+02 4.368230282826679201e+01 3.224613064528930551e+01
2.273373283593936094e+02 4.345187889691421645e+01 3.218758984399114809e+01
2.275265850023370433e+02 4.355232778615587108e+01 3.234114700461235969e+01
2.278081593777284013e+02 4.389814006402624358e+01 3.247011667592666129e+01
2.283186496282773703e+02 4.436647529345362528e+01 3.280062791579578629e+01
2.287659161661860310e+02 4.500158742757361807e+01 3.295146881145770124e+01
2.292036845957792082e+02 4.584326798423155225e+01 3.312561843532555628e+01
2.294348669647502845e+02 4.630586201726768536e+01 3.325601679145611200e+01
2.294696139905283587e+02 4.650478433032603931e+01 3.322398603063734868e+01
2.294205977546718884e+02 4.644137541780212075e+01 3.315401575080914398e+01
2.292931714157208205e+02 4.628459930682329571e+01 3.307428279140319916e+01
2.292642185005864803e+02 4.619588856258432941e+01 3.313376723020345338e+01
2.293595788025504589e+02 4.631915231367568708e+01 3.310238025945621843e+01
2.294690672099196718e+02 4.647848594685645196e+01 3.313263839281777479e+01
2.296114330061468820e+02 4.683714756903105325e+01 3.321697489218720989e+01
2.299421823601520316e+02 4.741467135839705094e+01 3.329176036898871871e+01
2.302114629908899417e+02 4.796684040179555808e+01 3.346413736539936679e+01
2.305321498178867898e+02 4.840640791597216719e+01 3.357718866576712458e+01
2.309175507756347372e+02 4.895210378248714278e+01 3.370570856593556641e+01
2.312236773641647005e+02 4.941595011949802085e+01 3.371449233184291217e+01
2.314450000440952238e+02 4.978802550466968313e+01 3.372563960102653624e+01
2.316127911386265339e+02 5.016045365152437085e+01 3.380375867573264514e+01
2.318086444250425586e+02 5.061191805346103223e+01 3.396093164360487293e+01
2.321943364111790231e+02 5.123120882609730842e+01 3.418479420765316235e+01
2.321744759284246413e+02 5.167558271820514904e+01 3.423361642458396403e+01
2.319142259967722168e+02 5.144397703521443788e+01 3.417583406090430742e+01
2.308249067386300624e+02 4.961576315580601459e+01 3.358322089054686899e+01
2.297305870836309794e+02 4.762467038830241961e+01 3.314457937578820435e+01
2.283040100184317964e+02 4.535399634891658138e+01 3.265694808229930146e+01
2.273815205792346887e+02 4.342373733365081989e+01 3.212447195985571824e+01
2.267354992900671107e+02 4.250884108968083552e+01 3.184073691915584092e+01
2.265465954088066951e+02 4.219650589552962572e+01 3.168301717067492262e+01
2.265970403294793982e+02 4.213692444726653719e+01 3.181265708918697399e+01
2.268015627342558105e+02 4.231985783704173798e+01 3.192112248767539029e+01
2.273408295190976389e+02 4.289140231588044827e+01 3.228822393311638450e+01
2.280674303957104314e+02 4.378044994752669794e+01 3.271005635367886555e+01
2.287001172932596091e+02 4.458309742395780972e+01 3.310815673201577169e+01
2.291445176424936676e+02 4.542543058972934489e+01 3.329930946900547895e+01
2.292551348872485448e+02 4.563048213703027756e+01 3.329681368009806874e+01
2.293021932957642264e+02 4.575105608028855642e+01 3.323164095915901584e+01
2.293390127964300405e+02 4.580306197140866686e+01 3.324948188127805793e+01
2.294777010521117120e+02 4.601466606697180595e+01 3.324875871982785469e+01
2.296381458845940244e+02 4.644617297669127254e+01 3.320384333853656500e+01
2.299400657900538931e+02 4.707178700249578895e+01 3.333153424874990378e+01
2.301692726936000213e+02 4.770722544117258224e+01 3.345328994364631825e+01
2.306026227831133042e+02 4.838646806183912474e+01 3.367556508012099670e+01
2.310675009480470123e+02 4.914015221666622324e+01 3.377201894330237764e+01
2.314704253423992952e+02 4.981567320157684264e+01 3.397143512271696864e+01
2.317965976135672008e+02 5.052847227734123692e+01 3.398264412519512234e+01
2.324556799040488215e+02 5.149184679560106304e+01 3.439593971302836906e+01
2.328247303577885248e+02 5.247884752758155713e+01 3.469196849838170493e+01
2.330833840428252586e+02 5.346059211048495996e+01 3.484803908599447908e+01
2.335861752696422116e+02 5.425413833549399811e+01 3.492592004656454208e+01
2.341810725718972321e+02 5.511110229206903455e+01 3.516285243096894675e+01
2.340817525200412774e+02 5.502809746805301927e+01 3.511471809932005073e+01
2.321570406822411030e+02 5.245821096912453640e+01 3.438605356686156966e+01
2.308305244684322304e+02 4.972904375126773857e+01 3.345625314178374055e+01
2.297721953241438939e+02 4.776041308393082119e+01 3.319879884646929469e+01
2.290708610030778516e+02 4.638478362480267236e+01 3.289059978305156307e+01
2.287928495206850528e+02 4.560327539222689808e+01 3.290460442186769541e+01
2.287458175692956104e+02 4.537248988014921736e+01 3.294255275991921650e+01
2.288530835780617565e+02 4.552081734881956976e+01 3.296797805822331640e+01
2.292119215810778599e+02 4.587295287985818959e+01 3.313216216454569008e+01
2.295726909543085412e+02 4.635581307158416564e+01 3.337249869919129708e+01
2.299459480911183391e+02 4.707174290728541166e+01 3.343917065728320637e+01
2.305034173788043006e+02 4.798267058232134730e+01 3.364269651030505059e+01
2.310678272526038199e+02 4.886192025822155216e+01 3.379560988085474094e+01
2.313575504228730608e+02 4.930003263045568218e+01 3.384233316577153516e+01
2.315388081946539103e+02 4.957279678281344815e+01 3.381976523709994353e+01
2.315678404811669395e+02 4.975480417317071158e+01 3.381232196558809733e+01
2.316169625455283096e+02 4.986821705426356743e+01 3.376976126853101334e+01
2.316300147278002726e+02 5.000507094919349527e+01 3.385729908017390954e+01
2.317847271829333806e+02 5.029760739388487423e+01 3.397322538825832794e+01
2.320834898713301868e+02 5.075821714245398653e+01 3.412680900600576450e+01
2.324811581166053713e+02 5.145403956222275355e+01 3.441632051926519864e+01
2.330590170295702421e+02 5.237564709721230116e+01 3.477458528454639008e+01
2.334367366016703329e+02 5.363962748366272137e+01 3.497680591934103944e+01
2.342432027233201950e+02 5.497286380753322277e+01 3.539153901103262001e+01
2.350758878570609625e+02 5.605565697453942420e+01 3.551933574975085861e+01
2.354635905847906940e+02 5.724128899118977643e+01 3.539010150717429326e+01
2.358353220273213822e+02 5.839419354269739415e+01 3.567750526937764022e+01
2.365857166794542650e+02 5.963264280233880754e+01 3.569064564207035772e+01
2.378428358511698377e+02 6.126106128352338231e+01 3.627630058823010728e+01
2.378687902919984936e+02 6.347563739626601631e+01 3.667431277614625174e+01
2.382661939660114001e+02 6.473208632078383573e+01 3.669644857175613595e+01
2.373323191434946295e+02 6.351183956398656250e+01 3.636759531179723126e+01
2.358975844643754840e+02 5.917444065225635086e+01 3.531195597534195940e+01
2.343700117293259666e+02 5.611186954872961508e+01 3.495385877186019741e+01
2.330204778156996497e+02 5.387311162261555353e+01 3.426151987371131469e+01
2.322165515781675822e+02 5.237047913855597159e+01 3.423285798696545612e+01
2.321653217627501249e+02 5.197971620322600472e+01 3.416595673377957354e+01
2.321668121808609158e+02 5.189922480620155198e+01 3.414737501212618298e+01
2.322789022056424244e+02 5.210493778165815826e+01 3.421284758049580432e+01
2.325315942182360232e+02 5.265437292201320929e+01 3.438772036581386260e+01
2.330989496520887769e+02 5.365533419759945843e+01 3.467158769214488245e+01
2.340437777248635314e+02 5.495116014498505308e+01 3.503506451129278076e+01
2.348787469905018952e+02 5.651149562134560966e+01 3.526307202511663519e+01
2.352368089178153525e+02 5.811215175807603828e+01 3.541064105616847968e+01
2.356651674295138150e+02 5.873405296716670421e+01 3.544962122214285216e+01
2.357416197052676239e+02 5.898311153442512733e+01 3.532877388858022272e+01
2.357785450344383662e+02 5.924157120053619963e+01 3.513993174061433677e+01
2.357865262675168196e+02 5.954989373054299051e+01 3.506370875995449410e+01
2.356877970914799221e+02 5.992114894480161524e+01 3.510163945992186285e+01
2.356681570847774481e+02 6.052173452919544161e+01 3.523321074864848157e+01
2.358921519344568765e+02 6.164571262269492280e+01 3.571327530403647899e+01
2.363943434664126642e+02 6.251929165454048132e+01 3.577296258080447444e+01
2.371345521249481862e+02 6.355053752061451178e+01 3.592192502050427549e+01
2.376309319081761373e+02 6.469687188577576364e+01 3.623636796571156538e+01
2.373627360196135498e+02 6.618754574878076369e+01 3.638287871171433352e+01
2.376664285525306184e+02 6.742270550572796139e+01 3.639490788510551766e+01
2.384932313852069399e+02 6.845791994073603348e+01 3.667030011200183282e+01
2.389611256625305487e+02 6.929984743057208618e+01 3.675673554338527538e+01
2.389602613964071338e+02 7.028251801289343348e+01 3.669741866638445771e+01
2.391336349445723215e+02 7.138732350892045986e+01 3.675425739256201751e+01
2.398462929156634971e+02 7.234376626010882205e+01 3.718167226675838322e+01
2.403987794445767179e+02 7.309394925523189102e+01 3.732433791041616900e+01
2.405372913194168802e+02 7.327865527246430588e+01 3.740785423887257366e+01
2.388681288638427986e+02 7.128378795495233078e+01 3.640160153804093568e+01
2.365040964450441265e+02 6.611655246007178732e+01 3.598335846760324586e+01
2.354206330308401789e+02 5.998697427485426203e+01 3.471917524318508441e+01
2.340856858128070144e+02 5.652144350080694579e+01 3.448636135143000558e+01
2.328994629203375837e+02 5.387584552565900253e+01 3.404689966575830340e+01
2.321207767812260272e+02 5.280482577982379411e+01 3.368517783598345261e+01
2.319806069264756445e+02 5.241102027497773008e+01 3.365873834784066077e+01
2.320248785176954129e+02 5.231791764778509446e+01 3.384314451764249299e+01
2.320709050982882218e+02 5.239692744574084315e+01 3.394393734952509334e+01
2.322739106278276040e+02 5.274160206718346444e+01 3.401391644839537776e+01
2.330031483980210112e+02 5.377757493981003734e+01 3.451193657344938970e+01
2.337807674330414329e+02 5.494446649204963506e+01 3.487597781129013441e+01
2.341559206638974899e+02 5.562860368106816367e+01 3.491265620728276531e+01
2.342269227716485318e+02 5.596251907117849100e+01 3.484396468855553053e+01
2.341475249358414601e+02 5.593769346773553508e+01 3.484982935153583838e+01
2.339783227945780482e+02 5.556946318490885517e+01 3.488692224250601726e+01
2.337633498249420256e+02 5.517242991066310509e+01 3.478405693573564150e+01
2.335863957456940909e+02 5.486082669700417114e+01 3.477251280965861469e+01
2.336332160400737337e+02 5.488947976470795709e+01 3.474288964732650697e+01
2.337769311497385161e+02 5.512149112363415071e+01 3.475858754222116431e+01
2.339855632281221745e+02 5.545863428314416410e+01 3.481140478521223258e+01
2.342659734899595207e+02 5.615017064846416162e+01 3.485832208905468832e+01
2.346193966011411760e+02 5.722202820329655992e+01 3.509362295067509763e+01
2.350778015891913810e+02 5.799788342990184731e+01 3.529840992671375943e+01
2.355667645580336966e+02 5.871866373874469502e+01 3.531730031483980525e+01
2.360090483371696166e+02 5.937704050586025062e+01 3.523437486220246484e+01
2.361715127302872475e+02 6.015297510384421997e+01 3.539675106489933398e+01
2.361359808097644475e+02 6.161004841654099806e+01 3.582439523418966587e+01
2.364734502738312472e+02 6.242843788307713737e+01 3.598971699693979076e+01
2.364262419416002956e+02 6.249778201091797314e+01 3.590822022911871159e+01
2.356703618452963553e+02 5.988626963339242337e+01 3.498363185790759644e+01
2.343442248502967686e+02 5.710893280771842484e+01 3.460330184935312303e+01
2.330624035417272921e+02 5.426303674894833051e+01 3.433291883835578062e+01
2.318626875148821398e+02 5.226751682232276153e+01 3.398352602940268952e+01
2.314969794780890879e+02 5.152338369006358221e+01 3.379426056741716877e+01
2.314199627836424327e+02 5.123679127973119307e+01 3.369318552618814522e+01
2.315172015415685678e+02 5.129707825136033961e+01 3.374269562840084546e+01
2.317397500683475755e+02 5.157278796377137553e+01 3.393268425183656234e+01
2.321587515764037732e+02 5.229415914843329460e+01 3.416703265691280933e+01
2.328919402774470768e+02 5.351081655510578372e+01 3.449279925214523246e+01
2.336240530553571375e+02 5.455048460636205476e+01 3.476900283091250543e+01
2.340762406187439808e+02 5.521926784312687886e+01 3.495012831706220169e+01
2.342099637537370711e+02 5.554383504863701404e+01 3.487649813477260352e+01
2.341356280480814291e+02 5.554551948567346642e+01 3.487645403956222623e+01
2.339678545916342500e+02 5.531670061997866128e+01 3.488587277649901353e+01
2.337188842147965886e+02 5.498267940136342702e+01 3.478862519953082710e+01
2.336746214426188999e+02 5.489744335970227240e+01 3.477544073162773230e+01
2.337495921193039976e+02 5.503155453254667151e+01 3.475703539081585092e+01
2.339217574587048318e+02 5.524213561922903892e+01 3.479130618832182620e+01
2.341710453210572211e+02 5.567119083525147261e+01 3.485183127408701154e+01
2.345417802118333839e+02 5.671379562751894099e+01 3.497831397553597554e+01
2.347605541886040328e+02 5.734027391944687224e+01 3.511304248132567807e+01
2.350568210880934146e+02 5.803325660766727623e+01 3.511350107151361044e+01
2.356163099364146944e+02 5.874583520737977693e+01 3.521249481881277887e+01
2.360655343016641439e+02 5.930632060745561773e+01 3.517388505260558418e+01
2.362757273504952025e+02 5.980868852025292881e+01 3.525902408480391159e+01
2.362146113889109245e+02 6.056280480814174183e+01 3.543268866135760220e+01
2.360604986286389533e+02 6.113792099902108390e+01 3.544469137762256139e+01
2.361445970138723567e+02 6.211881013484315162e+01 3.571377798943478865e+01
2.369608346341420315e+02 6.331332292686368390e+01 3.587689499166600626e+01
2.358942508664708839e+02 6.195482004744644655e+01 3.562259791341464421e+01
2.349296064061521747e+02 5.833568801756753430e+01 3.487987582788757379e+01
2.332024322918044561e+02 5.476487551922109986e+01 3.435002777998253976e+01
2.311717508444232863e+02 5.127456323694120499e+01 3.362027850534875029e+01
2.305374765193004691e+02 4.955593477436480754e+01 3.307120494571879732e+01
2.304127399881824942e+02 4.913921739820620616e+01 3.299975306682188148e+01
2.304003404150241181e+02 4.892165163019992491e+01 3.307829545554761808e+01
2.304280057500154442e+02 4.886428376149782338e+01 3.312832588124278033e+01
2.306568069776261041e+02 4.903024049527740402e+01 3.325380321189512500e+01
2.309008122337751558e+02 4.941027065640130189e+01 3.343402915575310175e+01
2.311845560935171306e+02 4.983247347673096073e+01 3.361840004938663640e+01
2.314118228078066295e+02 5.034925170427987950e+01 3.374851619617076892e+01
2.315127920205307248e+02 5.083476642767062970e+01 3.389546789427732421e+01
2.316214337998606538e+02 5.119729079027435859e+01 3.392530271361924576e+01
2.316178797259041744e+02 5.137916589500048303e+01 3.394548950093040673e+01
2.315819421294459062e+02 5.137183727103562347e+01 3.391812401336967042e+01
2.315705832032524540e+02 5.133074053496309119e+01 3.394779127091215543e+01
2.315902937622915374e+02 5.136242735314090169e+01 3.396116975774091173e+01
2.316651850675979460e+02 5.157059202229454087e+01 3.391605153848188792e+01
2.318908819923979934e+02 5.201648278963939021e+01 3.404511821925902382e+01
2.322733462091347576e+02 5.265905583335538154e+01 3.427788801580372535e+01
2.326703001120018257e+02 5.329853339330281869e+01 3.431045673818909592e+01
2.331413163302202065e+02 5.402432291804463915e+01 3.455182510075755431e+01
2.336240706934412685e+02 5.483013643058090736e+01 3.471166141933662885e+01
2.340384510234498237e+02 5.568441057932287208e+01 3.478784912382816685e+01
2.344347787743295441e+02 5.667646462241271621e+01 3.482241976876471767e+01
2.347785979486908161e+02 5.757840569357356486e+01 3.506857687118025524e+01
2.353094690054766147e+02 5.839146845869601776e+01 3.526647617535783041e+01
2.357289643798890495e+02 5.900448889241650363e+01 3.510751294194424332e+01
2.359627748233986893e+02 5.960991613090985908e+01 3.508430122320113753e+01
2.358874249279043340e+02 6.044367718778386234e+01 3.525673113386424262e+01
2.358376502544293771e+02 6.085651418542917668e+01 3.533246906720992087e+01
2.355599033432988563e+02 6.012598001605065434e+01 3.491936749830233566e+01
2.343380603398858852e+02 5.743603989734634752e+01 3.455985042904639926e+01
2.325961760633560118e+02 5.387741531514846827e+01 3.383922886296090837e+01
2.308040497041211268e+02 5.050524292051397168e+01 3.329564074750200575e+01
2.302976250319690337e+02 4.923907541162878942e+01 3.286234357224117986e+01
2.302046987856178930e+02 4.875416038309919031e+01 3.301199389722288657e+01
2.303281300985086943e+02 4.861658332671905214e+01 3.314646665079239085e+01
2.304774717570177529e+02 4.869992327433394053e+01 3.320070375955763353e+01
2.307520702701272626e+02 4.902369676605727022e+01 3.327696201638578088e+01
2.309791076893227739e+02 4.934502738312564674e+01 3.337153742360504793e+01
2.312265964670917526e+02 4.991194186487463469e+01 3.352030584437918037e+01
2.315969168628903390e+02 5.065865897646197880e+01 3.381083154747731356e+01
2.319002389960402581e+02 5.145639424645695215e+01 3.397777601396936120e+01
2.319319346332601413e+02 5.172142409891437609e+01 3.405235865280313590e+01
2.316983270277182498e+02 5.156531823513329726e+01 3.391419072060392637e+01
2.310962069300032624e+02 5.084874460936052998e+01 3.357075958409397742e+01
2.306994470460618629e+02 5.024376714201303429e+01 3.344206330308401931e+01
2.305652565018387747e+02 5.003637854856205536e+01 3.336540818936246922e+01
2.306514538190861572e+02 5.013143018405340712e+01 3.338094734149976972e+01
2.309985536770995793e+02 5.050865588979725374e+01 3.365629547318570047e+01
2.314812551260682199e+02 5.136334453351676643e+01 3.389680838867282375e+01
2.321077686941644345e+02 5.230591493152013527e+01 3.410268892592886658e+01
2.327712164104734995e+02 5.345107636408533125e+01 3.433184291522255194e+01
2.334244516760589363e+02 5.451836565512254396e+01 3.466275983102715230e+01
2.339352329549964224e+02 5.529555255708125117e+01 3.476655995625755224e+01
2.341142595091321255e+02 5.586513920857916560e+01 3.479268195888562332e+01
2.340962157490453421e+02 5.618679613020433550e+01 3.472907902743604325e+01
2.338952033230150676e+02 5.622638481008193168e+01 3.462482913105978355e+01
2.335308093234912690e+02 5.626207547336208137e+01 3.440055207203393906e+01
2.332644742528066502e+02 5.606452893086753164e+01 3.423881084036651856e+01
2.322518365655122636e+02 5.430996287183285887e+01 3.386560661780917059e+01
2.303023167623532856e+02 5.059121094266740926e+01 3.305394608037674686e+01
2.291730648816925395e+02 4.787737121993809097e+01 3.274724625411187873e+01
2.282001746170330989e+02 4.573143371167024185e+01 3.221904736707498529e+01
2.276546463123175670e+02 4.452027938725295542e+01 3.220075667381009055e+01
2.273698000723161385e+02 4.404854000758437849e+01 3.201905794992548238e+01
2.274253247612244309e+02 4.379236447337090254e+01 3.200889841345433240e+01
2.276739952906315239e+02 4.393129084318861288e+01 3.219488319178771008e+01
2.281894418428270228e+02 4.449912250531347269e+01 3.248629079909340334e+01
2.287788272437847752e+02 4.536951786296972244e+01 3.282126447425280702e+01
2.292126888377384546e+02 4.656626187263539407e+01 3.296656701149121460e+01
2.297449092079618254e+02 4.734622677284793468e+01 3.314168672998739140e+01
2.300373221860641593e+02 4.779628012805249426e+01 3.331050965244155293e+01
2.300838690901394159e+02 4.787599544937428675e+01 3.330394828513726679e+01
2.299412739988182466e+02 4.766621689552081165e+01 3.327174996251907402e+01
2.296863772257057406e+02 4.732878270762229533e+01 3.310726600876612480e+01
2.295603090192343245e+02 4.713862652238713480e+01 3.299183356703795056e+01
2.296342743251228171e+02 4.723396036722490976e+01 3.297632087202688211e+01
2.298207088746020474e+02 4.749927242902875690e+01 3.308077360637087594e+01
2.301680997610039583e+02 4.796639063064969832e+01 3.328335582189062336e+01
2.304655043169210842e+02 4.863990969300914458e+01 3.341312802603381016e+01
2.307460909595999681e+02 4.925803635209143749e+01 3.337407730772283543e+01
2.311661154765369304e+02 5.002195059572629532e+01 3.355951530544751904e+01
2.316580063673483778e+02 5.101617412316674205e+01 3.388848321295341037e+01
2.322699508779356279e+02 5.214653720312899310e+01 3.426977449709412582e+01
2.327238846116534887e+02 5.324706546374932969e+01 3.437789595294159284e+01
2.331695108077360601e+02 5.401082096462682358e+01 3.451160144985051659e+01
2.335442054484041989e+02 5.471376035135063631e+01 3.467414521434681518e+01
2.333479288479685465e+02 5.456404829307440707e+01 3.457092714589341398e+01
2.313874469755095333e+02 5.169143935585717031e+01 3.375791729502341809e+01
2.302543147163355002e+02 4.883065675406337647e+01 3.322287483133582242e+01
2.288974433597022653e+02 4.636935030117028589e+01 3.267963065851787263e+01
2.280067465671878608e+02 4.431155911844855666e+01 3.232282103517916028e+01
2.276852307502359167e+02 4.384548156379253925e+01 3.211870430633824469e+01
2.277340882433350089e+02 4.377055498231781883e+01 3.208016509246765935e+01
2.279259024084803968e+02 4.392053161185631893e+01 3.225017858560202910e+01
2.281013307934492218e+02 4.416012734696757036e+01 3.243197431894947869e+01
2.283533790159712851e+02 4.456904868993130009e+01 3.264895803017876119e+01
2.288316092106075530e+02 4.548149324020425155e+01 3.276338510111031610e+01
2.292711238105316909e+02 4.622290128846204738e+01 3.301346667724951800e+01
2.296892698715065535e+02 4.704181107848065579e+01 3.310306814473811698e+01
2.299260170560273764e+02 4.760001234665890735e+01 3.319675282870774424e+01
2.301358308860491491e+02 4.793872529565838647e+01 3.323067968357277380e+01
2.301749345186125879e+02 4.802950851478512106e+01 3.322829854221234314e+01
2.301119489201082899e+02 4.792969459657292219e+01 3.324637757846742403e+01
2.300873614308013941e+02 4.786482172306443772e+01 3.330511239869125717e+01
2.301421188630490917e+02 4.802576042190297301e+01 3.322680812410155937e+01
2.302045664999867824e+02 4.815103491458757645e+01 3.328004868111225534e+01
2.302111719625014246e+02 4.816407827781746676e+01 3.327381361836476970e+01
2.302865483151220189e+02 4.823455124304398112e+01 3.332555493822260928e+01
2.305216110626063823e+02 4.853563333950665992e+01 3.331029799543173908e+01
2.308506847986171806e+02 4.918557910239789521e+01 3.346045100581174836e+01
2.311368627139720218e+02 4.988820982264906689e+01 3.352278399520243823e+01
2.314740676067765435e+02 5.057930523586527727e+01 3.369052217548129846e+01
2.318033706378813008e+02 5.118111666710761654e+01 3.396355971814341501e+01
2.319802541647926262e+02 5.187850005732377667e+01 3.394557769135116843e+01
2.321087476078348288e+02 5.226528560467762219e+01 3.399801571553297919e+01
2.318024093622950659e+02 5.181535571606212187e+01 3.376385251034032819e+01
2.305403074318067524e+02 4.936615780793890451e+01 3.304703195138944238e+01
2.291703309786491047e+02 4.701212618285401845e+01 3.253218509405508030e+01
2.279043222125212651e+02 4.448478274289846723e+01 3.241462726318667364e+01
2.272187827958127286e+02 4.314091947332680377e+01 3.190469261228845355e+01
2.269761356721433003e+02 4.270143133052887663e+01 3.177284793325748780e+01
2.269284511116402427e+02 4.258591069837994070e+01 3.177238052402747925e+01
2.270465292659911256e+02 4.265142736195994644e+01 3.185535889091726958e+01
2.272511134040620391e+02 4.283932587242373558e+01 3.197402792108721314e+01
2.274822957730331439e+02 4.312613875880801828e+01 3.209731812930479578e+01
2.280075755571429852e+02 4.373890344030831301e+01 3.246650086867564511e+01
2.286890846716229646e+02 4.489815770211039592e+01 3.282556816678572176e+01
2.291610533463855290e+02 4.589881031122399691e+01 3.294657424310571514e+01
2.293587939078057332e+02 4.651206885908052868e+01 3.290200280445537828e+01
2.293662195412334199e+02 4.654697462761594551e+01 3.287937314248926413e+01
2.293090721485832262e+02 4.652637334532722946e+01 3.285185773121323649e+01
2.292920161212089170e+02 4.643918829536735871e+01 3.290203808062368296e+01
2.293858242717676035e+02 4.655723117354992979e+01 3.291266502632483792e+01
2.295343633974477768e+02 4.687774161970526876e+01 3.294080658958824159e+01
2.298452081734882029e+02 4.742566870386538369e+01 3.311423305200589340e+01
2.301774479456041433e+02 4.792843347355610462e+01 3.329915954529018762e+01
2.305432088966496451e+02 4.841090562743075054e+01 3.344446208252859520e+01
2.309155929482939484e+02 4.892268345812277630e+01 3.339071002107750985e+01
2.311231314654602329e+02 4.940518206912365429e+01 3.342648887477842123e+01
2.313791129807480331e+02 4.991943805063893791e+01 3.353025372384051650e+01
2.316358264765281092e+02 5.060235821185102623e+01 3.379068885537652989e+01
2.320104152886913482e+02 5.130085280136871262e+01 3.398231782063832185e+01
2.322559374200774300e+02 5.194115053222918732e+01 3.408393082343395974e+01
2.323090897866673856e+02 5.230773165418771953e+01 3.412101489536206600e+01
2.317528639839140681e+02 5.144686086197317110e+01 3.385929218368301008e+01
2.305745429531444302e+02 4.922556463916889413e+01 3.321281230432750675e+01
2.294608566817472308e+02 4.721201859054069416e+01 3.287250310871232983e+01
2.285892178391583229e+02 4.555080209187678264e+01 3.256406593115855941e+01
2.283232531682408535e+02 4.499148080535492511e+01 3.256362497905477227e+01
2.283098041290755020e+02 4.472157402262966031e+01 3.255765448756955749e+01
2.284297519203464049e+02 4.483557777954158752e+01 3.256764646224127091e+01
2.288347399705444047e+02 4.533545872247356812e+01 3.269194204125547998e+01
2.294067254014868809e+02 4.630324276177121590e+01 3.291613972890264961e+01
2.298891975553615339e+02 4.737180199486731880e+01 3.316097397500683286e+01
2.303874910707199035e+02 4.828815338077978225e+01 3.335435792964167945e+01
2.308227107971532064e+02 4.894520729158399064e+01 3.352433614660775874e+01
2.310179820267922537e+02 4.935680962333871236e+01 3.344025539945850767e+01
2.310053707966240779e+02 4.934335176513127408e+01 3.343254755668439060e+01
2.308939245619140763e+02 4.925441172579834159e+01 3.341814606097485552e+01
2.308042966372992453e+02 4.915557672125653710e+01 3.341455671085006429e+01
2.308490179996648806e+02 4.918989161397288967e+01 3.338667971884893859e+01
2.310178497411611147e+02 4.939745658826538488e+01 3.342887001613884479e+01
2.312894674180490426e+02 4.992288629609051753e+01 3.359853956663227592e+01
2.315097141748463230e+02 5.060479226746390680e+01 3.368145620022752951e+01
2.318832270638763191e+02 5.130912506283567609e+01 3.394302016914922859e+01
2.322470831018334820e+02 5.197976029843638202e+01 3.411463872794136876e+01
2.325385436233916323e+02 5.277410905627430537e+01 3.424850296760765644e+01
2.330193754354401960e+02 5.366243352647035181e+01 3.455283929059625336e+01
2.335491264738824100e+02 5.446483406972334507e+01 3.477907417696290082e+01
2.339177624326445653e+02 5.502108632960288048e+01 3.487424927904331184e+01
2.339009092432380044e+02 5.508557998430210745e+01 3.487374659364499507e+01
2.325156141139949284e+02 5.317340882433349947e+01 3.413099805099169970e+01
2.309140055207203375e+02 5.003825700452416925e+01 3.325948267499184396e+01
2.298922489439197250e+02 4.785801342258204016e+01 3.310601370479138694e+01
2.288862608143503508e+02 4.613368785882477141e+01 3.269054863260752342e+01
2.286210810381776355e+02 4.548950093040893705e+01 3.255003483521620211e+01
2.286448571756135948e+02 4.534038856699385178e+01 3.253860535668615483e+01
2.288696633771639597e+02 4.559126385691985917e+01 3.264791738321383718e+01
2.291563616160012771e+02 4.597668245275198018e+01 3.286184088684287019e+01
2.293561217380567996e+02 4.646262049016235807e+01 3.293199636655466378e+01
2.296253318164581003e+02 4.702779762062245084e+01 3.305597446005415208e+01
2.299608699103103504e+02 4.755217786244057976e+01 3.323760263160215800e+01
2.301390498364067696e+02 4.794600100537079612e+01 3.333944492949176208e+01
2.302545792875977781e+02 4.812107662865659563e+01 3.328638957236464790e+01
2.302977837747263834e+02 4.820456649998676824e+01 3.321469957933169326e+01
2.303441719360443187e+02 4.831663888668413165e+01 3.316319637360989958e+01
2.304725507315395419e+02 4.862534945454224555e+01 3.313011614678413963e+01
2.307104355724881088e+02 4.913895282694393529e+01 3.323441013837076952e+01
2.308321736293003994e+02 4.959918335670379719e+01 3.333724016897284770e+01
2.308701572435201967e+02 4.989722288365037883e+01 3.329500577647255710e+01
2.309531973437045167e+02 5.006827702374967970e+01 3.340776604845181907e+01
2.309616107098447060e+02 5.012498346429610763e+01 3.345787584552565619e+01
2.310567681738409647e+02 5.020105652124066609e+01 3.348747255073153895e+01
2.312280251519080139e+02 5.052936300059087671e+01 3.354081893624714183e+01
2.316530588847439276e+02 5.126099955022885268e+01 3.385760774664655770e+01
2.320173999700152478e+02 5.218478538861108973e+01 3.402830030602076050e+01
2.326795071919288205e+02 5.332430263424787142e+01 3.427883165330581505e+01
2.331953770581439471e+02 5.412515984513762390e+01 3.452341014718981427e+01
2.328544858057517786e+02 5.374926581474720422e+01 3.428135389933945021e+01
2.308126306320607455e+02 5.032363238705011810e+01 3.341474191073365319e+01
2.294244781331851755e+02 4.758849467770810548e+01 3.288609325255090710e+01
2.281064722949793122e+02 4.496427406055154563e+01 3.247874169907664310e+01
2.272767150832076481e+02 4.348367154359693387e+01 3.188671058549620341e+01
2.271388381793969415e+02 4.300910125142207363e+01 3.186448659946556461e+01
2.271333350971417531e+02 4.282203173091338755e+01 3.193623832579305244e+01
2.272393135257648282e+02 4.287571324002787065e+01 3.202992300976267614e+01
2.275639777407378119e+02 4.321776860597402248e+01 3.229003183674189614e+01
2.279399775996331243e+02 4.369169510807736145e+01 3.256554753022726345e+01
2.284223792011711680e+02 4.433086400155215046e+01 3.280754204478309788e+01
2.288485417713928030e+02 4.515681138714712972e+01 3.292293921034297455e+01
2.292484588723972934e+02 4.591206533146369395e+01 3.294261449321374613e+01
2.295157552186681471e+02 4.653515711123457521e+01 3.301476307643464025e+01
2.297391503734864386e+02 4.697557125345044682e+01 3.310996463564127623e+01
2.297649196144314772e+02 4.722661410517589786e+01 3.309146228536656054e+01
2.297579525711917086e+02 4.731712393399828898e+01 3.310860650316162435e+01
2.299101163231649707e+02 4.751985607323332772e+01 3.316779991357338986e+01
2.300250813556631613e+02 4.781251598451375884e+01 3.317580760377807536e+01
2.300466791897064240e+02 4.785136386485699944e+01 3.318481184573731468e+01
2.301068603328306494e+02 4.791894418428270086e+01 3.325608734379271425e+01
2.304082863719342811e+02 4.830455679904049049e+01 3.334460406910601193e+01
2.307776366731045812e+02 4.903929765148909325e+01 3.329360354878252792e+01
2.311976259138732246e+02 4.979065357920822521e+01 3.343064264359605176e+01
2.314926228713037233e+02 5.048793995996155104e+01 3.366397685883359259e+01
2.316432785670820351e+02 5.104778156996587057e+01 3.374422132267993391e+01
2.317037860147630681e+02 5.144365954969971000e+01 3.374398320854388800e+01
2.317478900441834071e+02 5.160611512377525401e+01 3.379475443377340582e+01
2.314600012346658957e+02 5.106880616627422143e+01 3.364883456358970193e+01
2.302877388858022130e+02 4.887935550440511179e+01 3.311565291778006781e+01
2.287598310271538367e+02 4.616968718857757636e+01 3.256133202811510330e+01
2.273454506971452815e+02 4.333559982714677261e+01 3.180792126359234828e+01
2.263778342196470703e+02 4.205063893959837884e+01 3.130346323782310591e+01
2.262445784938840063e+02 4.182827561270294581e+01 3.131598627757053066e+01
2.262830471554179894e+02 4.180977326242823722e+01 3.132009595117778389e+01
2.264640756321048514e+02 4.192411214293903043e+01 3.149668844970059212e+01
2.266775317265038723e+02 4.210541400993024297e+01 3.172421091621028211e+01
2.268707040241289121e+02 4.234063550017197031e+01 3.183792364473370995e+01
2.273178382764064054e+02 4.282851372683899172e+01 3.210867705549823370e+01
2.279536559338924633e+02 4.362582568281433026e+01 3.234045911933046114e+01
2.285701598892328263e+02 4.454746849397218256e+01 3.270039950260602524e+01
2.289794957271741112e+02 4.534762900053796386e+01 3.294929932710709153e+01
2.292640773959132616e+02 4.599146316727077277e+01 3.301333439161837902e+01
2.293447098976109260e+02 4.622697568590099593e+01 3.302928803873323460e+01
2.293160832870333650e+02 4.622470037304547930e+01 3.302436701325502355e+01
2.292357418137241893e+02 4.603020521910909935e+01 3.299704562090465743e+01
2.291883130054413584e+02 4.599240680477286247e+01 3.290739123916360143e+01
2.292276988473512063e+02 4.604911324531929040e+01 3.290278769920011115e+01
2.293480875907258962e+02 4.624416399890643703e+01 3.292918309213253281e+01
2.295202000158742806e+02 4.659703151043733982e+01 3.303240116058593401e+01
2.299230450388478744e+02 4.748727853180587744e+01 3.317672478415394721e+01
2.304353608311065216e+02 4.827533049360178552e+01 3.340751911527370055e+01
2.308174281909498973e+02 4.886785547353846226e+01 3.333395948532070463e+01
2.310159536471148556e+02 4.917656604139658327e+01 3.343371167023838098e+01
2.312318702542529820e+02 4.953799684278293824e+01 3.345403956222275355e+01
2.314302369676605622e+02 4.990099743365875895e+01 3.348551472339074309e+01
2.314606362056953515e+02 5.022595267702022426e+01 3.352963639089522019e+01
2.313140460883138871e+02 5.013636884761577051e+01 3.349275515693485517e+01
2.304168761189159511e+02 4.867049413092750143e+01 3.323459533825435841e+01
2.289960137929818131e+02 4.634983376105687114e+01 3.258797435422564348e+01
2.277384624882045330e+02 4.367869584005785555e+01 3.218340079900521289e+01
2.268280198604827547e+02 4.246741804905150985e+01 3.163561481951830245e+01
2.266202432291804598e+02 4.220249402509899284e+01 3.156802568105052487e+01
2.265728673351500504e+02 4.211814870668747801e+01 3.156799040488222019e+01
2.267536047834484236e+02 4.227369897081779015e+01 3.165678052049986491e+01
2.270760995140707905e+02 4.261376123325484144e+01 3.178663209602173012e+01
2.277036272720057184e+02 4.340186610930320654e+01 3.216463387746822633e+01
2.284304486246703902e+02 4.445379262904463502e+01 3.262146907602895851e+01
2.289634715277226462e+02 4.570225150144191417e+01 3.279566279510719795e+01
2.293514917409671057e+02 4.663465354393206042e+01 3.291657186196434992e+01
2.294856999232743249e+02 4.696218394757961079e+01 3.288531717684825395e+01
2.294735120071257768e+02 4.691147445564462970e+01 3.291824747995872968e+01
2.293631857907594167e+02 4.671630023546842381e+01 3.291299133088163842e+01
2.292959053187642837e+02 4.660813468441057950e+01 3.286084433508832348e+01
2.293843603107830518e+02 4.668254976144491053e+01 3.289458599006975703e+01
2.295577426779903192e+02 4.700010582850490692e+01 3.293462444109320586e+01
2.298946741804905116e+02 4.754423190553042389e+01 3.314401495709535794e+01
2.302688396786340945e+02 4.810380012523039994e+01 3.320388743374694940e+01
2.305550175939889357e+02 4.872143291795644870e+01 3.317970562037551474e+01
2.307581024949070070e+02 4.909162102812392448e+01 3.330645289308674961e+01
2.309693361907029612e+02 4.958830947782451659e+01 3.343147163355116191e+01
2.311313419936326454e+02 5.005039200642026032e+01 3.339153901103262001e+01
2.313043186849044446e+02 5.048490620948752650e+01 3.354797117937049933e+01
2.316047658103376818e+02 5.118774858674850492e+01 3.375419565926748788e+01
2.318641691139508509e+02 5.178224021306805724e+01 3.394364632113659752e+01
2.317235230309283907e+02 5.175052693776402180e+01 3.378229312732050715e+01
2.307284440564066017e+02 4.991665123334303189e+01 3.320655960349586877e+01
2.297156829025231275e+02 4.783341711423305043e+01 3.296214867141131322e+01
2.287131341993632532e+02 4.573867414521434682e+01 3.256335158875042879e+01
2.282224515173161876e+02 4.464794384034006214e+01 3.236962369147462937e+01
2.281026271926343441e+02 4.435837059378610547e+01 3.235820303198666892e+01
2.281808609148874325e+02 4.438690019490083216e+01 3.247584023423375754e+01
2.283733541462726180e+02 4.462722791050435944e+01 3.256303410323570802e+01
2.286744891569877609e+02 4.503510860650316516e+01 3.267579437521496288e+01
2.291089769029288163e+02 4.580359111393320148e+01 3.288395022532652234e+01
2.295861840886842913e+02 4.691518727235847308e+01 3.302097168205589384e+01
2.300983940524380102e+02 4.785512959582329984e+01 3.320096833081990439e+01
2.304926228713037233e+02 4.851955622580275218e+01 3.327783510155126834e+01
2.305984601952535797e+02 4.897861382296655108e+01 3.323378398638340059e+01
2.306888641955710852e+02 4.915380409379933013e+01 3.323060031219409183e+01
2.307368926987150530e+02 4.928490797329594386e+01 3.318073744829836613e+01
2.308105581571729772e+02 4.947607834836980345e+01 3.321738056812269235e+01
2.308652362180419857e+02 4.978534451587868404e+01 3.315088499087229224e+01
2.309815770211039592e+02 5.006887671861082367e+01 3.326680247991463091e+01
2.312244446208252953e+02 5.046344948011746823e+01 3.340987379950789915e+01
2.315324673034015177e+02 5.098697427485426203e+01 3.364559797514793615e+01
2.316994911412722331e+02 5.158708363097600369e+01 3.374598513109506115e+01
2.318931308481272708e+02 5.182589447134252225e+01 3.383473115150232502e+01
2.318764981347725893e+02 5.158153645351041661e+01 3.387450503126350299e+01
2.318244569674841955e+02 5.111729325960614290e+01 3.379944616415765068e+01
2.319520420491926131e+02 5.052323376634829799e+01 3.373174237814288290e+01
2.320071875192916480e+02 5.029366528207705755e+01 3.367899568748842398e+01
2.321093032074855955e+02 5.040964450441393296e+01 3.368355513224153697e+01
2.322986656789339577e+02 5.059159898051873938e+01 3.380859151079009450e+01
2.326956107627589461e+02 5.095000485047314243e+01 3.400181672266758426e+01
2.328166080200368526e+02 5.104770219858718860e+01 3.405093878702895438e+01
2.321822190473670844e+02 5.015532096903634596e+01 3.389715233131376948e+01
2.312072563078198471e+02 4.810360610630473133e+01 3.369367939254438227e+01
2.302832058981753391e+02 4.631797938107962409e+01 3.340997962801280607e+01
2.296811916289652515e+02 4.524460495101022417e+01 3.321928548121103120e+01
2.294276882645007163e+02 4.479394308190244089e+01 3.315422740781896493e+01
2.293566773377075663e+02 4.459036431462814676e+01 3.316041837535606618e+01
2.294577964741469884e+02 4.469596352444197862e+01 3.324202979072413200e+01
2.298432415271053344e+02 4.516346094487217044e+01 3.337770193401592422e+01
2.302854459348625653e+02 4.580709227363723812e+01 3.354838567434805441e+01
2.306774258979989725e+02 4.641319857837041951e+01 3.365843850041008523e+01
2.310802973780987770e+02 4.702885590567152718e+01 3.375867573264191890e+01
2.313114797470698818e+02 4.755313913802682890e+01 3.376103923591819722e+01
2.314938487181522362e+02 4.800159624661569069e+01 3.387366722226632021e+01
2.314246192378583942e+02 4.829059625543473544e+01 3.378881039941441600e+01
2.312950498716829486e+02 4.839871771128220246e+01 3.368777945339576974e+01
2.312399573158363637e+02 4.849376052773147450e+01 3.366237179317582218e+01
2.312918309213253281e+02 4.871439532238008496e+01 3.365750368195006814e+01
2.313977740737801128e+02 4.901915495938830958e+01 3.371887539575451598e+01
2.314544893333685991e+02 4.919312820241465545e+01 3.367741707895688563e+01
2.315158434090889159e+02 4.934766427670626143e+01 3.370635235600708768e+01
2.316639768588335926e+02 4.953961072748278127e+01 3.373024314099002652e+01
2.318838355777795357e+02 4.983571888421479912e+01 3.375675318146942772e+01
2.322676579269959802e+02 5.047322979777936780e+01 3.393230503302731194e+01
2.326093428931749543e+02 5.092143115414803844e+01 3.419804040885079388e+01
2.330960570062879640e+02 5.161017188313005732e+01 3.445829915954529099e+01
2.336073938848762168e+02 5.257059202229454087e+01 3.452942473388540634e+01
2.338348193419230938e+02 5.326260461588662309e+01 3.458193331040382645e+01
2.338550237673183858e+02 5.381752520041273158e+01 3.468508964556269802e+01
2.338724237373336621e+02 5.424256775229074634e+01 3.477441772274695353e+01
2.340555511460345315e+02 5.467051176901164666e+01 3.494115935127126704e+01
2.343578414512615780e+02 5.509570424460495275e+01 3.507849829351535931e+01
2.345700011464754766e+02 5.541021774214884488e+01 3.508837562064008608e+01
2.342954555476184169e+02 5.514360928115988258e+01 3.494668007161062206e+01
2.334673739538411326e+02 5.332309442548350376e+01 3.436321224788563455e+01
2.326250760642379021e+02 5.098648040849803209e+01 3.393235794727976895e+01
2.316796394775599595e+02 4.959716379606847170e+01 3.349265814747202086e+01
2.313168946389043299e+02 4.847121905618611493e+01 3.353211454171847805e+01
2.309931828804755298e+02 4.772615110546692563e+01 3.339243855332433952e+01
2.308912523921651712e+02 4.748428005750015757e+01 3.330994523374871363e+01
2.310073991763014760e+02 4.754162146907602704e+01 3.344023776137436244e+01
2.311522607614360822e+02 4.768075067686147861e+01 3.358266529089610231e+01
2.314144156061768456e+02 4.806986445132329777e+01 3.379416355795433446e+01
2.317853268777945459e+02 4.861242955790142162e+01 3.398058046934941956e+01
2.320480725983543664e+02 4.919191999365028778e+01 3.395727174114347946e+01
2.322076355266291046e+02 4.961049818768685071e+01 3.398098614528490202e+01
2.323284475840234222e+02 4.986701766454127949e+01 3.402990537167853091e+01
2.323559453572152904e+02 4.996302175657680067e+01 3.405126509158575487e+01
2.323994232346482534e+02 5.007699905636249582e+01 3.406200668483389649e+01
2.324346994029508551e+02 5.022092582303709918e+01 3.400298965526364725e+01
2.325268231164730821e+02 5.044069635156229481e+01 3.389075852580892700e+01
2.327651930047358348e+02 5.085848083181204515e+01 3.399091638666207871e+01
2.332737254279440151e+02 5.144865994655660302e+01 3.433534407492658147e+01
2.336912365178894220e+02 5.206900900424196266e+01 3.448225167782275236e+01
2.341848823980739098e+02 5.281860112354596026e+01 3.475799666640209296e+01
2.344622412713530935e+02 5.363296910689560804e+01 3.485117866497341055e+01
2.345021650748295770e+02 5.437138749988976372e+01 3.496627598310271878e+01
2.345385612614757918e+02 5.495054281203975677e+01 3.514453528057782705e+01
2.347015018828654718e+02 5.538112372234127889e+01 3.525648420068612410e+01
2.350009524565441836e+02 5.585049959873358461e+01 3.530035011597040295e+01
2.354268328174193812e+02 5.637338942244093687e+01 3.526157278796377170e+01
2.357874346288506047e+02 5.681583194433420658e+01 3.535666851866550076e+01
2.358253035955234509e+02 5.692598177985907171e+01 3.526165215934245367e+01
2.353031369332663019e+02 5.628973198931132060e+01 3.517722746955225688e+01
2.342892733991233740e+02 5.488052843700117478e+01 3.507845419830498201e+01
2.342192854812110170e+02 5.361940542018326283e+01 3.476444338615939245e+01
2.341178224021306846e+02 5.290342267022955980e+01 3.460563889550316929e+01
2.338908290781455435e+02 5.235926131703574526e+01 3.457478106728046896e+01
2.339139173302995687e+02 5.226763146986974107e+01 3.456647352964520792e+01
2.339799631364041375e+02 5.236059299238916509e+01 3.460429840110766975e+01
2.342684516407827857e+02 5.271002107751056087e+01 3.478801668562761051e+01
2.347026219012090849e+02 5.331852616168831815e+01 3.486208782002098872e+01
2.349661084213032893e+02 5.388902117452002472e+01 3.502101577726627113e+01
2.351640694587754012e+02 5.455502641303101541e+01 3.518472365531656010e+01
2.352327874346288468e+02 5.508035029235124824e+01 3.532545792875977497e+01
2.351257330828725287e+02 5.541601185279255048e+01 3.539081584958241677e+01
2.350796447689851902e+02 5.556729370055824546e+01 3.543760968683581325e+01
2.350951045497438088e+02 5.571114109585416685e+01 3.544668448113166193e+01
2.352334753199107524e+02 5.597207891278848990e+01 3.544275118836591787e+01
2.354979231155911918e+02 5.631836741893095422e+01 3.537577056380136042e+01
2.359202141263415911e+02 5.690811440061380466e+01 3.536061944951539715e+01
2.362366589941000541e+02 5.733486784665449676e+01 3.544628762423825208e+01
2.365106930885167174e+02 5.763038512756744325e+01 3.555207203393567283e+01
2.366846134172906204e+02 5.829965341164642467e+01 3.569921775096788963e+01
2.368637105237629044e+02 5.872593062941503206e+01 3.578818424742704707e+01
2.370439276485788014e+02 5.950257956980712493e+01 3.570857475461015440e+01
2.372984892980924485e+02 6.019763473291531142e+01 3.579005388434708124e+01
2.377530932790080271e+02 6.075345485973313231e+01 3.592188092529389110e+01
2.384231905530421329e+02 6.149070032013122500e+01 3.626800186963691885e+01
2.388572549849635323e+02 6.240016403418260893e+01 3.644183400799005312e+01
2.387228880598989349e+02 6.346384633701087097e+01 3.642924041590602258e+01
2.385016182942208900e+02 6.426938645924279569e+01 3.646673898281168391e+01
2.384147860059440234e+02 6.482807277473520458e+01 3.648488857140337416e+01
2.383497808468044070e+02 6.482296654937340463e+01 3.640838338139711539e+01
2.382861426391865223e+02 6.294268504555035548e+01 3.624944660510975325e+01
2.375652124066284046e+02 6.057701228492560830e+01 3.565962025204822083e+01
2.366608196417705017e+02 5.899127796738718388e+01 3.549230538578899541e+01
2.363784427335502869e+02 5.755521161291460430e+01 3.536613135081267245e+01
2.360610101330793498e+02 5.707332151581695001e+01 3.525109576597790095e+01
2.358411161379650878e+02 5.676260902540766295e+01 3.526759619370144350e+01
2.356673457329064831e+02 5.651387676270603322e+01 3.529558783324955584e+01
2.356786164686791665e+02 5.650920267040594069e+01 3.533670220740623336e+01
2.357686324311453347e+02 5.660526849573599151e+01 3.537894541894859657e+01
2.359446605109752966e+02 5.680613099805098898e+01 3.541783739450220736e+01
2.363114621089857224e+02 5.719438050638939330e+01 3.553569507280118955e+01
2.366214073427344431e+02 5.763188436472030673e+01 3.566088137506503841e+01
2.368151705161785401e+02 5.801783210307696237e+01 3.571523313137726774e+01
2.369274545598857173e+02 5.832300623506274917e+01 3.578906615163460714e+01
2.369269959696977708e+02 5.842883473997054722e+01 3.577171027682972948e+01
2.369066592586713114e+02 5.846813239145964047e+01 3.575472480179202961e+01
2.368916668871427191e+02 5.851305659179300278e+01 3.569076910865941699e+01
2.368750959070825672e+02 5.872359358326498580e+01 3.569772733285710586e+01
2.369129119595029636e+02 5.904868111225759009e+01 3.574503267455089173e+01
2.370461147710135776e+02 5.942747660749089533e+01 3.568114753375488135e+01
2.372287130371898911e+02 5.997906359411241084e+01 3.572775617112468893e+01
2.375855932128652057e+02 6.055691368803520902e+01 3.594129163690239892e+01
2.381455935656269105e+02 6.118985633780458500e+01 3.622248679348449230e+01
2.386331895829474945e+02 6.191059255143706253e+01 3.646494871727033171e+01
2.388307714016103489e+02 6.264294344348316912e+01 3.659056715259588799e+01
2.386371581518815503e+02 6.353226446543376227e+01 3.648614969442019174e+01
2.383858595479358939e+02 6.430333977123405020e+01 3.656926916598319366e+01
2.385414627263186560e+02 6.502681870695205646e+01 3.657142101224965103e+01
2.389448457108588855e+02 6.560659135204734582e+01 3.676200051150443926e+01
2.392982335458722503e+02 6.600331595982044064e+01 3.691163319840198653e+01
2.395226958047816765e+02 6.641438914905063484e+01 3.681603478230194781e+01
2.395810249490700414e+02 6.690672099196585521e+01 3.665095995272993434e+01
2.394534222292774643e+02 6.676121561675971350e+01 3.656142021853586499e+01
2.385982220811175409e+02 6.519713204751700175e+01 3.656454215943064412e+01
2.387157622739018166e+02 6.230124965826212247e+01 3.630055295393814419e+01
2.375634750553394952e+02 6.057144746937587598e+01 3.562728082475681646e+01
2.369732959405949373e+02 5.943007822490321246e+01 3.548246333483257331e+01
2.370062615198737035e+02 5.871635314972088082e+01 3.569397923997495070e+01
2.369493081461491784e+02 5.849286098543976209e+01 3.571784356783166459e+01
2.369414062844493856e+02 5.841126720815584861e+01 3.571579755007011414e+01
2.369609316436048800e+02 5.832681606123942686e+01 3.578269880325598962e+01
2.370430016491608569e+02 5.845890767344850758e+01 3.582365443465531030e+01
2.371917965270612285e+02 5.884929138996922404e+01 3.581765748604386346e+01
2.372691924403171413e+02 5.923792893615895139e+01 3.583910539637184911e+01
2.373543138344313093e+02 5.987667451561411269e+01 3.587505181187219705e+01
2.374183312608584515e+02 6.016046247056645058e+01 3.582378672028644218e+01
2.373983208543887997e+02 6.018899207168117726e+01 3.581383002178303343e+01
2.373860094716511924e+02 6.017216533940083423e+01 3.579404009136527520e+01
2.372777821872988113e+02 6.006922948029384912e+01 3.574377155153407415e+01
2.369801130601194075e+02 5.982182889294564632e+01 3.559655528216524800e+01
2.370145602384668848e+02 5.982861955534389864e+01 3.557512500992142179e+01
2.371455141942482214e+02 6.002391724210916379e+01 3.561981109611873819e+01
2.374626204901623510e+02 6.041369244472665656e+01 3.580703054034270849e+01
2.377456059122858107e+02 6.075114427070931811e+01 3.591125397959273613e+01
2.381556296355090012e+02 6.120049210254781968e+01 3.605317882371616633e+01
2.386316903457946523e+02 6.181515287809438064e+01 3.634467462144262129e+01
2.387284616944907327e+02 6.229193674983023499e+01 3.637614978261061083e+01
2.384732209787372881e+02 6.306951168964027232e+01 3.621340318014657100e+01
2.382548526779021358e+02 6.378691430536814977e+01 3.613197696466210118e+01
2.381248599977070626e+02 6.420717693644115798e+01 3.622962139852369035e+01
2.381899886234357098e+02 6.445769946468413991e+01 3.628116869945586842e+01
2.381890361668915546e+02 6.449817886781137588e+01 3.636928856787575626e+01
2.379924332618990945e+02 6.372713883817939973e+01 3.613299997354287285e+01
2.378221728355865991e+02 6.092876859715497773e+01 3.586915187272358452e+01
2.364414636082228753e+02 5.933198401989575643e+01 3.538967819315465846e+01
2.361463343651612661e+02 5.744734590928733553e+01 3.525480858269175144e+01
2.354841036766586342e+02 5.636358264765281234e+01 3.519716732368529932e+01
2.351459110511416384e+02 5.591975553615366579e+01 3.515815188154262927e+01
2.350712049457187902e+02 5.577206303851275493e+01 3.517129225423534677e+01
2.350623594465169219e+02 5.576274131103879483e+01 3.522404776393187831e+01
2.351190217918529584e+02 5.584305632722173840e+01 3.521559030258133305e+01
2.353303348590276016e+02 5.611001754989373325e+01 3.527031245866074016e+01
2.356509864098561593e+02 5.650203278919843797e+01 3.534482454515790550e+01
2.360112354596043645e+02 5.695786261696254371e+01 3.546100660546251504e+01
2.362284661040117726e+02 5.728071010926792894e+01 3.546365231808520946e+01
2.362508223756735504e+02 5.732306796835727880e+01 3.546156220511328172e+01
2.362212433085518342e+02 5.727355786614457855e+01 3.546152692894497704e+01
2.361645545060895586e+02 5.722575865809455564e+01 3.540790715312503067e+01
2.362184300341296819e+02 5.736450864707075681e+01 3.539872653032427507e+01
2.363146457831750240e+02 5.755910962951204368e+01 3.540119586210546032e+01
2.363612720586289981e+02 5.767364252894850551e+01 3.543845631487507575e+01
2.364237814288611901e+02 5.786371052376291146e+01 3.545898704482718955e+01
2.364903740155744174e+02 5.809204434214355928e+01 3.550427282588564992e+01
2.365205527775572989e+02 5.861855879214400034e+01 3.553381661683907566e+01
2.366276776816502263e+02 5.900974504149359490e+01 3.557123581236606213e+01
2.367052587947896996e+02 5.937136986180561138e+01 3.554704517995255486e+01
2.368162640773959140e+02 5.968411955093437626e+01 3.556224038944889543e+01
2.371946715347778820e+02 6.018428270321278006e+01 3.562891234754081182e+01
2.375977370338033836e+02 6.062297713222389461e+01 3.587857942870245154e+01
2.376739864715894441e+02 6.070532934712631601e+01 3.587602190650051881e+01
2.367921969115714660e+02 5.978718769567249325e+01 3.549436022259261847e+01
2.359904048822216964e+02 5.731328765069537923e+01 3.518220140928292494e+01
2.345194592163399250e+02 5.514942984892980604e+01 3.500071434240813062e+01
2.344105528657477180e+02 5.323569771851381205e+01 3.449017117760669038e+01
2.334616063003236661e+02 5.166853630358670557e+01 3.428509317317953276e+01
2.330452240477639236e+02 5.108362215696131159e+01 3.397429249234948401e+01
2.327846213544284808e+02 5.052278399520243823e+01 3.382625605206762742e+01
2.327914561120371104e+02 5.041821661331146487e+01 3.392013475496291619e+01
2.329067827252603706e+02 5.045226693476554658e+01 3.404791385559700245e+01
2.330434514203067238e+02 5.063763438015362794e+01 3.411150796800451701e+01
2.333105537476519373e+02 5.103942111807815252e+01 3.430976885290719736e+01
2.335277050206806564e+02 5.140014639609845659e+01 3.445883712111190533e+01
2.337227910504361148e+02 5.168966672839996335e+01 3.458428799463802505e+01
2.338997451296840211e+02 5.192916545404838047e+01 3.467224030125847634e+01
2.339489024702136817e+02 5.201082978366889620e+01 3.467388064308455142e+01
2.338982282544469911e+02 5.193941318094028503e+01 3.469238299335926001e+01
2.337550511063488159e+02 5.180307960949281920e+01 3.456948964203508012e+01
2.337198807665511424e+02 5.180025751602860851e+01 3.449361060401619028e+01
2.337996754592516027e+02 5.192686368406663888e+01 3.451470575266114338e+01
2.339187237082308002e+02 5.213717138044465571e+01 3.463890432221251814e+01
2.340489721406460717e+02 5.227461615119365490e+01 3.472548085826917230e+01
2.342017003113121802e+02 5.248526779021262456e+01 3.473675159404185564e+01
2.343608928398197406e+02 5.272146819412475338e+01 3.480937640553482737e+01
2.346628392024058485e+02 5.313139490788510244e+01 3.490746179150021078e+01
2.349351006693652835e+02 5.355238070040832099e+01 3.496880704817842656e+01
2.351415368062721143e+02 5.397911650836486075e+01 3.504168761189159653e+01
2.352611847501124487e+02 5.451514670476493052e+01 3.508446878500057409e+01
2.352891411134922635e+02 5.483919358679260370e+01 3.515017064846416162e+01
2.351269589297210416e+02 5.469226834581228047e+01 3.511780476404653228e+01
2.343458651921228295e+02 5.297535077739856035e+01 3.480863560600047890e+01
2.327073930029720259e+02 5.052979513365258413e+01 3.388769831820867751e+01
2.317879725904172403e+02 4.821536100748736686e+01 3.377629617870906742e+01
2.308363979504546251e+02 4.659988888006984808e+01 3.350322335987865330e+01
2.304137982732315493e+02 4.597553597728214925e+01 3.326947464966355028e+01
2.302541736116623099e+02 4.565919693802859314e+01 3.322439170657283114e+01
2.302833293647643984e+02 4.557176495489059675e+01 3.326070852184035687e+01
2.304000141104673105e+02 4.560671481863639798e+01 3.339272076267075562e+01
2.305352805778236416e+02 4.573815382173188482e+01 3.351948567346614993e+01
2.306897284616945001e+02 4.606374403612279878e+01 3.362724554858851178e+01
2.310345265497261664e+02 4.655663147868878582e+01 3.381203093719960151e+01
2.313614484394705073e+02 4.708659417414080650e+01 3.381626407739591400e+01
2.316975862281838943e+02 4.752580892663439016e+01 3.392629926537379248e+01
2.318381088446172953e+02 4.783234119109982174e+01 3.395640747502006462e+01
2.318905821449674249e+02 4.795487296169890357e+01 3.397344586431022151e+01
2.319363617923821153e+02 4.804693494192660808e+01 3.392706652203438011e+01
2.320233792805425423e+02 4.817229762503196611e+01 3.394030390418992482e+01
2.321854997310192061e+02 4.847827428984663811e+01 3.403938584190985495e+01
2.324237196955666604e+02 4.885294247338853779e+01 3.402210051944157954e+01
2.326176945260205855e+02 4.933438279934033233e+01 3.406516390189697319e+01
2.328310095157463877e+02 5.012421620763552710e+01 3.404699667522113771e+01
2.332814509088022987e+02 5.121176283832050302e+01 3.437256043248582671e+01
2.339638331084477727e+02 5.214903299203640330e+01 3.476038662680459623e+01
2.344629820708874490e+02 5.312160577118113736e+01 3.474464463669956160e+01
2.347767194927286880e+02 5.383770316868181993e+01 3.487924967590020486e+01
2.349111305130036840e+02 5.446516037428014556e+01 3.504461553386071415e+01
2.347362048134331758e+02 5.488079300826344564e+01 3.523022991242691404e+01
2.347511619087934776e+02 5.513562804808141493e+01 3.530519177006993203e+01
2.346616133555573072e+02 5.512784965297069562e+01 3.518717534901359301e+01
2.344099972660969513e+02 5.394381388293603408e+01 3.467336913864416204e+01
2.330539989946292110e+02 5.123295499642829043e+01 3.414256863419495147e+01
2.317958568140328737e+02 4.854614563766083535e+01 3.382647652811951389e+01
2.307089451543773180e+02 4.647366193084107522e+01 3.333441807550863700e+01
2.300672275577426831e+02 4.536372375232602394e+01 3.328690989584710991e+01
2.299024437565591654e+02 4.480419962783642518e+01 3.331060666190438724e+01
2.299268901411928709e+02 4.462563166388866875e+01 3.331358749812595477e+01
2.301220114471166198e+02 4.473302113924385282e+01 3.341783739450220736e+01
2.302948205765889611e+02 4.505490735596299601e+01 3.352249296681394242e+01
2.306443103950049078e+02 4.551209531620675364e+01 3.367484191867079346e+01
2.309967369544320093e+02 4.631635667733770845e+01 3.387103914772777102e+01
2.313481846001887163e+02 4.691568995775678985e+01 3.394098297042975076e+01
2.315484738647687948e+02 4.719002389960402155e+01 3.398381705779118533e+01
2.315475655034350098e+02 4.723349295799490477e+01 3.391919993650289911e+01
2.314871727033009563e+02 4.719892231305835395e+01 3.392844229259817723e+01
2.313974742263495443e+02 4.709162102812392448e+01 3.388707216622130858e+01
2.313507068462223515e+02 4.705751779241738575e+01 3.388126041749345063e+01
2.314221675441613399e+02 4.713028370858357619e+01 3.393594729740455307e+01
2.316870033776931166e+02 4.752960111472691551e+01 3.400336005503082504e+01
2.320996904516231325e+02 4.813838840825109600e+01 3.407542044783095747e+01
2.324478662327697975e+02 4.864370188110167703e+01 3.416417528728029396e+01
2.327829810126024199e+02 4.941318975932833979e+01 3.404391001049466325e+01
2.330048151969733112e+02 4.978741699076645943e+01 3.410700143750386104e+01
2.331117549011826213e+02 5.023297263451244277e+01 3.414568175604765798e+01
2.332090289352770469e+02 5.053121499942676564e+01 3.417393796685804119e+01
2.332570045241685932e+02 5.071704985404485200e+01 3.423697647961478197e+01
2.334943161273822341e+02 5.115155523807003846e+01 3.434851090474552393e+01
2.337284528754486814e+02 5.161018952121420256e+01 3.458702189768147406e+01
2.334620031572170546e+02 5.118111666710761654e+01 3.440359464155003621e+01
2.324116111507968014e+02 4.893579737368926885e+01 3.406407034067959216e+01
2.313054210651638982e+02 4.710886225538182259e+01 3.373604607067580474e+01
2.306288153380779704e+02 4.578360716458978175e+01 3.356048540007584080e+01
2.303748974786358588e+02 4.517424663333068935e+01 3.348033794569234090e+01
2.303994055965640939e+02 4.477420606573713968e+01 3.352338369006358221e+01
2.305270171353987507e+02 4.471862846257639745e+01 3.357421664858762966e+01
2.307613479023908383e+02 4.499405596564101018e+01 3.364117963506804188e+01
2.311619176125089155e+02 4.584892980924411887e+01 3.386933707260717341e+01
2.316869328253565072e+02 4.707832191267384303e+01 3.409152401866109017e+01
2.321135539857660604e+02 4.795459075235248037e+01 3.426144932137471244e+01
2.324346729458246159e+02 4.837159915689957757e+01 3.432722173717490932e+01
2.325162049898140140e+02 4.857867908387790834e+01 3.434702048663474017e+01
2.325003130759936880e+02 4.857730331331411122e+01 3.434463934527431661e+01
2.324761048054960213e+02 4.852931890538049942e+01 3.434099708089707548e+01
2.324851178664973474e+02 4.848121984989990096e+01 3.431551004929844595e+01
2.325919870183700766e+02 4.859620252048222255e+01 3.426820470760466009e+01
2.328168020389625212e+02 4.893397183197961198e+01 3.432561667151713891e+01
2.331635226781666859e+02 4.943497279325519855e+01 3.438545387200042569e+01
2.334880898836768210e+02 5.008752017355875097e+01 3.436193348678466464e+01
2.338865430236967597e+02 5.068251448527660585e+01 3.464277588168373256e+01
2.342029437962448526e+02 5.141273998818248714e+01 3.489513277067845110e+01
2.344964062403541618e+02 5.214482630896632287e+01 3.512555670203102665e+01
2.348004250778280380e+02 5.283042745896941028e+01 3.529035814129868953e+01
2.350826697004171422e+02 5.334858145708213328e+01 3.528552530624123307e+01
2.349429496168126263e+02 5.316691800936582268e+01 3.524736531117989813e+01
2.335641541215793211e+02 5.090729422970076712e+01 3.440552601176460001e+01
2.323722253088869536e+02 4.853998112724995906e+01 3.419362206877089250e+01
2.311887804146713563e+02 4.674120521029006170e+01 3.366425906818001579e+01
2.307280560185552645e+02 4.517792417387623516e+01 3.356837844273354676e+01
2.305575751161908897e+02 4.459749891966734481e+01 3.343393214629026744e+01
2.307392650210334182e+02 4.429435316735896322e+01 3.348411249570071391e+01
2.307968357277032680e+02 4.431052729052570527e+01 3.356417175966346633e+01
2.310184229788960408e+02 4.448193419230803158e+01 3.366627862881534128e+01
2.313823142930214942e+02 4.500834281380356572e+01 3.376379959608787118e+01
2.316089107601132469e+02 4.568114753375488135e+01 3.403851275674436039e+01
2.317268742669171218e+02 4.665627783510154813e+01 3.405593036484376768e+01
2.320507271300191405e+02 4.754576641885158494e+01 3.424435801783210565e+01
2.323325396195465373e+02 4.807313631593336112e+01 3.436633418878041368e+01
2.325010715136122030e+02 4.832968224991401485e+01 3.444919790812321736e+01
2.324979936679278012e+02 4.844770749001243360e+01 3.443350883227063974e+01
2.325042463687594250e+02 4.851989134940162529e+01 3.432841230785511755e+01
2.325469128943214230e+02 4.865551057844096761e+01 3.422044959476501447e+01
2.326986268751488183e+02 4.897256396010265433e+01 3.421361483715638485e+01
2.329724493125556819e+02 4.949575363124057503e+01 3.415938654743321479e+01
2.332936300059087671e+02 5.029229833055533305e+01 3.427275533331569335e+01
2.337590990466615608e+02 5.128708627668862619e+01 3.463913361730649143e+01
2.341635138591246346e+02 5.222591740085191958e+01 3.493495074565000635e+01
2.347765695690134180e+02 5.309955816599200773e+01 3.508199063417731622e+01
2.352648534716159077e+02 5.405590390771754272e+01 3.522797223765554264e+01
2.355265585452108326e+02 5.492898025416479157e+01 3.551377093420112629e+01
2.354642079177359619e+02 5.582405129154871304e+01 3.556453334038856440e+01
2.354773041952183235e+02 5.607894806466121906e+01 3.560861973172473682e+01
2.349066239825030209e+02 5.537099064299636098e+01 3.528109814711925907e+01
2.343026695240363040e+02 5.304371599156899464e+01 3.487670097274033765e+01
2.326987767988641167e+02 5.019095871806404574e+01 3.387742413419054088e+01
2.319648208411602468e+02 4.839707736945612737e+01 3.396478556499192791e+01
2.315984866523798189e+02 4.781076099514071132e+01 3.375260823169387692e+01
2.314251483803829217e+02 4.741080861796791623e+01 3.360731451349754195e+01
2.314452734343995530e+02 4.740239525182774827e+01 3.362370029367409785e+01
2.316678131421365094e+02 4.766116358441146161e+01 3.380415553262604789e+01
2.321352664673563027e+02 4.830055295393814419e+01 3.404503002883826923e+01
2.325817922057306077e+02 4.910597842862308227e+01 3.410496423878438321e+01
2.329474473282712097e+02 5.016495136298295421e+01 3.419793458034587985e+01
2.333338095616054204e+02 5.124186222892469544e+01 3.444941838417511093e+01
2.339161132717764247e+02 5.228937040858622254e+01 3.459935973754530636e+01
2.342968224991401485e+02 5.303564656806977951e+01 3.468413718901852860e+01
2.344201215263998108e+02 5.353853480434955259e+01 3.475903731336702407e+01
2.344178197564180550e+02 5.393460680300906063e+01 3.474421250363785418e+01
2.342473212159695208e+02 5.424939369085729624e+01 3.477237170498540308e+01
2.341035002777998386e+02 5.456377490277006359e+01 3.471906941468017749e+01
2.341854644548509157e+02 5.491212706475822358e+01 3.483894665361448517e+01
2.342826855746928629e+02 5.513267366898607236e+01 3.481989752273108252e+01
2.343338360187316596e+02 5.533618188392377135e+01 3.462347981762221139e+01
2.344743498161229809e+02 5.564408109991092743e+01 3.447136016085932653e+01
2.348712067095272005e+02 5.659024084803908750e+01 3.468109461950243144e+01
2.350491044262772107e+02 5.752978631461050441e+01 3.484680442010388646e+01
2.355009480470231438e+02 5.842633895106313702e+01 3.502374086126764752e+01
2.360002028379677483e+02 5.908834034447178141e+01 3.496048187245901318e+01
2.365307299521126083e+02 5.985355098729176149e+01 3.510999109276750119e+01
2.367683590408409771e+02 6.104702313234736266e+01 3.543976153310227772e+01
2.367301020363168220e+02 6.161588662239507386e+01 3.556289299856249642e+01
2.364068224109497294e+02 6.011097882547997528e+01 3.506030460971329177e+01
2.351129013766524736e+02 5.742584508470689997e+01 3.482558580486987410e+01
2.336177121641047449e+02 5.445371325766595305e+01 3.450885872776498786e+01
2.328720092423560857e+02 5.193045303419142300e+01 3.393341623232884530e+01
2.321828540183965117e+02 5.040844511469164502e+01 3.358192449136174673e+01
2.320066848338933312e+02 5.008633842192060825e+01 3.348935982573572545e+01
2.319878649981039018e+02 4.998952297801412925e+01 3.344641109082731134e+01
2.320401707366545736e+02 5.002644830718487157e+01 3.349921069573422727e+01
2.321869813300879173e+02 5.019580037216357482e+01 3.359483556896049805e+01
2.324231552768738140e+02 5.047155417978499514e+01 3.375301390762935227e+01
2.329872123889903150e+02 5.117759786931943466e+01 3.417836512598001519e+01
2.333654346464886942e+02 5.189073206868270205e+01 3.431727385771357319e+01
2.337539134499210718e+02 5.263269571659126456e+01 3.447857413727720655e+01
2.339825912109426724e+02 5.306583414909472651e+01 3.451381502941150359e+01
2.339036431462814392e+02 5.323533613778871398e+01 3.443987618064925726e+01
2.338738171459816044e+02 5.320184141598539895e+01 3.443449656498311384e+01
2.337543632210669386e+02 5.303081373301232304e+01 3.437614096356853821e+01
2.337273681332733588e+02 5.299365910874760743e+01 3.435972872626575025e+01
2.337936873296822569e+02 5.303764849062094555e+01 3.439451102821211492e+01
2.338469896199874825e+02 5.337692585831327108e+01 3.442742369323843832e+01
2.339764178814897093e+02 5.381188101348431729e+01 3.462562284484659614e+01
2.340708257269095327e+02 5.421940012875801784e+01 3.473724546039809269e+01
2.341451349754389639e+02 5.467326331013925511e+01 3.495276521064282349e+01
2.345211612914605155e+02 5.529773967951601321e+01 3.496859539116861271e+01
2.349490171177606612e+02 5.586430139958197572e+01 3.491124516055066351e+01
2.353706290622712629e+02 5.647333562628427472e+01 3.499798043936467451e+01
2.357449885793405144e+02 5.742991066310377590e+01 3.515914843329717598e+01
2.359001508056194893e+02 5.822567046767380106e+01 3.521516698856170535e+01
2.360845481563792418e+02 5.879353740596696554e+01 3.522812216137083396e+01
2.362648799287421468e+02 5.920198252065860345e+01 3.517541956592675234e+01
2.359711705514546907e+02 5.885747546101542582e+01 3.518773094866435258e+01
2.349250645994831928e+02 5.616441340141633987e+01 3.477066962986480547e+01
2.335587480487869527e+02 5.312642978719651410e+01 3.425435881154589168e+01
2.321380444656101361e+02 5.018099320051855727e+01 3.356752299565221165e+01
2.315509255584658490e+02 4.835622756656172072e+01 3.364006843576650851e+01
2.314014516143256515e+02 4.798895855932128995e+01 3.346420791773597614e+01
2.313516328456402960e+02 4.790068876718611079e+01 3.346257639495198077e+01
2.314526637916589493e+02 4.795649566544081921e+01 3.349647679269077827e+01
2.317163090545105035e+02 4.821453201753225670e+01 3.364028891181839498e+01
2.321441648808106493e+02 4.890923441895741064e+01 3.377549364588018221e+01
2.324913264721186010e+02 4.989803423552133665e+01 3.383012761153883474e+01
2.329037489747863674e+02 5.066918009365822684e+01 3.404020601282288538e+01
2.334159236623717959e+02 5.157015107019075373e+01 3.437176671869901412e+01
2.338062544646400625e+02 5.223143812119127460e+01 3.446322018502350204e+01
2.339338395463484801e+02 5.259856602375850088e+01 3.448677584640756066e+01
2.339107777513206656e+02 5.262436172182977145e+01 3.447891807991815938e+01
2.338616909631275860e+02 5.253156776110979109e+01 3.447110440863913539e+01
2.338341226375991084e+02 5.253327865527246132e+01 3.448290428693635334e+01
2.340043125115749945e+02 5.282337222530888710e+01 3.455051106348828682e+01
2.342654443474349932e+02 5.350935259412122491e+01 3.465515781675794216e+01
2.342754892363591352e+02 5.402561931722976141e+01 3.476141845472744762e+01
2.343829404450088703e+02 5.458767450679507505e+01 3.493176707146069759e+01
2.345100404794031306e+02 5.514722508841089876e+01 3.508031501618294357e+01
2.349464155003483654e+02 5.580677478812251735e+01 3.510760113236500501e+01
2.353422934800821906e+02 5.631491917347937459e+01 3.509491053081814016e+01
2.356406769496697393e+02 5.672650386714995108e+01 3.516722667583847084e+01
2.358890211745200247e+02 5.726524150946724490e+01 3.523483345239040432e+01
2.360753410764522755e+02 5.789113774461817741e+01 3.536210104858410119e+01
2.361428155673730771e+02 5.856638533922445333e+01 3.542830559744600549e+01
2.362854194777363261e+02 5.905439585152260662e+01 3.527109735340547303e+01
2.362082352214902414e+02 5.904786976038662516e+01 3.515274580875025379e+01
2.353427432512280575e+02 5.704706722755773995e+01 3.492603469411152872e+01
2.339216604492420117e+02 5.442590681800142960e+01 3.455790142074767601e+01
2.329815858401460389e+02 5.135533684331208093e+01 3.407325978252242038e+01
2.320536374139041129e+02 4.963087017488160768e+01 3.346359058479067983e+01
2.318331084477603952e+02 4.904615004718187521e+01 3.341826070852184216e+01
2.318566641091444751e+02 4.897050912329902417e+01 3.346104188163081972e+01
2.320900865148027492e+02 4.927804675856108219e+01 3.352185799578450087e+01
2.323970332742457572e+02 4.994505736786869932e+01 3.375327847889162314e+01
2.328748754310306879e+02 5.077248635253238973e+01 3.406341773156599828e+01
2.336448748136977258e+02 5.189445370443862515e+01 3.448185482092934961e+01
2.341953594200597877e+02 5.291289432141880411e+01 3.475087088040496752e+01
2.344262948558527455e+02 5.349020645377498795e+01 3.472171512730287191e+01
2.344333941847236531e+02 5.374991842386079810e+01 3.470269245354569421e+01
2.343711317476695797e+02 5.375231720330537399e+01 3.459298357012461622e+01
2.342658852995387520e+02 5.366185146969336017e+01 3.458273584323270455e+01
2.342203525853021802e+02 5.360177615507403459e+01 3.455521161291460430e+01
2.342313675688546653e+02 5.363863093190817466e+01 3.456054713337037043e+01
2.343116120327010208e+02 5.373264192043460241e+01 3.455392403277156177e+01
2.342761065693044316e+02 5.402618373592260070e+01 3.470252489174625765e+01
2.342196206048099043e+02 5.452173452919544161e+01 3.486806713054828322e+01
2.344931608328703305e+02 5.512918132832411544e+01 3.502240918591422769e+01
2.346922595267702150e+02 5.546820294379624272e+01 3.499410006085138747e+01
2.351822190473670844e+02 5.608625023149985367e+01 3.495503170445626040e+01
2.357876992001128826e+02 5.708617086012117170e+01 3.518028767715250638e+01
2.360067112910195704e+02 5.772585125803635009e+01 3.526077025513488650e+01
2.360748119339277480e+02 5.840793361025125563e+01 3.532620754733621027e+01
2.360218624053055407e+02 5.848645836089283989e+01 3.530507712252295249e+01
2.353090368724149073e+02 5.657438421038706622e+01 3.482607967122611115e+01
2.338100819289008712e+02 5.442800575001542995e+01 3.458832711590866893e+01
2.331621733647291137e+02 5.179358150117734283e+01 3.410113677452355319e+01
2.322179449868155245e+02 5.017961742995476015e+01 3.347573440572885062e+01
2.320993729661084330e+02 4.990364314628145337e+01 3.340347999400304957e+01
2.320833399476148884e+02 4.973267719660290709e+01 3.348184600188727700e+01
2.322159166071381264e+02 4.980888253917859743e+01 3.365534301664153105e+01
2.325161608946036154e+02 5.034316656524768518e+01 3.380795653976065296e+01
2.330363697295199756e+02 5.106956460389272223e+01 3.414532899436463254e+01
2.337501918141651345e+02 5.227457205598327761e+01 3.441848118457372863e+01
2.341268354631319824e+02 5.316291416426347638e+01 3.451506733338624855e+01
2.342416152957465840e+02 5.364659452690248997e+01 3.465362330343678110e+01
2.342655589949819728e+02 5.405287015724351818e+01 3.468111225758658378e+01
2.343087458440264186e+02 5.414823045920751809e+01 3.460328421126897069e+01
2.342262260673245748e+02 5.413240027868172888e+01 3.459427996930973137e+01
2.341282024146537140e+02 5.414173964423984131e+01 3.462960023282271038e+01
2.341426656436577787e+02 5.429587886163805166e+01 3.466780432309442261e+01
2.342305650360257800e+02 5.469031051847148461e+01 3.480036334453351543e+01
2.343949784374421199e+02 5.517635438438676942e+01 3.486535968463105206e+01
2.346500692294802946e+02 5.552568546004533090e+01 3.486331366686950162e+01
2.351372683899074900e+02 5.615268407545572416e+01 3.485942446931414196e+01
2.355696395657503786e+02 5.713437574410667708e+01 3.507355962995299592e+01
2.358321207150479211e+02 5.830035011597040295e+01 3.524312335194151302e+01
2.361986048275436190e+02 5.905841733470910526e+01 3.519624132426735486e+01
2.367264685909816535e+02 5.977074018220140772e+01 3.524385533243378887e+01
2.372297360460706841e+02 6.041889567955128371e+01 3.546350239436992524e+01
2.374642872891146510e+02 6.108399255672848938e+01 3.568274378037057915e+01
2.373979416355795422e+02 6.122775176160365618e+01 3.569675723822878410e+01
2.365865368503673096e+02 5.976766233651700588e+01 3.501691492270109762e+01
2.354124930550043757e+02 5.757583053328747269e+01 3.496791632492878676e+01
2.342762741311038894e+02 5.523406619572981668e+01 3.472794137100827783e+01
2.338333730190226731e+02 5.371624732121596679e+01 3.423128819747599039e+01
2.336612958700426077e+02 5.290848480038098245e+01 3.402056600612041848e+01
2.335581483539257874e+02 5.251695460839043506e+01 3.396437107001437283e+01
2.335313913802682748e+02 5.239089522096109874e+01 3.398640103711935012e+01
2.336774964503355534e+02 5.251458228607208412e+01 3.410643701881101464e+01
2.339497755553791762e+02 5.283388452346306252e+01 3.424967590020371944e+01
2.343752149641505866e+02 5.350480196841019165e+01 3.457036272720057468e+01
2.345398664797029653e+02 5.434763781958003648e+01 3.492458837121112225e+01
2.345577338589482395e+02 5.505272023352823396e+01 3.502272667142894846e+01
2.348312917250928251e+02 5.559866303322132808e+01 3.518532335017770407e+01
2.350705964318155736e+02 5.590864354313834639e+01 3.511245160550660671e+01
2.352956936617544557e+02 5.622618197211419044e+01 3.507885105519838476e+01
2.355174220176204471e+02 5.652232540501450586e+01 3.505635367886340248e+01
2.357060260514502943e+02 5.682670582321348007e+01 3.515212847580495747e+01
2.359073118677849266e+02 5.722790168531894039e+01 3.524624529283629215e+01
2.360670247197749347e+02 5.790885520014816024e+01 3.532129534090007184e+01
2.362185887768870600e+02 5.880190667689675621e+01 3.535715356597966519e+01
2.365700099655175563e+02 5.951859495021651014e+01 3.531258212732932833e+01
2.370894868199416123e+02 6.019454806818882986e+01 3.546629803070790388e+01
2.376862361210325219e+02 6.095937067315747981e+01 3.569148345106754761e+01
2.377593371607975996e+02 6.229474120521029334e+01 3.597687647167764879e+01
2.377202864424866107e+02 6.341612650033953003e+01 3.597763490929614960e+01
2.378454462876242417e+02 6.427554215061159937e+01 3.608124101560088803e+01
2.383681156352797075e+02 6.499052834881075569e+01 3.633716961663623835e+01
2.387781393585028695e+02 6.579758534627968913e+01 3.640332125124569274e+01
2.386727782628250907e+02 6.626854865024560581e+01 3.625534654425836578e+01
2.384044412695892845e+02 6.521245954264448130e+01 3.618748401548624116e+01
2.371348519723787547e+02 6.322769884735119916e+01 3.561142418710479518e+01
2.372247621063400231e+02 6.057294670652873947e+01 3.529865685989187796e+01
2.365116984593133509e+02 5.954560767609422101e+01 3.495112486881674840e+01
