2.492253396193469541e+02 3.869215645189453312e+01 6.129398288807403361e+01
2.492395425178976893e+02 3.870704382748385086e+01 6.130887026366335135e+01
2.492893312379954693e+02 3.876326174262266733e+01 6.136330015715034136e+01
2.496266282521389996e+02 3.911164309411559259e+01 6.170992840928933276e+01
2.497970909725860054e+02 3.957393748908678077e+01 6.195110878295791679e+01
2.494320342238519288e+02 4.018245503754147308e+01 6.179034398463419109e+01
2.489424585297712724e+02 4.065302950934171378e+01 6.123989523310633842e+01
2.482072044700541369e+02 4.001882311856120111e+01 6.057953902566789139e+01
2.456344403701763497e+02 3.749942727431464817e+01 5.852136895407717532e+01
2.440556661428321945e+02 3.612908678191025302e+01 5.731719224724987072e+01
2.437399022175659127e+02 3.590589488388336292e+01 5.711899773005063707e+01
2.443600314300680907e+02 3.659546359350445499e+01 5.756607298760258118e+01
2.456219905709795626e+02 3.780764099877772111e+01 5.875700715907106542e+01
2.471152889820150165e+02 3.941910598917408493e+01 6.006081019731098536e+01
2.478270682730923795e+02 4.017959140911472105e+01 6.070935568360398094e+01
2.483778976776671925e+02 4.095332984110354602e+01 6.117256504277981577e+01
2.487128863279203870e+02 4.147665793609219520e+01 6.146000000000000085e+01
2.488789907455910679e+02 4.175765322158198245e+01 6.152571328793434446e+01
2.488177544962458398e+02 4.182965252313601923e+01 6.149714335603282933e+01
2.486423642395669731e+02 4.160941155928060198e+01 6.119013445084686253e+01
2.484674349572201777e+02 4.133870787497817645e+01 6.111551248472149211e+01
2.483619416797625377e+02 4.106077178278330564e+01 6.107414003841452654e+01
2.482902182643617834e+02 4.122706478086258386e+01 6.092823467784180025e+01
2.488592002793783706e+02 4.228419067574646562e+01 6.149662999825388709e+01
2.494908748035620647e+02 4.340048891217042382e+01 6.238533961934695071e+01
2.496040230487166127e+02 4.361407717827832897e+01 6.256403352540597496e+01
2.497028007682905582e+02 4.374172865374541885e+01 6.263200279378383328e+01
2.498417880216518370e+02 4.399210057621791492e+01 6.284088702636633172e+01
2.501717548454688256e+02 4.442613933996857156e+01 6.305281997555439233e+01
2.505296525231360363e+02 4.486047843548105618e+01 6.346721145451370916e+01
2.508417426226645830e+02 4.504804609743321464e+01 6.368207438449449853e+01
2.509155543914789632e+02 4.480604854199406617e+01 6.359474768639776698e+01
2.509766195215645155e+02 4.437686397764972668e+01 6.359863453815260925e+01
2.510343565566614359e+02 4.418515103893836482e+01 6.365680810197311246e+01
2.510236458878994199e+02 4.389181421337524114e+01 6.354109656015365459e+01
2.502169233455561255e+02 4.243294220359699409e+01 6.270704731971363799e+01
2.480938327221931274e+02 4.014156102671555715e+01 6.090655491531342847e+01
2.460373144752924759e+02 3.798181945171992169e+01 5.925902217565916175e+01
2.447086537454164556e+02 3.663960188580408328e+01 5.806594377510040061e+01
2.439083848437227289e+02 3.584694953727955635e+01 5.728167627029858266e+01
2.438500715907106553e+02 3.555804085908852841e+01 5.712976427448926131e+01
2.449714370525580591e+02 3.588494150515104053e+01 5.763449624585297926e+01
2.466306373319364411e+02 3.710363541121005682e+01 5.886617077003666765e+01
2.480009743321110420e+02 3.823043129037890964e+01 5.999115068971538278e+01
2.487335533438100299e+02 3.876837087480356558e+01 6.048019905709795552e+01
2.490349257901170006e+02 3.853424829753797809e+01 6.058895756940806621e+01
2.490895442640125736e+02 3.788627553693032723e+01 6.029458704382748380e+01
2.489225912345032441e+02 3.762579710144927247e+01 6.000215470577963828e+01
2.488510494150515058e+02 3.750131307840055683e+01 5.984538851056399267e+01
2.489624305919329572e+02 3.774342238519294312e+01 5.989967173039985937e+01
2.492829020429544187e+02 3.806590186834293377e+01 6.033977649729352066e+01
2.494722891566265162e+02 3.804745241836912584e+01 6.037059542517897626e+01
2.497393958442465589e+02 3.808082765845992412e+01 6.053550550026191956e+01
2.502010686223153471e+02 3.825903963680810449e+01 6.091416099179325983e+01
2.505955264536406446e+02 3.855014143530644333e+01 6.129471276409987723e+01
2.510821931203073234e+02 3.919042081368954200e+01 6.189157324951981565e+01
2.513179221232757072e+02 3.966631045922821386e+01 6.212808800419067268e+01
2.514032128514056126e+02 3.970459926663174599e+01 6.225865549153134282e+01
2.514542517897677669e+02 3.974677492579012039e+01 6.236012921250218000e+01
2.514932949188056455e+02 3.994431290378906851e+01 6.243811768814388330e+01
2.514558651999301446e+02 4.002186834293696194e+01 6.234485769163610769e+01
2.514537908154356671e+02 4.005011349746813210e+01 6.236352016762702988e+01
2.510614527675921011e+02 3.957203073162214224e+01 6.184183342063907673e+01
2.501995914091147313e+02 3.828858390082067586e+01 6.085088877248122685e+01
2.495108678191024865e+02 3.715726209184564510e+01 6.026450497642744608e+01
2.494478784704033387e+02 3.707743321110529422e+01 6.015334730225249160e+01
2.499279168849310224e+02 3.749724812292648579e+01 6.059315173738431781e+01
2.504031988824864641e+02 3.796057971014492693e+01 6.106315348349921379e+01
2.509006949537279638e+02 3.850451894534660369e+01 6.157137070019206959e+01
2.512930364938012815e+02 3.893276409987777242e+01 6.198269250916710149e+01
2.515431569757290049e+02 3.932061812467260609e+01 6.227967522262964906e+01
2.517394307665444444e+02 3.961427972760607474e+01 6.248210581456260115e+01
2.517262126767941197e+02 3.970584948489610611e+01 6.257540422559804227e+01
2.517563750654793182e+02 3.966338746289505934e+01 6.257836563645887651e+01
2.517134974681333972e+02 3.952912170420813709e+01 6.253103544613235698e+01
2.516872289156626437e+02 3.942775624236075060e+01 6.249446830801466746e+01
2.517662510913218057e+02 3.953453466038065045e+01 6.256926488562947242e+01
2.518639322507420957e+02 3.958922996333159006e+01 6.261969966823816947e+01
2.519737733542867204e+02 3.957203771608171650e+01 6.276195564868168475e+01
2.520041871835166774e+02 3.942379954601013026e+01 6.279628426750480230e+01
2.520756731272917648e+02 3.926627204470054266e+01 6.281181770560502997e+01
2.522030277632268280e+02 3.910728129910948070e+01 6.283240440020953343e+01
2.523335638204993927e+02 3.894916361096559854e+01 6.294323380478435581e+01
2.524104871660555318e+02 3.898293347302252698e+01 6.294982364239567119e+01
2.525086956521739125e+02 3.894744194167976303e+01 6.307271520866073189e+01
2.526317234154007281e+02 3.902826261568011290e+01 6.315538327221931070e+01
2.527852558058320369e+02 3.912203596996682364e+01 6.341459053605727547e+01
2.529267190501134905e+02 3.942807054304173420e+01 6.368238519294569500e+01
2.529929910948140446e+02 3.977500611140212783e+01 6.382522786799371062e+01
2.529705535184215250e+02 3.994667015889645256e+01 6.377498865025318509e+01
2.528086991444037039e+02 3.964758512310110206e+01 6.349063383970665342e+01
2.526255177230661673e+02 3.930249345206914313e+01 6.314511611664047308e+01
2.525129072812991069e+02 3.901401431814213083e+01 6.296732320586694698e+01
2.525675711541819339e+02 3.900340143181421126e+01 6.310971887550201131e+01
2.527176706827309260e+02 3.922971538327222163e+01 6.332110354461323709e+01
2.528896874454339070e+02 3.948886327920376971e+01 6.359120307316221243e+01
2.530022524882137134e+02 3.969755893137768510e+01 6.374397415749956508e+01
2.531307071765322121e+02 3.988445608521040953e+01 6.400623363017287204e+01
2.532110494150515194e+02 4.028378208486118695e+01 6.424189628077527914e+01
2.532842395669634925e+02 4.061593853675572063e+01 6.443571852627903240e+01
2.533002968395320522e+02 4.077841103544613333e+01 6.446593329841103071e+01
2.532861987078749735e+02 4.076665968220709146e+01 6.443962633141261165e+01
2.532634747686397816e+02 4.084547930853850062e+01 6.445208311506897303e+01
2.532803562074384445e+02 4.100486467609568564e+01 6.438247948314999292e+01
2.532617077003666850e+02 4.114389034398463707e+01 6.437084337349396890e+01
2.532943600488912068e+02 4.138897852278680034e+01 6.439162563296665098e+01
2.533039636808101989e+02 4.162993888597869585e+01 6.450112449799196668e+01
2.533197834817530918e+02 4.194284616727780701e+01 6.471497118910424717e+01
2.533728968046097521e+02 4.206512310110004904e+01 6.481771608171817434e+01
2.533659437751003907e+02 4.222318491356731585e+01 6.481782783307141926e+01
2.533883289680460962e+02 4.232093591758337681e+01 6.486188580408591520e+01
2.533790850357953559e+02 4.226815086432686996e+01 6.490023747162562984e+01
2.533847180024445720e+02 4.239634363541121331e+01 6.492204295442640216e+01
2.534281892788545463e+02 4.250163785577090891e+01 6.498557010651300914e+01
2.534603457307490828e+02 4.267136371573249676e+01 6.513951807228914959e+01
2.535270577964029997e+02 4.296989697922123241e+01 6.537503055701064625e+01
2.535557744019556594e+02 4.327943425877423067e+01 6.543737384319888406e+01
2.534174576567138217e+02 4.319598393574297290e+01 6.512644316396018951e+01
2.530768046097433341e+02 4.254978173563820576e+01 6.446144927536231251e+01
2.527586485070717686e+02 4.195402828706129128e+01 6.375002619172341412e+01
2.525542028985507272e+02 4.171493626680635458e+01 6.338664920551772042e+01
2.525849380129212420e+02 4.192341540073336859e+01 6.343306792386938753e+01
2.527466177754496357e+02 4.220461672778068873e+01 6.391669984284965977e+01
2.528755683603981197e+02 4.264284616727780985e+01 6.441142657586868836e+01
2.530387777195739432e+02 4.308913916535708211e+01 6.456064955474070644e+01
2.531661393399685664e+02 4.345951807228915698e+01 6.483814213375239888e+01
2.532589628077527379e+02 4.366136546184738876e+01 6.499498166579360259e+01
2.532919678714859515e+02 4.386749432512659297e+01 6.512240265409464257e+01
2.532715767417496124e+02 4.405427274314649821e+01 6.492752226296489937e+01
2.532112449799196838e+02 4.418723590012222502e+01 6.477009952854898245e+01
2.531040614632442782e+02 4.430855596298236776e+01 6.465567312729177729e+01
2.530960328269600268e+02 4.435023921774052980e+01 6.463697223677317538e+01
2.530721180373668631e+02 4.432435481054653081e+01 6.456719050113497360e+01
2.530987637506547969e+02 4.425280949886502668e+01 6.461219137419242031e+01
2.531869320761306028e+02 4.428598568185786633e+01 6.468492753623188207e+01
2.531838484372271694e+02 4.438124323380478131e+01 6.476157848786449733e+01
2.532557848786450165e+02 4.447259647284791129e+01 6.488498341190850738e+01
2.532764693556836164e+02 4.468245852977126020e+01 6.487621791513880964e+01
2.533203596996682450e+02 4.465113322856643663e+01 6.490912170420813254e+01
2.533485419940631971e+02 4.470232582503928853e+01 6.492248646760957342e+01
2.533740352715208530e+02 4.469283743670333564e+01 6.504192771084336755e+01
2.533862685524707388e+02 4.466595774401955765e+01 6.502540597171294223e+01
2.533530225248821353e+02 4.462092893312379971e+01 6.491349048367382579e+01
2.533746673651126287e+02 4.471739130434782794e+01 6.498902042954426861e+01
2.533626960013968983e+02 4.486183691286886699e+01 6.511206565392002688e+01
2.533030557010651194e+02 4.480085559629823422e+01 6.493880216518246584e+01
2.529973703509691063e+02 4.417119958093242360e+01 6.434069495372796155e+01
2.525374471800244578e+02 4.320058320237471605e+01 6.362343984634188843e+01
2.522292159944124421e+02 4.255012746638728771e+01 6.309139863803038395e+01
2.521863872882835551e+02 4.225790466212676932e+01 6.294628252138991087e+01
2.522968744543391040e+02 4.238068098480879797e+01 6.311405971712938623e+01
2.524517059542517927e+02 4.264620918456434140e+01 6.333627029858564583e+01
2.526658529771258941e+02 4.311584424655142556e+01 6.356801466736511230e+01
2.528424550375414697e+02 4.337434957220185083e+01 6.396375763925266256e+01
2.529899842849659422e+02 4.372401257202724167e+01 6.422242011524357963e+01
2.531011070368430182e+02 4.409359175833770195e+01 6.437008206740003402e+01
2.531340736860485379e+02 4.414928234677842056e+01 6.447399336476340181e+01
2.531047459402828679e+02 4.412710668762004218e+01 6.439597695128340149e+01
2.530674140038414635e+02 4.407160118735812659e+01 6.425526802863628006e+01
2.530665339619347094e+02 4.406254234328618935e+01 6.416361096560153499e+01
2.530635515976951240e+02 4.403879867295268014e+01 6.414528025144053913e+01
2.530487864501484125e+02 4.396454339095512154e+01 6.406474594028287584e+01
2.530579151388161279e+02 4.384101274663873227e+01 6.410846865723765120e+01
2.530616657936092224e+02 4.387328793434608087e+01 6.408692858390081426e+01
2.530804958966299978e+02 4.387904662126767619e+01 6.414389034398463707e+01
2.530915872184389741e+02 4.391012746638728714e+01 6.420481927710842740e+01
2.530667050811943284e+02 4.398375763925266568e+01 6.422639427274314983e+01
2.531131272917758110e+02 4.403827483848436941e+01 6.423893486991444490e+01
2.531392526628252142e+02 4.406366684127815603e+01 6.428337000174612115e+01
2.530962493452069282e+02 4.407370700192072377e+01 6.426226994936266124e+01
2.530805273266981033e+02 4.406283219835864884e+01 6.413950061114020684e+01
2.530034992142483077e+02 4.390594726733019115e+01 6.415126942552819855e+01
2.529873895582329340e+02 4.377957045573598549e+01 6.401943076654444553e+01
2.529536162039462113e+02 4.382289505849485067e+01 6.394334904836738076e+01
2.528691880565741315e+02 4.373572900296839805e+01 6.369070368430242723e+01
2.525816273790815387e+02 4.332729876025842231e+01 6.320425702811245117e+01
2.522173179675222627e+02 4.262975030557010570e+01 6.269011349746813266e+01
2.518854269250916786e+02 4.224216867469879588e+01 6.239097607822594682e+01
2.517631290378907067e+02 4.218049938885978634e+01 6.223638903439846359e+01
2.518006425702811271e+02 4.254452942203597132e+01 6.253022175659158677e+01
2.519736511262441070e+02 4.313005412956172790e+01 6.294854548629299984e+01
2.522015575344857723e+02 4.376805657412257489e+01 6.342574122577265427e+01
2.524016972236773313e+02 4.438672254234328562e+01 6.368425353588266091e+01
2.526918142133752383e+02 4.547029509341714970e+01 6.428822769338222543e+01
2.529548245154531116e+02 4.627249519818403911e+01 6.493886153308888254e+01
2.528883708748035701e+02 4.560106513008555851e+01 6.442585646935567922e+01
2.527326837785926443e+02 4.494133403177929154e+01 6.399504801815959354e+01
2.524784773878121200e+02 4.420316745241836998e+01 6.351785577090972623e+01
2.524472917757988455e+02 4.362437925615505208e+01 6.322758512310110035e+01
2.525418648507071850e+02 4.383397241138467137e+01 6.331142657586869404e+01
2.526186799371398592e+02 4.412054478784703804e+01 6.352244106862231376e+01
2.527083359525056778e+02 4.441472673301903029e+01 6.369781037192247197e+01
2.528518910424305943e+02 4.456421512135498375e+01 6.394054828007683255e+01
2.529237052558058281e+02 4.470696699842849853e+01 6.407537279552994391e+01
2.529592386939060589e+02 4.471174087654967622e+01 6.407641697223677113e+01
2.529900506373319331e+02 4.466713811768814679e+01 6.410585297712589181e+01
2.531037087480356149e+02 4.488682381700716206e+01 6.422655491531342875e+01
2.532055037541470313e+02 4.520752226296490051e+01 6.449153832722193158e+01
2.532426785402479368e+02 4.549773005063732967e+01 6.470066003143006128e+01
2.532958058320237456e+02 4.565690588440719466e+01 6.475422734415924708e+01
2.533428566439671670e+02 4.575275362318840422e+01 6.486828706128862621e+01
2.533799895233106270e+02 4.599327745765671693e+01 6.498412083115069038e+01
2.534269146149816549e+02 4.619730749083289822e+01 6.515556836039812083e+01
2.533141086083464302e+02 4.594007333682556293e+01 6.499870787497818014e+01
2.526757010651300845e+02 4.470345730749082946e+01 6.400239566963506377e+01
2.518840509865549109e+02 4.304901693731447665e+01 6.293699668238170375e+01
2.514373179675222616e+02 4.234849310284617019e+01 6.228491705954251501e+01
2.515326313951458133e+02 4.249941679762528679e+01 6.242922297887201211e+01
2.519919434258774231e+02 4.332038414527676196e+01 6.294749432512659126e+01
2.524092334555613775e+02 4.418557359874279911e+01 6.359181421337523687e+01
2.527494394971189138e+02 4.480349222978872348e+01 6.406224201152436137e+01
2.529599266631744285e+02 4.526349222978871722e+01 6.445056748734066332e+01
2.531251231011000584e+02 4.576547232407892096e+01 6.472276933822244871e+01
2.532651510389383702e+02 4.604963156975728822e+01 6.486873406670159170e+01
2.532922053431115899e+02 4.606875152785053018e+01 6.491431814213375162e+01
2.532302566788894751e+02 4.608658983761131367e+01 6.477086781910249158e+01
2.531804504976427381e+02 4.608581805482801030e+01 6.475596647459403243e+01
2.531603946219661339e+02 4.616829404574821183e+01 6.480337349397589719e+01
2.531783516675397152e+02 4.621354635935044541e+01 6.489070717653221720e+01
2.532307351143705318e+02 4.635720970839881261e+01 6.497807228915662847e+01
2.533194552121529455e+02 4.653112973633665206e+01 6.510834992142483202e+01
2.534100471451021406e+02 4.680400209533787148e+01 6.531466038065305213e+01
2.535155823293172830e+02 4.702659332984110563e+01 6.548690763052208297e+01
2.536183272219311959e+02 4.726216867469879190e+01 6.560640824166230800e+01
2.537132355508992418e+02 4.750876549676969063e+01 6.573997555439147789e+01
2.537470054129561845e+02 4.768155404225598204e+01 6.580206740003492882e+01
2.537624096385542032e+02 4.769995110878295463e+01 6.588070892264711631e+01
2.538052453291426502e+02 4.780026890169373388e+01 6.588097782434084593e+01
2.538346394272743112e+02 4.796298236423956496e+01 6.592553169198532714e+01
2.538586764449100883e+02 4.816056574122577416e+01 6.586261917234153884e+01
2.538734660380653168e+02 4.829357429718875494e+01 6.589381526104418185e+01
2.538826645713288030e+02 4.837013445084686225e+01 6.603353588266108432e+01
2.538906338397066520e+02 4.851794656888423418e+01 6.605512484721494104e+01
2.537760747337174791e+02 4.820498690413829479e+01 6.585855421686747491e+01
2.532545940282870731e+02 4.682638728828356989e+01 6.496852104068447886e+01
2.525305849484896044e+02 4.518523485245329141e+01 6.387696525231360312e+01
2.521423223328094991e+02 4.446722542343286477e+01 6.334628950584948370e+01
2.522364588789942275e+02 4.461764274489261339e+01 6.349187707351143928e+01
2.526503404924044105e+02 4.522214422909027576e+01 6.417436703335079073e+01
2.530740282870612816e+02 4.612928933123799879e+01 6.483257901169896797e+01
2.533505500261917120e+02 4.679987078749781659e+01 6.525544962458529596e+01
2.534882416623013910e+02 4.728698096734765244e+01 6.563061987078749837e+01
2.536030591932949108e+02 4.770944997380827601e+01 6.583122053431115717e+01
2.536569373144753001e+02 4.790779116465863297e+01 6.585928409289331853e+01
2.536386066003142901e+02 4.786576567138117611e+01 6.580612886327919853e+01
2.535644071939933610e+02 4.766144578313252822e+01 6.572145276759211185e+01
2.535086956521739125e+02 4.745108433734939979e+01 6.556874105116116880e+01
2.534165985681857762e+02 4.740629299807927310e+01 6.533701065130085794e+01
2.534399615854723322e+02 4.760411384669111357e+01 6.535199231709447076e+01
2.535531203073162203e+02 4.785286886677143059e+01 6.549845294220359904e+01
2.536316815086432825e+02 4.820244805308189484e+01 6.569222978872009833e+01
2.537190920202549194e+02 4.847606425702811350e+01 6.592590536057272743e+01
2.537915418194517088e+02 4.887780338746289743e+01 6.616887724812292504e+01
2.539038658983761252e+02 4.921721669285839340e+01 6.636188231185612096e+01
2.539795075955997845e+02 4.937613060939409593e+01 6.649944473546359802e+01
2.540174122577265621e+02 4.950614283219835698e+01 6.668476689366160315e+01
2.540570036668412683e+02 4.961250916710319814e+01 6.674731971363715388e+01
2.540923380478435547e+02 4.971110529072812767e+01 6.682958617077004249e+01
2.540814038763750773e+02 4.970892963156975952e+01 6.678528723590012817e+01
2.540744089401082704e+02 4.974704033525406288e+01 6.678668063558582446e+01
2.540740457482102386e+02 4.976243408416273439e+01 6.669975205168499599e+01
2.540828845818054731e+02 4.956610092544089241e+01 6.658729526802864029e+01
2.541149816657936071e+02 4.935451021477213374e+01 6.655804085908852130e+01
2.540681718177056041e+02 4.904293696525231638e+01 6.627072114545137538e+01
2.537423502706478189e+02 4.782893312379954409e+01 6.545773005063733763e+01
2.529369303300157128e+02 4.561538676444909868e+01 6.390887375589313990e+01
2.521833874628950696e+02 4.384223153483499402e+01 6.271363366509516624e+01
2.520356521739130358e+02 4.344315697572900348e+01 6.247592806006635158e+01
2.523481229264885712e+02 4.415355334381002450e+01 6.305194342587742540e+01
2.529122402654094515e+02 4.526945346603806541e+01 6.399279902217566018e+01
2.533505081194342665e+02 4.630779116465863154e+01 6.472433036493801239e+01
2.536005797101449275e+02 4.712161341016238936e+01 6.520520342238519618e+01
2.537542902042954438e+02 4.755776148070543030e+01 6.559087480356207323e+01
2.538408660729876090e+02 4.791062685524707376e+01 6.574692509167103083e+01
2.538693871136720759e+02 4.807281648332460122e+01 6.575899074559106339e+01
2.538348664222105810e+02 4.794005936790640732e+01 6.557147546708573316e+01
2.537313462545835421e+02 4.771848088004190913e+01 6.541356382049939100e+01
2.536572097083988240e+02 4.754738606600314199e+01 6.519236249345206602e+01
2.535914370525580637e+02 4.736255281997555500e+01 6.514248297537977805e+01
2.535850672254234439e+02 4.738953378732320232e+01 6.514867819102497037e+01
2.536411140213025988e+02 4.758801815959490256e+01 6.528213026017111531e+01
2.537078330714161041e+02 4.794966998428496652e+01 6.542326872708224528e+01
2.538170804958966187e+02 4.837752750130958646e+01 6.557927012397415467e+01
2.538786799371398502e+02 4.861543565566613978e+01 6.584994237820848184e+01
2.539421896280775286e+02 4.883717478610092400e+01 6.598151911995809371e+01
2.539912135498515795e+02 4.908219661253710342e+01 6.606013619696176420e+01
2.540049519818404065e+02 4.928250742098830273e+01 6.622232582503929166e+01
2.540508294045748130e+02 4.947918281822943953e+01 6.635728653745415784e+01
2.540658145625982058e+02 4.961409114719748459e+01 6.642846167277807012e+01
2.540730853850183451e+02 4.973634712764099675e+01 6.656243757639252578e+01
2.541081334031779306e+02 4.984526279029159923e+01 6.656992491705953796e+01
2.541116884931028324e+02 4.989086083464292187e+01 6.665946918107211161e+01
2.541223293172690774e+02 5.003859263139514724e+01 6.665364064955474532e+01
2.541248227693382091e+02 5.014214772132006459e+01 6.670752924742447476e+01
2.541223817007159198e+02 5.026360048891216792e+01 6.672538152610441387e+01
2.539530888772481205e+02 4.967030557010651393e+01 6.625589313776846723e+01
2.532405343111576883e+02 4.757536930330015679e+01 6.475802339793958140e+01
2.523143740178103656e+02 4.535420289855072440e+01 6.349826086956521465e+01
2.518952505674873521e+02 4.445747162563296939e+01 6.301710494150515274e+01
2.521229474419416761e+02 4.478141086083464018e+01 6.328565042779814576e+01
2.526647319713637216e+02 4.593374192421861579e+01 6.408072638379604768e+01
2.532613095861707677e+02 4.710142832198358320e+01 6.505121354985158177e+01
2.536481927710843252e+02 4.815681159420289958e+01 6.553630871311332839e+01
2.538392107560677573e+02 4.887228915662650763e+01 6.586092893312380170e+01
2.539400244456085147e+02 4.934918805657412122e+01 6.620920900995285763e+01
2.539787218438973184e+02 4.958634887375589528e+01 6.626881089575694261e+01
2.539270333507944883e+02 4.953964728479133584e+01 6.616383796053780486e+01
2.538546184738955844e+02 4.934579011698969708e+01 6.600147372097083576e+01
2.537412152959664695e+02 4.880169722367731566e+01 6.589242884581805981e+01
2.536060590186834247e+02 4.843193294918805947e+01 6.568237820848611364e+01
2.535545416448402420e+02 4.839102496944298792e+01 6.561557185262790881e+01
2.536339933647633984e+02 4.861611664047494230e+01 6.581238344683080754e+01
2.537935358826610752e+02 4.901964379256155269e+01 6.608847214946743520e+01
2.538994796577614750e+02 4.938218613584773919e+01 6.631532041208311057e+01
2.539912973633664990e+02 4.979540771782783537e+01 6.657197834817530691e+01
2.540606495547407064e+02 5.006575519469181046e+01 6.679451021477213146e+01
2.541141574995634755e+02 5.030685175484546789e+01 6.694239916186485573e+01
2.541569268377859316e+02 5.065652523136022012e+01 6.710787847040334952e+01
2.541911017984983516e+02 5.081061288632792383e+01 6.714032477737035265e+01
2.542220499388859878e+02 5.100827309236947826e+01 6.708240963855421057e+01
2.542009568709621021e+02 5.106927885454862803e+01 6.708632442814737828e+01
2.542126069495372747e+02 5.114951283394447046e+01 6.713871136720796073e+01
2.542385262790291733e+02 5.131273965426925088e+01 6.721220883534137158e+01
2.542536720796228451e+02 5.136583202374715995e+01 6.723720272393923381e+01
2.542777195739479623e+02 5.149998952331063151e+01 6.733499214248297449e+01
2.543067085734241175e+02 5.169109132180897603e+01 6.750510563995111113e+01
2.542782783307141585e+02 5.153729352191373891e+01 6.742968046097433898e+01
2.539200139689191644e+02 5.022635935044525723e+01 6.643004016064257655e+01
2.530264291950410325e+02 4.765609568709621158e+01 6.490444910075082419e+01
2.522726558407543109e+02 4.604429544264012719e+01 6.387660206041557842e+01
2.521915208660729775e+02 4.590561201327047058e+01 6.379539374890867975e+01
2.525996822070892165e+02 4.672474943251265955e+01 6.428971887550200393e+01
2.531590675746464001e+02 4.795181770560503054e+01 6.526446656189976636e+01
2.536685070717653332e+02 4.928269600139689288e+01 6.592555613759385835e+01
2.539315767417496090e+02 5.021652173913043526e+01 6.654072987602583567e+01
2.540842186135847669e+02 5.079164309411559231e+01 6.690395669635061893e+01
2.541656469355683612e+02 5.110164484023048459e+01 6.709012397415749263e+01
2.541823083638903427e+02 5.123249869041382709e+01 6.708959315522960765e+01
2.541489645538676427e+02 5.122517199231709384e+01 6.698065653920028240e+01
2.540756766195215732e+02 5.094497642744892829e+01 6.674634188929631762e+01
2.539473790815435734e+02 5.057556486816832830e+01 6.647749257901169528e+01
2.538858774227344099e+02 5.036857691636109990e+01 6.632166230137943330e+01
2.539257377335428600e+02 5.044401955648681479e+01 6.642234677841801727e+01
2.540142622664571377e+02 5.077075606774926086e+01 6.666573074908329488e+01
2.541294499738082777e+02 5.118466212676793958e+01 6.703527152086607543e+01
2.542427728304522532e+02 5.155835166753972487e+01 6.728411384669111328e+01
2.543119119958093108e+02 5.192576217915139125e+01 6.753190151911995542e+01
2.543641417845294086e+02 5.220977824340841522e+01 6.775939933647633495e+01
2.544001711192596531e+02 5.245118211978348199e+01 6.789155229614108578e+01
2.544163785577090948e+02 5.257028112449799551e+01 6.789421686746987916e+01
2.544521389907455955e+02 5.272169722367731737e+01 6.810577964030032661e+01
2.544756347127641050e+02 5.296484372271695662e+01 6.817732495198184495e+01
2.544970001746114860e+02 5.301474768639776158e+01 6.824272743146498499e+01
2.545052069146149734e+02 5.306510563995110630e+01 6.826269949362668399e+01
2.545248541994063203e+02 5.307802689016937592e+01 6.834095337873232268e+01
2.545299493626680771e+02 5.304259472673302156e+01 6.826571678016414069e+01
2.545365880914964123e+02 5.305379430766544147e+01 6.828169373144753251e+01
2.545409498865025455e+02 5.308097083988126741e+01 6.835508643268727269e+01
2.544876829055351948e+02 5.270895407717827652e+01 6.798080670508119283e+01
2.541565496769687513e+02 5.111933996856993190e+01 6.694633141260695197e+01
2.534758232931726809e+02 4.894008730574471855e+01 6.536629649030906819e+01
2.530979605378033739e+02 4.781590012222804376e+01 6.471106338397066793e+01
2.530922472498690468e+02 4.791669285839008552e+01 6.476790990047145158e+01
2.534792177405273321e+02 4.875561725161515625e+01 6.541054653396193430e+01
2.538488947092718604e+02 4.981026017111926052e+01 6.622364588789942275e+01
2.540983586519992912e+02 5.070464815784878709e+01 6.683393399685699876e+01
2.542414981665793619e+02 5.125677667190500841e+01 6.722419766020604470e+01
2.543380268901693739e+02 5.167614457831325581e+01 6.751238344683079617e+01
2.543917618299284129e+02 5.192279378383097566e+01 6.767371049415051232e+01
2.543937244630696739e+02 5.191219137419242458e+01 6.761913392701239900e+01
2.543420988301030263e+02 5.169717827833071766e+01 6.737407368604854696e+01
2.542692439322507312e+02 5.131713986380303538e+01 6.710032477737034640e+01
2.541859018683429383e+02 5.100226645713287610e+01 6.686965601536580550e+01
2.541766684127815665e+02 5.097959490134450533e+01 6.671149292823467647e+01
2.541797520516850000e+02 5.114695652173912777e+01 6.674362144229090177e+01
2.542388301030207742e+02 5.141059193294918828e+01 6.693037541470228291e+01
2.542909271870089185e+02 5.162967347651475336e+01 6.708488213724463378e+01
2.543375309935393886e+02 5.181526802863628234e+01 6.719994063209358615e+01
2.543714545137069933e+02 5.194443862406146195e+01 6.741335079448228385e+01
2.543963960188580415e+02 5.210186485070717310e+01 6.759747861009253711e+01
2.544365671381176810e+02 5.235935742971887663e+01 6.775630871311332726e+01
2.544881753099354000e+02 5.260617426226645676e+01 6.790336650951633146e+01
2.545049764274489235e+02 5.265748559455212074e+01 6.795903614457832020e+01
2.545086397764972901e+02 5.269293172690763072e+01 6.799884057971014784e+01
2.545207403527152223e+02 5.276516151562773160e+01 6.804484721494674204e+01
2.545269425528199747e+02 5.284324078924393575e+01 6.807406320935918131e+01
2.545333857167801739e+02 5.291173039986031057e+01 6.808644316396018326e+01
2.545503789069320817e+02 5.296550724637680929e+01 6.820564344333857321e+01
2.545579046621267594e+02 5.301874978173563591e+01 6.821763226820324633e+01
2.545122437576392542e+02 5.281540422559804426e+01 6.800202549327745771e+01
2.542229509341714788e+02 5.145071066876200661e+01 6.700619870787497234e+01
2.536386135847738785e+02 4.945233455561375990e+01 6.564124672603456645e+01
2.533309446481578391e+02 4.848002793783830811e+01 6.497087480356206868e+01
2.533713287934345999e+02 4.867792910773528803e+01 6.496216518246900762e+01
2.536963436354112105e+02 4.966690413829230266e+01 6.556646760956870423e+01
2.540375589313776743e+02 5.071871136720795903e+01 6.630478086258075621e+01
2.542456294744194167e+02 5.164105116116640204e+01 6.691192596472848209e+01
2.543809254408940035e+02 5.223855421686747036e+01 6.723716081718177406e+01
2.544578767242884680e+02 5.260150864326872977e+01 6.754720796228392032e+01
2.545026506024096307e+02 5.277376986205692333e+01 6.776838135149293407e+01
2.545073511437052503e+02 5.281061637855771096e+01 6.782421861358477599e+01
2.544534695302950809e+02 5.256649205517722834e+01 6.767834119085036093e+01
2.543728479133926896e+02 5.210644316396018638e+01 6.725766719050113807e+01
2.542822385192945660e+02 5.174071590710669000e+01 6.697755893137768624e+01
2.542613060939409877e+02 5.171048018159594761e+01 6.689224724986904391e+01
2.542694220359699671e+02 5.176138990745590718e+01 6.695847040335253553e+01
2.543177929107735338e+02 5.194702636633490300e+01 6.708399161864851123e+01
2.543709690937663765e+02 5.219382224550375327e+01 6.724019905709795353e+01
2.543970281124497888e+02 5.233093417146848481e+01 6.735750305570105922e+01
2.544056504277981503e+02 5.237959490134451102e+01 6.736426052034224199e+01
2.544068238170071652e+02 5.233066876200454232e+01 6.729788021651825147e+01
2.544340946394272862e+02 5.232918456434433097e+01 6.738076130609394454e+01
2.544436912868866898e+02 5.241246376811594132e+01 6.744735463593504221e+01
2.544865199930155484e+02 5.259172341540073603e+01 6.758257028112450371e+01
2.545262266457132796e+02 5.285894534660380373e+01 6.773579186310459477e+01
2.545634538152610560e+02 5.302767592107560546e+01 6.785552645364064972e+01
2.545656364588789984e+02 5.303482102322332992e+01 6.784496595075955838e+01
2.545585681857866120e+02 5.294547232407892778e+01 6.785794656888423049e+01
2.545237366858739279e+02 5.278969442989348693e+01 6.768609743321110273e+01
2.543442255980443463e+02 5.186408940108259458e+01 6.702027239392351987e+01
2.537071800244456199e+02 4.963186310459228423e+01 6.537243932250741807e+01
2.529893312379954580e+02 4.772771084337349379e+01 6.406774576567137558e+01
2.527884686572376438e+02 4.716630696699842673e+01 6.365318665968220557e+01
2.529833385716780185e+02 4.762590186834293604e+01 6.402511611664047564e+01
2.534346848262615595e+02 4.863895931552296048e+01 6.483757988475642264e+01
2.538452592980618192e+02 4.967024620220010434e+01 6.561767068273091752e+01
2.540672463768115961e+02 5.053862755369303272e+01 6.616583551597695134e+01
2.542019032652348471e+02 5.114529072812990762e+01 6.656230137943076386e+01
2.542990501134974579e+02 5.168829753797800208e+01 6.692841976602061038e+01
2.543516675397241045e+02 5.193952505674873521e+01 6.716271695477561821e+01
2.543058285315173634e+02 5.184623712240265547e+01 6.702669460450498207e+01
2.542088283569058831e+02 5.150640474943251235e+01 6.678649903963680856e+01
2.540814108608346373e+02 5.102492055177230412e+01 6.641742273441592204e+01
2.539980792736162130e+02 5.070516850008730358e+01 6.620609743321109875e+01
2.540124812292648926e+02 5.076698445957744354e+01 6.621625982189628701e+01
2.540994167976252811e+02 5.104233280949886620e+01 6.640111402130260387e+01
2.541810965601536623e+02 5.132756416972236480e+01 6.661317618299284504e+01
2.542549362668063679e+02 5.161496769687445152e+01 6.679290728129910804e+01
2.543033734939758972e+02 5.186238868517548184e+01 6.689669984284965665e+01
2.543619172341540207e+02 5.207075955997904515e+01 6.707319364414178153e+01
2.544049310284616752e+02 5.228344333857167925e+01 6.719352191374191818e+01
2.544273441592456777e+02 5.241130784005587628e+01 6.736204993888597414e+01
2.544663977649729247e+02 5.250156102671555658e+01 6.747511087829579424e+01
2.544913602235027099e+02 5.273475467085734181e+01 6.752858390082067785e+01
2.545090204295442504e+02 5.290953378732320544e+01 6.755776497293521743e+01
2.545286956521739228e+02 5.298884581805482696e+01 6.762424655142308438e+01
2.545313707001920704e+02 5.308085210406844823e+01 6.766639776497294179e+01
2.545449484896106185e+02 5.314481229264885798e+01 6.762525929806180613e+01
2.544890099528549001e+02 5.291105989174087654e+01 6.743860310808450720e+01
2.540995739479657800e+02 5.108885629474419687e+01 6.623040684477038553e+01
2.532665304697049180e+02 4.870091845643443662e+01 6.454782259472673900e+01
2.527428810895756897e+02 4.750779116465863439e+01 6.372061463244281754e+01
2.528420534311157724e+02 4.767954601012746707e+01 6.386013968919154848e+01
2.533053151737384212e+02 4.866131657063034766e+01 6.463425178976777374e+01
2.537692264711018026e+02 4.993741924218613804e+01 6.560105465339619002e+01
2.540496036319189841e+02 5.094842675048018066e+01 6.628616727780688223e+01
2.542078959315522866e+02 5.154882486467609226e+01 6.665852627902916083e+01
2.542785088178802084e+02 5.194142832198358661e+01 6.688999476165531632e+01
2.543261882311856255e+02 5.211335428671206671e+01 6.702149816657936299e+01
2.543482765845992617e+02 5.216089750305570050e+01 6.708027239392352215e+01
2.543236703335079483e+02 5.204552121529596320e+01 6.690464815784878283e+01
2.542788615330888717e+02 5.186880740352714980e+01 6.679148594377510051e+01
2.542506373319364457e+02 5.173458704382748152e+01 6.676835690588440286e+01
2.542405657412257654e+02 5.180672952680286159e+01 6.675108433734939695e+01
2.542672359001222162e+02 5.192179500611140242e+01 6.676971887550200790e+01
2.543235271520865979e+02 5.222352365985681644e+01 6.695097258599615486e+01
2.543756382049938907e+02 5.255368255631220364e+01 6.714722891566265162e+01
2.544464012572027229e+02 5.287698271346254586e+01 6.741059193294918828e+01
2.545037052558058406e+02 5.311027763226820042e+01 6.754869914440369882e+01
2.545285629474419409e+02 5.325768465165008081e+01 6.771166753972411811e+01
2.545407403527152042e+02 5.338588789942378554e+01 6.778849659507595504e+01
2.545503160467958708e+02 5.334639776497293440e+01 6.775611664047494287e+01
2.545681019731098331e+02 5.341159420289854864e+01 6.769854024794831560e+01
2.545722612187881850e+02 5.342677143356032587e+01 6.779148594377510051e+01
2.545881753099353944e+02 5.352951981840405438e+01 6.782856993190151229e+01
2.546031045922821647e+02 5.367032652348524380e+01 6.792650602409638338e+01
2.546106024096385454e+02 5.378725685350096342e+01 6.798866072987603104e+01
2.546174786100925473e+02 5.389234503230312612e+01 6.806934171468482475e+01
2.545840020953378655e+02 5.377134276235376120e+01 6.785001222280426703e+01
2.543035271520866161e+02 5.230295791863104427e+01 6.689791164658635125e+01
2.535675292474244884e+02 4.982141435306443356e+01 6.519160118735813114e+01
2.529966265060240858e+02 4.832216518246900705e+01 6.423749956347127466e+01
2.529711227518770613e+02 4.822023397939584299e+01 6.426145276759210390e+01
2.533979221232757197e+02 4.904982713462545973e+01 6.498495896629998470e+01
2.538401781037192109e+02 5.025277457656714120e+01 6.595264536406494926e+01
2.541388091496420429e+02 5.113431115767417623e+01 6.654627902916011806e+01
2.542845922821721558e+02 5.174829055351842300e+01 6.685868342936964837e+01
2.543663104592282309e+02 5.204016064257027807e+01 6.707392002793784513e+01
2.543961166404749292e+02 5.221818404050986828e+01 6.720082416623013444e+01
2.544032722193120435e+02 5.229916884931028420e+01 6.718587043827483285e+01
2.543869390605901799e+02 5.224758861533089060e+01 6.702002444560852723e+01
2.543535812816483315e+02 5.207472324078924686e+01 6.687611664047494742e+01
2.543094464815784761e+02 5.186160991793259711e+01 6.681430766544438882e+01
2.542902881089575828e+02 5.172719399336476442e+01 6.676640474943251036e+01
2.543087200977824409e+02 5.179546010127466360e+01 6.690729526802863347e+01
2.543725371049415003e+02 5.211489436004889342e+01 6.708704731971363344e+01
2.544140317792910650e+02 5.234798323729701508e+01 6.721708748035621284e+01
2.544653885105639972e+02 5.263339270123974245e+01 6.739552645364065597e+01
2.545055316919853396e+02 5.293539025667888609e+01 6.760024794831500117e+01
2.545504208136895272e+02 5.318172865374541658e+01 6.786110354461322913e+01
2.545773319364414249e+02 5.342132006286013279e+01 6.793072114545137197e+01
2.545900261917234104e+02 5.360289855072463894e+01 6.807160118735812659e+01
2.546003457307490692e+02 5.386972236773179645e+01 6.813727955299458472e+01
2.546103963680810125e+02 5.396968046097433103e+01 6.815382224550376122e+01
2.546038658983761138e+02 5.403888248646760673e+01 6.819330539549501680e+01
2.545956836039811435e+02 5.412789593155229539e+01 6.824286362842674691e+01
2.545807787672428901e+02 5.419983237297014256e+01 6.823350794482277593e+01
2.545769268377859191e+02 5.435949362668063856e+01 6.828096385542168889e+01
2.545886188231185656e+02 5.445775449624585463e+01 6.828570281124497399e+01
2.545135603282695911e+02 5.392152610441767280e+01 6.793276060764797819e+01
2.540461533088877388e+02 5.143240090797974773e+01 6.633676619521564533e+01
2.531310284616727699e+02 4.872716256329666606e+01 6.451244979919678713e+01
2.525110948140387563e+02 4.722582154705779800e+01 6.363225772655840728e+01
2.527051231011000425e+02 4.755242186135847504e+01 6.388691810721145714e+01
2.533348559455212126e+02 4.893080146673651143e+01 6.496792386939060293e+01
2.538658145625982172e+02 5.035843897328444285e+01 6.600534660380652952e+01
2.541593469530295124e+02 5.137697223677317737e+01 6.679521564518945809e+01
2.542926139339968472e+02 5.199011349746813693e+01 6.708282172166929058e+01
2.543650148419766026e+02 5.236195914091147330e+01 6.724755718526279225e+01
2.543986415226121949e+02 5.248270997031604423e+01 6.731848088004190345e+01
2.543896874454339070e+02 5.249491182119783161e+01 6.731634712764099504e+01
2.543576322682032469e+02 5.226798672952680391e+01 6.715315872184389434e+01
2.542887061288632822e+02 5.188119783481753444e+01 6.701690239217739986e+01
2.542508119434258731e+02 5.162891217042081138e+01 6.680060764798324158e+01
2.542519294569582655e+02 5.163660904487515069e+01 6.681629823642396104e+01
2.543205308189278924e+02 5.190742448053082114e+01 6.696758163087130811e+01
2.543817565915837235e+02 5.218526628252138977e+01 6.711300855596297765e+01
2.544266072987602456e+02 5.244899249170595112e+01 6.723738082765845547e+01
2.544579849834119045e+02 5.250142832198358889e+01 6.739769862056922989e+01
2.544788510563995203e+02 5.249862406146324645e+01 6.745880914964205033e+01
2.544951562772830584e+02 5.252199057097956825e+01 6.755656015365811129e+01
2.544996612537104852e+02 5.246438624061462974e+01 6.753854374017809903e+01
2.545006495547407042e+02 5.236735114370525679e+01 6.749780338746289488e+01
2.545028391828182350e+02 5.243210057621791265e+01 6.744115592806006987e+01
2.545110529072813108e+02 5.251341365461847488e+01 6.742871311332285700e+01
2.545094744194167902e+02 5.248009429020429195e+01 6.733360572725685245e+01
2.544958267854024712e+02 5.249167801641348063e+01 6.723672778068797129e+01
2.545042640125720368e+02 5.252023048716605302e+01 6.727692334555614195e+01
2.545141574995634812e+02 5.253634712764100101e+01 6.734344683080146865e+01
2.545271066876200337e+02 5.270436877946568899e+01 6.745054304173214632e+01
2.545459018683429235e+02 5.289270822420115081e+01 6.751385018334205768e+01
2.544490518596123536e+02 5.234662475990920427e+01 6.712956521739130267e+01
2.539060729876025846e+02 4.985855072463768067e+01 6.564807752750131442e+01
2.529380653046970622e+02 4.700601361969617642e+01 6.395710144927536334e+01
2.523814981665793482e+02 4.567387462895058547e+01 6.304931377684651750e+01
2.525653535882661060e+02 4.595836563645887907e+01 6.333753448576916156e+01
2.531340771782783179e+02 4.723261742622664627e+01 6.423069320761305789e+01
2.536097049065828628e+02 4.861353588266108261e+01 6.520863628426749870e+01
2.538904277981491191e+02 4.951412257726558153e+01 6.576201152435830011e+01
2.540337314475292487e+02 5.015075257551946919e+01 6.615807578138641531e+01
2.541489750305570112e+02 5.075411559280600926e+01 6.652631395145800752e+01
2.541874594028286936e+02 5.099242186135847987e+01 6.661978348175310316e+01
2.541660625109132070e+02 5.079813165706303124e+01 6.651823991618648790e+01
2.540809149642046521e+02 5.035034398463418626e+01 6.626960013968918872e+01
2.539666317443687831e+02 4.979979046621267713e+01 6.598903090623363710e+01
2.539213654618473868e+02 4.949204470054129246e+01 6.581599441243233173e+01
2.539631325301204754e+02 4.964792736162039688e+01 6.591480705430417686e+01
2.540751946918107080e+02 5.010004190675746116e+01 6.622171468482626722e+01
2.541860834642919542e+02 5.052098131657063362e+01 6.657151038938361864e+01
2.542763122053431175e+02 5.087440544787847330e+01 6.675437401781037750e+01
2.543346638728828282e+02 5.123253710494150681e+01 6.697421337524009743e+01
2.543749642046446695e+02 5.152604155753448367e+01 6.707446481578487862e+01
2.544077702112799102e+02 5.171843897328444228e+01 6.725160817181770767e+01
2.544374227344159181e+02 5.193806530469704796e+01 6.737507246376812020e+01
2.544590221756591575e+02 5.208192072638379955e+01 6.743069320761306074e+01
2.544726523485245195e+02 5.226966998428496680e+01 6.742002793783831294e+01
2.544792212327571121e+02 5.224718351667539906e+01 6.744526628252138778e+01
2.544644770385891377e+02 5.227508643268726729e+01 6.744301030207788017e+01
2.544680321285140678e+02 5.224645713287934257e+01 6.740074733717479205e+01
2.544737209708398780e+02 5.223474070193818619e+01 6.731989872533613095e+01
2.544821058145626012e+02 5.222763052208835433e+01 6.728513008555962926e+01
2.544937489086781852e+02 5.233408067050812207e+01 6.734947092718701356e+01
2.545280775275012957e+02 5.253173738431988937e+01 6.750641522612187373e+01
2.545252453291426491e+02 5.251227518770735259e+01 6.753656364588789529e+01
2.543931063383970752e+02 5.177166404749432616e+01 6.704712764099878086e+01
2.539162598218962898e+02 4.946868866771433915e+01 6.557548454688318884e+01
2.532281753099353807e+02 4.715024270997031408e+01 6.418486816832547959e+01
2.531570525580583251e+02 4.684573074908328749e+01 6.404979919678714850e+01
2.535774611489435983e+02 4.795384669111227538e+01 6.479830626855246578e+01
2.539430347476863972e+02 4.922664920551772383e+01 6.564633490483673484e+01
2.541149083289680561e+02 5.014408241662301435e+01 6.616308363890344424e+01
2.541990675746464206e+02 5.072131657063034993e+01 6.656843024270996523e+01
2.542888772481229296e+02 5.111392352016762430e+01 6.683301204819277075e+01
2.543649624585297602e+02 5.139088877248122600e+01 6.701984284965951133e+01
2.543812781561026668e+02 5.144020254932774350e+01 6.710409289331238369e+01
2.543626191723415388e+02 5.132011524358302523e+01 6.700597171293871668e+01
2.543373144752924873e+02 5.119112275187707439e+01 6.691297014143530930e+01
2.543197171293871008e+02 5.124447703858913883e+01 6.691343111576742331e+01
2.543609952854897926e+02 5.139543914789592804e+01 6.699128688667714471e+01
2.543961760083813601e+02 5.168530818927885662e+01 6.716554216867470473e+01
2.544361306093940982e+02 5.198850008730574501e+01 6.742240614632443396e+01
2.544775938536755859e+02 5.222057971014492495e+01 6.753865549153134396e+01
2.545113707001920602e+02 5.240923345556137747e+01 6.766613235550899219e+01
2.545495687096210986e+02 5.252325126593329685e+01 6.777708398812642088e+01
2.545712135498515920e+02 5.276440020953378962e+01 6.790307316221407063e+01
2.545907071765322200e+02 5.290548629299807715e+01 6.809284791339270271e+01
2.545903544613235567e+02 5.297958791688493108e+01 6.803634712764099390e+01
2.546106617775449763e+02 5.307095163261742954e+01 6.805075606774926200e+01
2.546200453989872585e+02 5.329741924218613747e+01 6.800749432512658643e+01
2.546352540597171412e+02 5.341724812292648750e+01 6.802619172341539411e+01
2.546389907455910588e+02 5.353757639252663125e+01 6.808940806705081172e+01
2.546612676794132994e+02 5.369160467958791827e+01 6.814316745241836770e+01
2.546592247249868990e+02 5.377994412432337867e+01 6.819039636808102500e+01
2.546671485943775224e+02 5.380320586694604401e+01 6.824931377684652034e+01
2.546731831674524074e+02 5.393344857691636207e+01 6.831020080321285093e+01
2.546954915313427534e+02 5.410251440544787727e+01 6.838855945521214608e+01
2.546942063907805220e+02 5.419758686921599633e+01 6.840823817007158425e+01
2.546430347476863858e+02 5.391312379954600686e+01 6.816935917583377602e+01
2.544477737035096823e+02 5.284295791863104341e+01 6.723583027763227449e+01
2.541363296664920597e+02 5.127432512659333241e+01 6.613905360572725556e+01
2.539822699493626601e+02 5.070911471974856255e+01 6.588450497642745063e+01
2.541131657063034766e+02 5.114187881962632787e+01 6.625758686921599860e+01
2.543055875676619451e+02 5.189265933298410971e+01 6.670730923694779335e+01
2.544365671381176810e+02 5.239351842151213390e+01 6.722478784704033217e+01
2.545232128514056171e+02 5.283714335603282564e+01 6.761170246202199507e+01
2.545732425353588155e+02 5.311057097957045414e+01 6.776434084162737292e+01
2.545875117862755417e+02 5.321820499388859815e+01 6.797174087654967423e+01
2.545956486816832580e+02 5.329762179151388324e+01 6.791023223328095071e+01
2.545962423607473397e+02 5.328803911297363527e+01 6.778056574122577160e+01
2.545667015889645484e+02 5.316937314475292453e+01 6.759458355159769383e+01
2.545277108433734838e+02 5.309447529247424313e+01 6.740537803387462645e+01
2.545235795355334290e+02 5.301923869390606114e+01 6.740532565042779822e+01
2.545365776148070438e+02 5.313390256678889756e+01 6.737475467085734238e+01
2.545524777370351046e+02 5.321623886851755003e+01 6.762413130784005943e+01
2.545922472498690468e+02 5.341540422559804568e+01 6.778602409638554604e+01
2.546243094115592669e+02 5.368036319189802441e+01 6.800821721669285580e+01
2.546424620220010411e+02 5.388105465339619116e+01 6.814966998428496936e+01
2.546539270123974177e+02 5.400018508817880303e+01 6.823979046621268196e+01
2.546686258075781382e+02 5.398560153658110750e+01 6.834481578487864795e+01
2.546830941155928087e+02 5.401946918107211104e+01 6.840050986554915369e+01
2.546804574821023266e+02 5.401263488737559015e+01 6.836264711017985007e+01
2.546824515453116931e+02 5.399720970839881318e+01 6.840093591758338221e+01
2.546875571852627900e+02 5.403087131133228382e+01 6.850020254932773867e+01
2.546935463593504494e+02 5.413774052732669873e+01 6.830210232233281431e+01
2.546824969442989470e+02 5.425442989348699285e+01 6.822339793958443011e+01
2.546953797799895369e+02 5.436762004539898641e+01 6.828481578487864567e+01
2.547013165706303539e+02 5.441821197834817525e+01 6.828042954426400968e+01
2.546755020080321401e+02 5.446691112275187407e+01 6.827294918805657176e+01
2.546909376636982643e+02 5.466801117513532660e+01 6.837664047494325814e+01
2.546708328968045976e+02 5.488816134101623589e+01 6.844052034223851422e+01
2.546380583202374623e+02 5.480678889470927118e+01 6.831720621616902633e+01
2.545158407543216299e+02 5.421118211978348000e+01 6.773202723939235170e+01
2.542969128688667695e+02 5.309316570630347343e+01 6.700533612711716103e+01
2.541534311157674040e+02 5.231327396542692298e+01 6.655348000698445787e+01
2.542127850532565105e+02 5.224708922647110398e+01 6.661733193644141693e+01
2.543420045398987384e+02 5.267726558407543536e+01 6.693956347127641493e+01
2.544498306268552597e+02 5.327357080495896469e+01 6.745024270997031124e+01
2.545265793609219429e+02 5.371152785053256196e+01 6.778339444735463815e+01
2.545590745591059942e+02 5.414645364064955402e+01 6.795725510738606090e+01
2.545917059542517791e+02 5.444385891391653587e+01 6.814963156975728964e+01
2.546229753797800015e+02 5.469262790291600851e+01 6.824721843897327744e+01
2.546017461148943539e+02 5.466534660380653321e+01 6.829979745067225849e+01
2.545638484372271648e+02 5.465821547057796437e+01 6.822616727780687995e+01
2.545139863803038338e+02 5.460501134974681037e+01 6.808858390082068013e+01
2.544699423782084864e+02 5.449929806181246761e+01 6.788030382399162477e+01
2.544550375414702330e+02 5.452060415575344621e+01 6.783647983237297296e+01
2.544592806006635328e+02 5.467205517723066066e+01 6.791171643094115495e+01
2.544617635760432961e+02 5.475152086607298685e+01 6.790728129910948496e+01
2.545094220359699762e+02 5.485460450497642881e+01 6.810270997031604168e+01
2.545472219312030688e+02 5.506440370176357391e+01 6.830301728653745386e+01
2.545844106862231513e+02 5.527151388161340861e+01 6.835936092194866376e+01
2.546030696699842792e+02 5.538660031430067932e+01 6.850582503928758626e+01
2.546101274663872971e+02 5.559382922996333320e+01 6.856332460275886831e+01
2.546157534485769247e+02 5.577593853675571722e+01 6.863565915837261855e+01
2.546233769862056988e+02 5.585695477562423861e+01 6.870526977475117292e+01
2.546290134450846949e+02 5.591920726383796136e+01 6.868733717478609435e+01
2.546189139165357176e+02 5.590138641522612062e+01 6.870531866596822113e+01
2.546253186659682228e+02 5.585379081543565860e+01 6.870286362842675487e+01
2.546164064955474089e+02 5.582194517199231854e+01 6.861137768465164299e+01
2.546115907106687644e+02 5.580478435481054333e+01 6.854830801466737000e+01
2.546062336301728521e+02 5.580093940981316791e+01 6.853503055701065705e+01
2.546092579011698831e+02 5.577572201850881584e+01 6.854697398288807619e+01
2.545740492404400186e+02 5.554826610790990316e+01 6.839020429544264346e+01
2.544500471451021610e+02 5.479849834119085017e+01 6.787375938536756337e+01
2.542863383970665154e+02 5.376393923520167561e+01 6.705848437227169256e+01
2.541980129212502106e+02 5.313014143530644162e+01 6.667427623537628278e+01
2.542108189278854411e+02 5.316001047668936508e+01 6.673107735288982667e+01
2.543083429369652606e+02 5.352046795879169139e+01 6.703137768465164470e+01
2.543781037192247254e+02 5.383165007857517281e+01 6.728826610790990514e+01
2.544246132355509076e+02 5.411945171992316972e+01 6.739615156277282892e+01
2.544693836214422902e+02 5.436836039811419852e+01 6.754068796926837592e+01
2.544891496420464421e+02 5.426392875851230713e+01 6.754455386764449543e+01
2.544527187008905287e+02 5.386944997380827971e+01 6.732510913218089854e+01
2.544071451021477230e+02 5.350919154880391204e+01 6.698767592107560631e+01
2.543745625982189722e+02 5.321275013095861794e+01 6.676489261393399488e+01
2.543332879343460888e+02 5.310676444910075134e+01 6.663775798847564147e+01
2.543497083988126519e+02 5.312750480181595947e+01 6.668553867644490651e+01
2.543842535358826638e+02 5.333939235201676610e+01 6.688453989872533612e+01
2.543894045748210146e+02 5.374090448751528015e+01 6.727564518945347061e+01
2.544058529771259032e+02 5.428198358651999200e+01 6.759836912868867387e+01
2.544479518072289181e+02 5.487393748908678504e+01 6.790366684127815233e+01
2.544980618124672560e+02 5.526055526453640709e+01 6.816740003492229505e+01
2.545328304522437577e+02 5.544609394098131361e+01 6.836827309236947769e+01
2.545573703509690802e+02 5.563894534660380486e+01 6.824540597171294110e+01
2.545789243932250656e+02 5.563533088877247934e+01 6.815205168500087041e+01
2.545873581281648228e+02 5.560393574297188479e+01 6.814282172166929286e+01
2.545400628601362030e+02 5.546999126942552749e+01 6.791481753099354535e+01
2.545190745591060022e+02 5.532882486467609340e+01 6.783410162388685194e+01
2.544968709621093126e+02 5.518629998253884850e+01 6.774124672603457498e+01
2.545028356905884266e+02 5.517842500436528752e+01 6.771661602933473034e+01
2.545173843198882366e+02 5.535272568535009441e+01 6.783316221407368118e+01
2.545614003841452870e+02 5.569844246551423339e+01 6.801485943775099940e+01
2.546010127466387303e+02 5.615807927361620244e+01 6.825673476514754157e+01
2.545783970665269749e+02 5.623903265234852711e+01 6.812460974332111618e+01
2.543510249694429888e+02 5.548166928583901125e+01 6.745295268028635860e+01
2.539757429718875414e+02 5.436289505849484982e+01 6.647015540422559354e+01
2.537502112799022314e+02 5.352042954426401167e+01 6.589765322158197591e+01
2.537475467085734238e+02 5.334962458529771112e+01 6.580115243583027507e+01
2.538672079622839135e+02 5.358206390780513573e+01 6.600046097433211401e+01
2.540458948838833635e+02 5.408178103719225049e+01 6.642310808451196635e+01
2.541681997555439239e+02 5.464313602235026934e+01 6.685821547057796010e+01
2.542767138117688148e+02 5.494603108084511689e+01 6.705450672254234235e+01
2.543314719748559583e+02 5.503810721145451623e+01 6.719107036843024616e+01
2.544207089226471226e+02 5.532706827309237241e+01 6.739961236249345689e+01
2.544364903090623500e+02 5.541856469355683856e+01 6.745819102496943742e+01
2.544529352191374301e+02 5.536582853151737282e+01 6.741793259996508425e+01
2.544201850881788118e+02 5.528712414876898862e+01 6.743172690763051946e+01
2.544229893486991330e+02 5.525462545835515726e+01 6.738490658285314794e+01
2.544460275886153227e+02 5.534519294569582826e+01 6.743299458704382232e+01
2.544877946568884113e+02 5.554618473895582298e+01 6.755735987427972589e+01
2.545286258075781518e+02 5.579440894010826213e+01 6.763484546883185544e+01
2.545655107386066049e+02 5.598281124497992067e+01 6.785524009079797736e+01
2.546145800593679098e+02 5.632050637331936116e+01 6.811915488039113598e+01
2.546541609917932476e+02 5.665972760607647984e+01 6.821455561375938714e+01
2.546611559280600545e+02 5.671776846516500825e+01 6.829438798672953226e+01
2.546785961236249420e+02 5.679675571852627769e+01 6.839133577789418439e+01
2.547004539898725284e+02 5.702459926663174627e+01 6.854648507071765096e+01
2.547131063383970684e+02 5.722472498690413545e+01 6.865485943775099997e+01
2.547187637506548015e+02 5.745909551248472269e+01 6.872678540247947865e+01
2.547124428147372157e+02 5.764543740178103803e+01 6.886217915138816181e+01
2.546996996682381678e+02 5.776532914265758478e+01 6.893714335603281995e+01
2.546704801815959627e+02 5.799452069146149569e+01 6.892348873755892669e+01
2.546708468657237745e+02 5.799922472498690240e+01 6.893102147721320705e+01
2.546133438100227124e+02 5.787959839357429814e+01 6.872098131657062936e+01
2.545186834293696450e+02 5.742749432512659524e+01 6.826312903789069253e+01
2.543856085210406945e+02 5.687856818578662654e+01 6.793887200977823682e+01
2.543341225772655889e+02 5.653072463768116052e+01 6.769678365636458750e+01
2.543841801990570843e+02 5.653565915837262423e+01 6.779307141609918119e+01
2.544551981840405119e+02 5.691012746638728714e+01 6.800996333158721541e+01
2.545773319364414249e+02 5.744399511087829779e+01 6.844692159944123944e+01
2.546344787847040436e+02 5.809132530120481874e+01 6.892018508817879763e+01
2.546940352715208746e+02 5.870836039811419482e+01 6.934803212851406329e+01
2.547422315348349855e+02 5.933299109481404088e+01 6.966418718351667394e+01
2.547521843897328324e+02 5.967935044525929555e+01 6.980264012572027355e+01
2.547579221232757050e+02 5.978781211803736539e+01 6.981894883883359171e+01
2.547491112275187675e+02 5.975696176008381144e+01 6.976178802165182447e+01
2.547287899423781994e+02 5.957850183342063843e+01 6.967013095861707939e+01
2.547169408067050824e+02 5.942319539025668007e+01 6.951546708573424382e+01
2.547167871485943635e+02 5.944667015889645256e+01 6.938604155753448310e+01
2.547217216692858415e+02 5.949251964379256208e+01 6.951983586519993707e+01
2.547339968569932012e+02 5.964539898725335831e+01 6.962942552819976072e+01
2.547380792736161936e+02 5.975796752226296604e+01 6.963265234852453034e+01
2.547433036493801239e+02 5.986805308189278918e+01 6.970248646760957456e+01
2.547516186485070762e+02 5.998074384494499611e+01 6.988766893661602353e+01
2.547743425877422681e+02 6.018076479832372883e+01 7.012936616029334402e+01
2.547857656713811707e+02 6.027896280775274818e+01 7.019716780164134207e+01
2.548033246027588632e+02 6.053423432861882247e+01 7.032785053256503716e+01
2.548106722542343334e+02 6.076732669809673126e+01 7.044008381351493142e+01
2.548265304697049203e+02 6.108194517199231655e+01 7.051345206914615460e+01
2.548356277283045301e+02 6.129237646237122306e+01 7.060882835690588877e+01
2.548347616553169246e+02 6.119037541470228803e+01 7.052327920377160808e+01
2.548099877771957438e+02 6.077518072289156947e+01 7.023464641173389111e+01
2.547563750654793182e+02 6.015491880565740956e+01 6.971713287934346681e+01
2.547130749083289629e+02 5.970746638728828515e+01 6.931086781910249783e+01
2.546711471974855954e+02 5.930586345381526314e+01 6.900687270822420771e+01
2.546902322332809376e+02 5.933502357255107285e+01 6.910200803212850929e+01
2.547398184040509932e+02 5.962817880216518063e+01 6.937892439322507698e+01
2.547922437576392554e+02 5.993977649729352208e+01 6.971688143879867994e+01
2.548221791513881556e+02 5.999958791688493420e+01 6.988440020953379417e+01
2.548519853326348823e+02 5.998433036493801040e+01 7.002823467784180878e+01
2.548532634887375536e+02 5.987125196437925467e+01 7.005235550899249120e+01
2.548584529422035985e+02 5.972523485245329056e+01 6.999214597520516179e+01
2.548590047145102062e+02 5.952563296664920500e+01 7.003983237297013886e+01
2.548590396368080917e+02 5.951041033700017380e+01 6.981706652697747018e+01
2.548440230487165934e+02 5.980552121529596832e+01 6.991823642395669935e+01
2.548478505325650474e+02 5.994908678191024620e+01 6.999887200977823909e+01
2.548227169547756148e+02 6.000412083115068640e+01 6.991110878295792475e+01
2.548265025318665948e+02 5.998427798149118217e+01 6.995652872359001151e+01
2.548156521739130369e+02 6.008630696699842844e+01 6.997967522262965190e+01
2.548248961061637772e+02 6.021596996682382041e+01 7.011398987253360815e+01
2.548329142657586885e+02 6.036366684127815319e+01 7.018566788894709418e+01
2.548358512310109916e+02 6.052400209533787034e+01 7.021269774751178261e+01
2.548202793783831055e+02 6.058820324777370558e+01 7.017806530469704285e+01
2.548242395669635130e+02 6.061016937314474973e+01 7.015971014492753000e+01
2.548230068098480956e+02 6.072076130609394085e+01 7.022694604504975757e+01
2.548214353064431634e+02 6.068803212851405959e+01 7.018489959839357084e+01
2.548195006111401995e+02 6.076972236773179503e+01 7.020138990745590490e+01
2.548401676270298708e+02 6.117454164484023238e+01 7.036536057272569167e+01
2.548503160467958821e+02 6.139003666841278317e+01 7.043348349921424756e+01
2.548203981141959105e+02 6.090340841627379120e+01 7.006982015016588150e+01
2.547283778592631336e+02 5.997109830626855143e+01 6.947569058844071321e+01
2.546680111751353195e+02 5.925943076654444042e+01 6.901787323205867608e+01
2.546527152086607373e+02 5.917645887899423940e+01 6.901407717827832755e+01
2.546897328444211723e+02 5.943765322158198217e+01 6.927748559455211819e+01
2.547305011349746735e+02 5.961706303474768731e+01 6.951197485594552461e+01
2.547661253710494123e+02 5.946107560677492643e+01 6.941327396542692441e+01
2.547649694429893543e+02 5.904310808451196380e+01 6.915500611140213039e+01
2.547135463593504312e+02 5.841586170770036546e+01 6.859782434084162617e+01
2.546428775973459153e+02 5.765457307490832761e+01 6.799434607997206115e+01
2.545577510040160689e+02 5.736711716430941266e+01 6.773583376986205451e+01
2.544105360572725658e+02 5.705349397590361349e+01 6.738934171468483214e+01
2.542814527675920999e+02 5.659115418194517133e+01 6.706233280949886932e+01
2.541926209184564414e+02 5.597221931203073098e+01 6.669082940457482778e+01
2.541770106513008614e+02 5.577776148070542916e+01 6.672396018858040634e+01
2.542088877248122856e+02 5.577094115592805679e+01 6.686357604330365234e+01
2.542829160118735672e+02 5.568754321634363436e+01 6.687671730399860337e+01
2.543500820674000238e+02 5.575842500436528582e+01 6.690248297537978317e+01
2.544192317094464784e+02 5.615223677317967343e+01 6.714103719224725353e+01
2.544196298236423956e+02 5.680526977475118144e+01 6.746171468482626210e+01
2.544066142832198238e+02 5.737936441417845401e+01 6.763820848611838699e+01
2.544583097607822708e+02 5.780876549676968779e+01 6.781178278330713738e+01
2.545196542692509070e+02 5.832824515453116732e+01 6.810641522612188226e+01
2.545390151911995815e+02 5.883002619172341241e+01 6.827733193644141352e+01
2.545420394621966125e+02 5.917321459752051993e+01 6.848798672952680988e+01
2.545138397066527034e+02 5.941420988301030093e+01 6.862194167976252857e+01
2.544618438973284356e+02 5.936948838833595232e+01 6.863183865898376723e+01
2.543769547756242275e+02 5.873145451370699988e+01 6.818440370176357135e+01
2.538375938536755712e+02 5.605720621616902122e+01 6.682529422035969446e+01
2.530962423607473397e+02 5.265492928234677805e+01 6.503945521215295855e+01
2.525705011349746769e+02 5.056320237471625489e+01 6.383911646586345512e+01
2.525743356032826910e+02 5.013642395669634766e+01 6.361626680635585984e+01
2.529275781386415360e+02 5.069740178103719330e+01 6.401327745765671295e+01
2.534328688667714289e+02 5.189275711541819192e+01 6.481493277457656177e+01
2.538041417845294347e+02 5.312021302601711170e+01 6.569201327047319694e+01
2.540390501134974670e+02 5.392963156975729078e+01 6.625555089924917240e+01
2.541814492753623256e+02 5.451123450323031250e+01 6.668603806530470024e+01
2.542755229614108714e+02 5.485404225598044547e+01 6.687692683778593050e+01
2.542904138292299763e+02 5.489501658809149376e+01 6.686117688143879434e+01
2.542688353413654738e+02 5.486667015889645427e+01 6.669098655491531247e+01
2.542130225248821489e+02 5.470555962982363951e+01 6.646631045922821102e+01
2.541345276759210776e+02 5.452929282346778450e+01 6.629729701414352405e+01
2.541309830626855160e+02 5.456013619696175709e+01 6.628476689366159746e+01
2.541790361445783049e+02 5.474558058320237564e+01 6.643895582329317051e+01
2.542439601885804166e+02 5.501289680460974552e+01 6.671389558232931449e+01
2.542858948838833726e+02 5.528474244805308047e+01 6.693692334555613854e+01
2.543349642046446775e+02 5.549551248472149467e+01 6.707354635935044485e+01
2.543699423782084921e+02 5.580832198358651652e+01 6.727702112799022416e+01
2.543861602933473023e+02 5.619976252837436448e+01 6.756129910948141060e+01
2.544322961410860842e+02 5.653954950235725363e+01 6.762658983761131992e+01
2.544401885804086021e+02 5.683888597869739812e+01 6.771806879692684333e+01
2.544427902916011988e+02 5.709452767592107847e+01 6.781634363541121502e+01
2.545023712240265468e+02 5.749258599615854592e+01 6.803107386066002960e+01
2.545229229963331647e+02 5.798354461323555142e+01 6.827342063907805425e+01
2.544838484372271807e+02 5.799711192596473097e+01 6.813320062860135806e+01
2.541567627029858443e+02 5.650183691286886756e+01 6.706682381700716178e+01
2.536015435655666010e+02 5.416215819800942910e+01 6.579088528025144456e+01
2.533669635061987151e+02 5.327895931552296105e+01 6.532150165880915438e+01
2.535449135673127330e+02 5.370264711017984638e+01 6.570302077876723956e+01
2.539168011175135291e+02 5.468237820848612074e+01 6.653095163261743039e+01
2.542166439671730416e+02 5.556477387812117996e+01 6.717730399860310797e+01
2.543214492753623119e+02 5.632397066526977625e+01 6.759801292125021632e+01
2.544289645538676439e+02 5.689842849659507351e+01 6.803348699144403611e+01
2.544677562423607355e+02 5.745125545660904720e+01 6.829173039986031313e+01
2.544924463069669969e+02 5.758251091321808701e+01 6.824609044875153074e+01
2.544743949711890991e+02 5.748929631569757248e+01 6.807293172690762617e+01
2.544614911821197722e+02 5.741972760607647785e+01 6.798145276759210276e+01
2.544756347127641050e+02 5.728405447878470369e+01 6.791821547057796238e+01
2.544807054304173164e+02 5.716098131657062709e+01 6.790519643792561055e+01
2.544801815959490057e+02 5.725410860834642790e+01 6.779430766544439280e+01
2.544970106513008545e+02 5.754021302601711341e+01 6.791099703160467982e+01
2.545698096734765272e+02 5.775012746638729055e+01 6.810595774401956248e+01
2.546142622664571320e+02 5.804127117164309624e+01 6.832262615680112106e+01
2.546385821547057731e+02 5.852145975205168327e+01 6.850781211803736426e+01
2.546540108259123372e+02 5.867397241138466768e+01 6.874544438624062082e+01
2.546725580583202486e+02 5.882569582678540598e+01 6.886139339968569573e+01
2.546491251964379217e+02 5.895717129387113431e+01 6.894726034573075424e+01
2.546474384494499645e+02 5.901242535358826302e+01 6.893470228741051642e+01
2.546369652523136153e+02 5.906229788720097673e+01 6.890266107909900484e+01
2.546313218089750308e+02 5.912653046970490323e+01 6.886786100925441190e+01
2.545713986380303879e+02 5.873811419591409333e+01 6.847813165706303096e+01
2.543484092893312436e+02 5.739694429893486927e+01 6.758250742098830699e+01
2.540887620045398876e+02 5.596016413480006690e+01 6.679188755020079782e+01
2.540473371747860938e+02 5.547148594377510022e+01 6.651210057621791805e+01
2.541456120132704655e+02 5.554025144054478602e+01 6.672256678889471004e+01
2.542933682556312078e+02 5.599138466911122691e+01 6.701231011000524518e+01
2.544367941330539509e+02 5.653598044351318208e+01 6.729999650777021714e+01
2.545152086607298827e+02 5.708357604330365120e+01 6.771434957220185424e+01
2.545998498341190839e+02 5.748448053081892795e+01 6.797940282870612805e+01
2.546340247948315039e+02 5.782892963156975696e+01 6.815922472498689899e+01
2.546382992840928807e+02 5.790315348349921720e+01 6.823415051510389162e+01
2.545999685699318889e+02 5.788310110005238585e+01 6.811557883708748307e+01
2.545662056923345631e+02 5.783998952331063492e+01 6.810328968046097486e+01
2.545128444211629244e+02 5.774365985681858149e+01 6.800092544089400803e+01
2.544708922647110114e+02 5.766446656189977205e+01 6.789977998952331006e+01
2.544390256678889557e+02 5.772849310284616564e+01 6.788437925615505719e+01
2.544545416448402193e+02 5.784422909027414050e+01 6.790043303649379425e+01
2.544583551597695248e+02 5.791777195739479822e+01 6.792522786799371204e+01
2.544704557359874286e+02 5.807355334381002621e+01 6.800551772306617693e+01
2.545052697747511843e+02 5.808551073860660097e+01 6.807083988126419172e+01
2.545229718875501987e+02 5.816938711367208015e+01 6.814332111052907237e+01
2.545414562598218993e+02 5.837879168849310219e+01 6.822566788894708623e+01
2.545812816483324639e+02 5.849455212152959405e+01 6.831048367382574327e+01
2.546021756591583767e+02 5.865799895233106298e+01 6.838038065304697000e+01
2.546256783656364462e+02 5.887900122228042932e+01 6.852151562772830573e+01
2.546225947267330127e+02 5.902590536057272885e+01 6.854567487340666787e+01
2.545185891391653570e+02 5.838181595949013314e+01 6.816637331936441058e+01
2.541949956347127682e+02 5.687514230836389117e+01 6.713389209009952197e+01
2.538863872882835722e+02 5.555133577789418808e+01 6.639766369827134440e+01
2.538305674873406588e+02 5.554279378383097310e+01 6.635942378208486048e+01
2.540301414353064331e+02 5.636011873581281861e+01 6.682563995110878352e+01
2.542410790990047076e+02 5.736574821023223336e+01 6.741746464117339599e+01
2.543889645538676518e+02 5.806353762877597546e+01 6.788622315348349900e+01
2.544860415575344916e+02 5.862636633490483717e+01 6.817791164658635239e+01
2.545394901344508582e+02 5.894238868517548724e+01 6.838273092369477979e+01
2.545711052907281271e+02 5.921328793434607718e+01 6.849717129387113346e+01
2.545881613410162458e+02 5.932221058145626102e+01 6.848420115243582984e+01
2.545731133228566421e+02 5.926236423956696342e+01 6.850681334031779102e+01
2.545554216867469961e+02 5.926354461323555256e+01 6.836696699842849512e+01
2.545391059891740895e+02 5.917946568884232761e+01 6.835746464117339372e+01
2.545228950584948393e+02 5.932875851231010955e+01 6.836306966998428436e+01
2.545465165007857422e+02 5.958660729876025641e+01 6.852682032477737550e+01
2.545829125196437985e+02 5.984599266631744285e+01 6.870200104766894356e+01
2.546178103719224737e+02 6.011661952156451605e+01 6.879511437052558165e+01
2.546528409289331307e+02 6.035092020254932521e+01 6.891173738431989193e+01
2.546642395669635164e+02 6.055334031779290882e+01 6.909846341889296184e+01
2.546891356731272822e+02 6.076966299982538544e+01 6.917218089750305410e+01
2.546884302427099840e+02 6.083219486642221341e+01 6.927844944997380594e+01
2.546772236773179543e+02 6.101848786450148765e+01 6.930000698445957141e+01
2.546924847214946794e+02 6.111235900122228060e+01 6.929862755369303784e+01
2.546753553343810097e+02 6.135407368604854383e+01 6.936604155753448708e+01
2.546674733717478603e+02 6.160772132006285773e+01 6.937797101449275772e+01
2.546174995634712843e+02 6.113606076479832296e+01 6.903021477213201251e+01
2.542985716780164012e+02 5.909914440370176436e+01 6.783893486991443922e+01
2.538613759385367530e+02 5.694871311332286012e+01 6.655019731098306579e+01
2.537763995110878170e+02 5.652892264711017845e+01 6.644865723764623056e+01
2.540265898376113114e+02 5.752468308014667286e+01 6.702159944124323943e+01
2.542543530644316263e+02 5.862008730574471826e+01 6.766144927536231535e+01
2.543960363191897898e+02 5.953161166404749594e+01 6.812904138292299194e+01
2.544832268203247736e+02 6.015657063034747409e+01 6.849542867120656808e+01
2.545293486991444070e+02 6.053059193294918572e+01 6.888598568185786064e+01
2.545719294569582587e+02 6.082449100750829274e+01 6.898271346254583136e+01
2.545553972411384791e+02 6.091665444386240580e+01 6.899190850357953764e+01
2.545568081019731039e+02 6.084984110354461251e+01 6.899138466911122691e+01
2.545186485070717595e+02 6.075161864850706905e+01 6.887321110529072143e+01
2.544984634188929533e+02 6.063747511786275624e+01 6.882149467434956591e+01
2.544877527501309658e+02 6.066154705779640466e+01 6.876719748559455070e+01
2.545138885978697374e+02 6.083495372795530187e+01 6.883515278505325341e+01
2.545384389732844284e+02 6.108667015889645313e+01 6.896022699493626362e+01
2.545816134101623902e+02 6.137595599790466139e+01 6.908252488213724973e+01
2.546177684651649997e+02 6.161899773005063707e+01 6.936016064257027836e+01
2.546459123450323148e+02 6.189397939584424790e+01 6.951152785053255911e+01
2.546598847564169716e+02 6.201126942552819798e+01 6.955783132530120838e+01
2.546714614981665932e+02 6.210229090274140162e+01 6.959860310808451800e+01
2.546675502008032197e+02 6.199994761655317177e+01 6.961782434084162219e+01
2.546693452069146133e+02 6.205323555089925236e+01 6.960800419067574296e+01
2.546689889994761700e+02 6.210757464641173442e+01 6.959014841976602384e+01
2.546700576217915000e+02 6.213533787323206070e+01 6.955466736511262127e+01
2.546818997730050569e+02 6.228233280949886819e+01 6.953878470403353163e+01
2.546790082067400078e+02 6.226533263488737902e+01 6.959549153134275912e+01
2.545566719050113420e+02 6.130373319364414186e+01 6.899713287934345374e+01
2.541625318665968223e+02 5.884897503055701407e+01 6.749524009079797793e+01
2.536777056050288195e+02 5.628005936790641073e+01 6.632293347302253039e+01
2.535897677667190635e+02 5.609399685699319349e+01 6.624395320412082810e+01
2.539205063733193697e+02 5.718048541994063072e+01 6.698989348699144841e+01
2.541569303300157117e+02 5.848808451196088498e+01 6.762272393923520042e+01
2.543148838833595278e+02 5.938768290553518625e+01 6.810898899947616769e+01
2.543907246376811599e+02 5.996385192945695763e+01 6.832955124847214279e+01
2.544358058320237603e+02 6.034926488562947355e+01 6.857581281648332094e+01
2.544638274838484335e+02 6.062240614632442970e+01 6.871618648507072180e+01
2.544699109481403809e+02 6.070790990047144930e+01 6.873017984983411566e+01
2.544513637157324979e+02 6.063579535533438047e+01 6.856559105989174441e+01
2.544150375414702410e+02 6.043521215295966442e+01 6.853421337524008550e+01
2.543904347826087076e+02 6.036933473022524765e+01 6.841610965601536520e+01
2.543727221931202962e+02 6.044740003492229619e+01 6.830643268727082784e+01
2.544016238868517519e+02 6.064723240789243874e+01 6.831961236249345859e+01
2.544366684127815574e+02 6.086523136022350400e+01 6.853276409987776674e+01
2.544932390431290514e+02 6.113695826785402687e+01 6.876372970141434848e+01
2.545314300680984729e+02 6.144964204644665529e+01 6.885421337524009289e+01
2.545685524707525644e+02 6.164226994936267090e+01 6.903893137768464783e+01
2.545905989174087551e+02 6.185995809324253258e+01 6.922259821896280130e+01
2.546266876200454021e+02 6.203868342936965519e+01 6.930625807578138620e+01
2.546462755369303181e+02 6.226560502881089576e+01 6.948566090448751709e+01
2.546760118735812739e+02 6.250182294394971194e+01 6.955220534311158076e+01
2.546828741051161273e+02 6.259937489086782136e+01 6.957758686921599178e+01
2.546850392875851128e+02 6.269404924044002314e+01 6.959400034922298062e+01
2.546898585646935658e+02 6.282003841452767290e+01 6.960279029160118114e+01
2.546915488039113029e+02 6.281246726034573413e+01 6.968700192072638799e+01
2.547073930504627128e+02 6.288147372097083831e+01 6.970653745416448999e+01
2.547250218264361763e+02 6.304694953727955209e+01 6.978557359874280053e+01
2.547257517024620199e+02 6.309829928409289579e+01 6.979894883883359569e+01
2.546387393050462720e+02 6.242795180722891502e+01 6.924279029160118171e+01
2.542022001047668880e+02 6.010764449100750539e+01 6.785619346953029662e+01
2.535715243583027814e+02 5.774902741400384087e+01 6.659120656539199956e+01
2.535172516151562832e+02 5.740437925615505321e+01 6.660636633490483405e+01
2.538513567312729151e+02 5.839390256678889557e+01 6.726459926663174826e+01
2.541707630522088266e+02 5.952930330015715299e+01 6.790376811594202877e+01
2.543198568185786712e+02 6.036778767242884669e+01 6.828113846691111632e+01
2.544019940632093721e+02 6.078784354810546375e+01 6.846986904138292118e+01
2.544521634363541125e+02 6.097290378906932062e+01 6.863909202025493528e+01
2.544698830103020839e+02 6.103538676444910038e+01 6.870558407543215651e+01
2.544725510738606715e+02 6.097422035969967169e+01 6.856666317443688285e+01
2.544546673651126127e+02 6.082710319539025789e+01 6.846268901693731834e+01
2.544257621791513770e+02 6.059498166579361111e+01 6.830050288108957091e+01
2.543726837785926307e+02 6.046267854024794985e+01 6.813097607822594171e+01
2.543674803562074374e+02 6.047547407019381893e+01 6.803586869215993715e+01
2.543900995285489728e+02 6.055488039112973553e+01 6.808704382748385342e+01
2.544385367557185305e+02 6.074559105989174412e+01 6.817453116815086389e+01
2.544636703335079346e+02 6.097259298061812416e+01 6.827469530295093136e+01
2.544795529945870385e+02 6.117237995460101274e+01 6.837201327047320376e+01
2.545054548629299802e+02 6.126341540073336489e+01 6.842819626331412053e+01
2.545165950759559905e+02 6.132922647110179781e+01 6.844840579710144368e+01
2.545537209708398905e+02 6.153753099353937728e+01 6.868337698620568688e+01
2.545797730050637426e+02 6.176178802165182447e+01 6.875318665968221410e+01
2.545804295442640068e+02 6.183209708398812410e+01 6.873301204819277643e+01
2.545986729526802890e+02 6.198084861183865968e+01 6.874899598393574252e+01
2.546191164658634420e+02 6.208556312205342920e+01 6.887242884581804958e+01
2.546213130784005614e+02 6.215352889820150040e+01 6.884432338047842848e+01
2.546265549153134202e+02 6.216767941330539315e+01 6.889982189628076981e+01
2.546242186135847874e+02 6.218612537104941396e+01 6.897883708748035758e+01
2.546457412257726673e+02 6.237299458704382715e+01 6.902986554915312922e+01
2.546574262266457254e+02 6.244237122402654450e+01 6.908187183516675134e+01
2.546923136022350320e+02 6.265223328094988631e+01 6.925544962458529596e+01
2.547270682730923568e+02 6.296279029160118768e+01 6.947184913567312492e+01
2.547238274838484244e+02 6.309790815435655986e+01 6.950723939235201954e+01
2.546201781037192120e+02 6.243220534311157621e+01 6.893603981141959025e+01
2.542704138292299660e+02 6.058665618997729752e+01 6.780643617950060786e+01
2.537812467260345670e+02 5.858733717478610004e+01 6.679569408067051484e+01
2.537343146499039506e+02 5.850438624061463599e+01 6.679236249345207455e+01
2.540585018334206495e+02 5.947473720970840105e+01 6.743742971887550652e+01
2.543052523136022387e+02 6.046837436703334845e+01 6.808903439846342565e+01
2.544535044525929948e+02 6.121223328094988858e+01 6.845046970490658111e+01
2.545196682381700839e+02 6.161891391653571048e+01 6.871732844421163122e+01
2.545680041906757367e+02 6.189863803038240064e+01 6.889002968395320181e+01
2.545879273616203875e+02 6.201823991618648790e+01 6.896317792910772937e+01
2.546033490483673916e+02 6.206683778592631739e+01 6.900280076829055531e+01
2.545800314300680895e+02 6.196327920377160581e+01 6.894553518421511740e+01
2.545577998952331029e+02 6.187072114545136969e+01 6.881365461847389042e+01
2.545416273790815467e+02 6.177687445433909375e+01 6.872951632617426299e+01
2.545350305570106570e+02 6.170098480880042047e+01 6.878128863279204097e+01
2.545579640300331903e+02 6.183279552994586936e+01 6.879474768639776983e+01
2.545870787497817389e+02 6.209602235027065120e+01 6.888366334904836208e+01
2.546225667888947157e+02 6.233805133577789093e+01 6.904018159594900794e+01
2.546499074559106077e+02 6.252481927710843479e+01 6.914098480880042530e+01
2.546644910075083033e+02 6.261691636109655690e+01 6.923257202723939940e+01
2.546849345206914563e+02 6.276643967173040295e+01 6.932515103893835828e+01
2.546920447005412882e+02 6.283599441243233485e+01 6.940356905884407013e+01
2.547032338047843609e+02 6.292904836738257046e+01 6.941290728129911258e+01
2.547143460799720742e+02 6.302196961760083838e+01 6.943679413305395087e+01
2.547310878295791952e+02 6.312282870612886398e+01 6.951245329142658136e+01
2.547236493801292170e+02 6.317385367557185560e+01 6.953581980094290316e+01
2.547269600139689203e+02 6.315967871485943874e+01 6.954030731622140138e+01
2.547361445783132581e+02 6.320869565217391539e+01 6.951850183342064327e+01
2.547308084511960828e+02 6.323037890693207430e+01 6.954290204295442379e+01
2.547392421861358400e+02 6.325811070368430222e+01 6.967421686746988030e+01
2.547370281124497922e+02 6.329336127117164068e+01 6.964780164134799634e+01
2.547486223153483422e+02 6.342374367033350779e+01 6.976015365811070978e+01
2.547656993190151979e+02 6.356483673825737668e+01 6.980843722716954858e+01
2.547685804085908785e+02 6.364637681159420168e+01 6.987963680810197786e+01
2.547453954950235584e+02 6.346806705081194622e+01 6.973458704382748863e+01
2.546136196961760163e+02 6.245803736685873986e+01 6.894198707874977572e+01
2.542503893836214388e+02 6.049127291775798909e+01 6.776658285315173202e+01
2.538552680286362886e+02 5.881893486991444320e+01 6.703041732145975118e+01
2.538964623712240325e+02 5.900288807403526903e+01 6.708481578487864283e+01
2.541467609568709634e+02 5.991105989174087654e+01 6.756094639427274728e+01
2.543305151038938448e+02 6.075491531342762386e+01 6.805539724113846489e+01
2.544457377335428703e+02 6.138193818753273945e+01 6.830795529945869760e+01
2.545096874454339115e+02 6.175185961236249454e+01 6.857742273441591863e+01
2.545543286188231207e+02 6.202845119608870306e+01 6.881283045224375883e+01
2.545809254408940205e+02 6.211939584424655436e+01 6.884940806705081684e+01
2.545681299109481301e+02 6.200230487166055582e+01 6.878550375414702955e+01
2.545543914789593032e+02 6.191731796752226558e+01 6.877995110878295293e+01
2.545345206914614948e+02 6.185237646237122533e+01 6.871300855596298618e+01
2.545163261742622751e+02 6.176831499912694312e+01 6.865026366334905106e+01
2.545129142657586954e+02 6.180340143181421553e+01 6.847954601012746423e+01
2.545139444735463599e+02 6.184802514405448193e+01 6.847417845294219774e+01
2.545441767068273009e+02 6.203100750829404575e+01 6.852965252313602207e+01
2.545812467260345784e+02 6.227771957394796232e+01 6.868602060415575750e+01
2.546242570281124529e+02 6.251323555089924611e+01 6.886517199231710151e+01
2.546503928758512245e+02 6.263908154356556679e+01 6.908612537104941964e+01
2.546808905185961294e+02 6.283990920202549546e+01 6.926845119608870505e+01
2.547028426750480321e+02 6.301216692858390189e+01 6.943089924917059363e+01
2.547165601536581221e+02 6.315941679762528338e+01 6.955902217565915180e+01
2.547244071939933576e+02 6.326182294394970995e+01 6.961025318665967632e+01
2.547381595949013331e+02 6.347534485769163837e+01 6.953536581107036341e+01
2.547282486467609601e+02 6.356181945171991998e+01 6.959046621267678745e+01
2.547357744019556378e+02 6.362581805482800945e+01 6.963726907630521623e+01
2.547443722716954824e+02 6.370857342413130908e+01 6.964318142133753042e+01
2.547424724986904039e+02 6.367930155404225445e+01 6.962543390955124778e+01
2.547497258599615861e+02 6.365316570630347570e+01 6.964548629299808624e+01
2.547576392526628126e+02 6.362722193120307423e+01 6.964668762004539815e+01
2.547501588964553889e+02 6.367802689016937023e+01 6.950446306966998122e+01
2.547606355858215466e+02 6.378006635236598498e+01 6.963533787323206070e+01
2.547791059891740986e+02 6.402179500611140384e+01 6.979241487689890278e+01
2.547680146673651222e+02 6.402477387812118081e+01 6.980614283219836125e+01
2.547234677841802011e+02 6.364771782783306975e+01 6.947769862056922818e+01
2.545819626331412735e+02 6.258033176182993174e+01 6.863912345032302653e+01
2.543638484372271762e+02 6.133093417146848481e+01 6.783756940806705416e+01
2.543035515976951331e+02 6.100243757639252351e+01 6.764832198358652704e+01
2.543875187707351131e+02 6.122466212676793873e+01 6.794283569058843852e+01
2.545042884581805538e+02 6.186251440544787528e+01 6.840749432512659212e+01
2.545992352016762652e+02 6.244259821896280727e+01 6.872637331936441285e+01
2.546576671905011438e+02 6.286853500960363306e+01 6.894585646935568946e+01
2.546962214073685971e+02 6.319677667190501325e+01 6.917236249345207000e+01
2.547188545486293094e+02 6.335878470403352480e+01 6.937474070193819387e+01
2.547165566614283136e+02 6.347676270298585877e+01 6.938297887200977243e+01
2.546963610965601674e+02 6.352723240789244130e+01 6.933197485594551779e+01
2.546966439671730313e+02 6.353842500436528695e+01 6.930771084337349919e+01
2.546847180024445549e+02 6.346198707874977885e+01 6.929312729177580366e+01
2.546659926663174360e+02 6.342012572027239514e+01 6.930079622839183173e+01
2.546618159594901272e+02 6.341634014318142221e+01 6.931100052383446553e+01
2.546632512659332974e+02 6.351424829753797496e+01 6.937113322856643549e+01
2.546678575170246290e+02 6.376232233280949657e+01 6.948119783481753586e+01
2.546632198358651920e+02 6.395646935568360192e+01 6.964357255107385924e+01
2.546701519119958164e+02 6.412306966998428948e+01 6.974358302776322205e+01
2.546827833071416194e+02 6.424577265584075292e+01 6.978219312030731203e+01
2.546935847738781149e+02 6.437289680460973784e+01 6.986211629125196509e+01
2.547183481753099272e+02 6.444182643617949680e+01 6.991313776846516248e+01
2.547255107386066015e+02 6.453461498166579702e+01 6.997119958093242076e+01
2.547504801815959468e+02 6.459999999999999432e+01 6.999914789593155717e+01
2.547548664222105685e+02 6.469313776846516362e+01 7.001821547057797090e+01
2.547782469006460531e+02 6.478401606425703108e+01 7.007037890693207771e+01
2.547693452069146076e+02 6.478445259298061387e+01 7.007939235201676809e+01
2.547656713811768725e+02 6.481852977125895165e+01 7.007172341540074001e+01
2.547564833246027547e+02 6.496961061637856005e+01 7.009051161166404142e+01
2.547640789243932318e+02 6.503443338571678112e+01 7.020995285489784976e+01
2.547789628077527482e+02 6.523539724113847171e+01 7.023490832896804648e+01
2.547880460974332095e+02 6.542207787672428765e+01 7.033116116640475468e+01
2.547971328793434509e+02 6.559882311856119941e+01 7.046738955823293793e+01
2.547816378557708958e+02 6.553602235027064182e+01 7.029698620569233469e+01
2.547320132704732032e+02 6.498179151388161756e+01 6.980558058320237080e+01
2.545927675921075490e+02 6.373401082591234257e+01 6.897132180897503417e+01
2.544271451021477333e+02 6.248233280949886392e+01 6.820779116465863012e+01
2.543870752575519418e+02 6.226814737209708284e+01 6.808144229090274280e+01
2.544942308363890220e+02 6.251975903614457764e+01 6.849923170944647666e+01
2.546057132879343499e+02 6.320936965252313655e+01 6.903369303300156901e+01
2.547096664920551632e+02 6.380050986554915227e+01 6.949713287934345374e+01
2.547444595774401819e+02 6.426097433211104715e+01 6.980103370001745589e+01
2.547805657412257858e+02 6.459798149118212507e+01 7.001306093940981157e+01
2.547765147546708704e+02 6.476102322332809536e+01 7.005533438100226817e+01
2.547841173389209075e+02 6.489324253535882292e+01 7.011951108782957931e+01
2.547714929282346645e+02 6.494295442640125771e+01 7.008273790815435689e+01
2.547690413829230067e+02 6.489036144578312815e+01 7.003754496245852579e+01
2.547570735114370564e+02 6.493090972585996212e+01 7.005616203946219400e+01
2.547587008905185826e+02 6.503103544613234988e+01 6.996990047145102665e+01
2.547602409638554093e+02 6.514617426226645591e+01 7.004610092544089639e+01
2.547708852802514343e+02 6.520641522612187657e+01 7.010453291426576072e+01
2.547934625458355242e+02 6.516221407368604446e+01 7.006831499912694028e+01
2.547916011873581397e+02 6.513922123275710874e+01 7.005294918805657289e+01
2.548122053431115717e+02 6.522661777544962547e+01 7.025044875152785551e+01
2.548221512135498585e+02 6.537398987253361327e+01 7.031734590536056828e+01
2.548324672603457373e+02 6.551682905535184887e+01 7.045222978872010344e+01
2.548342133752400969e+02 6.554474594028286560e+01 7.048216518246900364e+01
2.548293661602933469e+02 6.563443687794656967e+01 7.051498865025318707e+01
2.548280705430417186e+02 6.580958267854025223e+01 7.062729526802863234e+01
2.548275152785053308e+02 6.591160817181770426e+01 7.058466561899773239e+01
2.548279378383097651e+02 6.595031255456609642e+01 7.056993888597870068e+01
2.548305814562598357e+02 6.598901344508468014e+01 7.063692683778592141e+01
2.548233630172865389e+02 6.595902916011873174e+01 7.066978872009778456e+01
2.548387812118037345e+02 6.595190850357953138e+01 7.062054478784703804e+01
2.548320132704731975e+02 6.594664571328793556e+01 7.060693556836039875e+01
2.548412222804260523e+02 6.609489436004889740e+01 7.078375065479308148e+01
2.548492718700890407e+02 6.630002095337873413e+01 7.089194691810720883e+01
2.548504487515278640e+02 6.636902392177405829e+01 7.084569931901519624e+01
2.548406111402130136e+02 6.621080146673651257e+01 7.063689540771783015e+01
2.547903439846341769e+02 6.561372097083987853e+01 7.015954950235725107e+01
2.546883115068971506e+02 6.471572900296840203e+01 6.968309760782258877e+01
2.546062301379430721e+02 6.410850357953553669e+01 6.923178627553693332e+01
2.545962004539898658e+02 6.403289680460974864e+01 6.921564518945346833e+01
2.546359315522961424e+02 6.439669285839008239e+01 6.946217915138815613e+01
2.547050881788021570e+02 6.490261218788195663e+01 6.980779116465863865e+01
2.547455037541470233e+02 6.529769163610966132e+01 7.012636284267505005e+01
2.547834328618823179e+02 6.563176182992840779e+01 7.033869390605902083e+01
2.548009219486642110e+02 6.585860310808450890e+01 7.042984110354461791e+01
2.548010337000174559e+02 6.594022350270647337e+01 7.047342413130783711e+01
2.548074035271520756e+02 6.597611664047494173e+01 7.048242011524358475e+01
2.548078679937139839e+02 6.604218613584774289e+01 7.040998079273616383e+01
2.548107840055875783e+02 6.604577964030033854e+01 7.046669111227518556e+01
2.547960887026366379e+02 6.598364588789942786e+01 7.032893661602933832e+01
2.547946114894359937e+02 6.593718875502007393e+01 7.032437227169548066e+01
2.548032093591758382e+02 6.592935219137419267e+01 7.035694080670508299e+01
2.548012222804260603e+02 6.595834119085036207e+01 7.030581805482800917e+01
2.548063069669984202e+02 6.600966299982539454e+01 7.033001222280425679e+01
2.548068831849135734e+02 6.605829229963332239e+01 7.034455037541469835e+01
2.548110529072812938e+02 6.611244630696700142e+01 7.042407892439322836e+01
2.548200209533787302e+02 6.617199930155403820e+01 7.046422909027414505e+01
2.548183691286886585e+02 6.618727780687969187e+01 7.055598044351317810e+01
2.548173982888073965e+02 6.616072638379606019e+01 7.051258250392875482e+01
2.548241836912868905e+02 6.621870438274838477e+01 7.055217740527326953e+01
2.548284651650078558e+02 6.638155753448576490e+01 7.051005063733194334e+01
2.548354251789767773e+02 6.645463942727431572e+01 7.051655666142832501e+01
2.548345486292998032e+02 6.654503579535533220e+01 7.046851405622490461e+01
2.548413165706303403e+02 6.657201676270298663e+01 7.047321459752050998e+01
2.548465409463942706e+02 6.657849135673127705e+01 7.043570106513008966e+01
2.548365147546708442e+02 6.653899773005063878e+01 7.042461323555089336e+01
2.548477702112799079e+02 6.668778068796926561e+01 7.048859088528024586e+01
2.548440649554740673e+02 6.664614283219836466e+01 7.047550550026191729e+01
2.548223886851754969e+02 6.636141784529422694e+01 7.027600488912170817e+01
2.547510389383621430e+02 6.568142133752401435e+01 6.978205343111577008e+01
2.546831709446481682e+02 6.507302601711192835e+01 6.940121878819626033e+01
2.546574297188755054e+02 6.489175135323904442e+01 6.936844770385891934e+01
2.546854723240789156e+02 6.519600838135148990e+01 6.953059891740876708e+01
2.547447180024445572e+02 6.565521564518945752e+01 6.987767068273092264e+01
2.547889051859612266e+02 6.606649903963680970e+01 7.008139689191548882e+01
2.548204784354810499e+02 6.640218613584774232e+01 7.036569931901519226e+01
2.548344473546359268e+02 6.653686048541993614e+01 7.046420813689540807e+01
2.548322926488562814e+02 6.659967522262964224e+01 7.050214422909027689e+01
2.548438903439846399e+02 6.658962458529771311e+01 7.058706128863279616e+01
2.548498026890169399e+02 6.659524358302776648e+01 7.060416972236772892e+01
