2.286546917638303285e+02 7.709090486231704631e+01 3.127693190275365964e+01
2.286546917638303285e+02 7.709090486231704631e+01 3.127693190275365964e+01
2.286546917638303285e+02 7.709090486231704631e+01 3.127693190275365964e+01
2.286546917638303285e+02 7.709090486231704631e+01 3.127693190275365964e+01
2.286451872984371221e+02 7.708264078392458885e+01 3.126246588935747894e+01
2.284376705532125982e+02 7.691345199702307411e+01 3.106381791118829128e+01
2.277746216819647600e+02 7.638613247333168488e+01 2.995342346812205392e+01
2.275800669808980388e+02 7.605553832795831681e+01 2.972339369883403748e+01
2.269570826097742611e+02 7.657513644257008423e+01 2.946260233192756317e+01
2.272804359960307750e+02 7.775755085586702364e+01 2.939213284544777949e+01
2.275139388489208727e+02 7.901880736789878767e+01 2.971140845943934394e+01
2.278910785164971458e+02 7.990462974448027467e+01 2.982977238898536498e+01
2.281868332919871136e+02 8.060450260481270846e+01 2.991875465145125190e+01
2.284000868270900639e+02 8.123368891094021649e+01 2.996260233192756317e+01
2.285716478541304753e+02 8.143976370627635220e+01 3.008088873728603474e+01
2.284051414041180976e+02 8.131781815926568413e+01 2.998133217563879782e+01
2.275539258248573447e+02 7.925186058050111626e+01 2.941078516497147177e+01
2.262107882659389588e+02 7.555226680724385346e+01 2.854972401389233383e+01
2.246028125775241904e+02 7.113453547506821906e+01 2.752215641280079339e+01
2.230121712974448087e+02 6.697992123542545073e+01 2.681240697097494419e+01
2.221730960059538518e+02 6.461219300421731759e+01 2.642439841230464026e+01
2.219400272885140168e+02 6.372088191515752698e+01 2.616869263210121588e+01
2.215164816422723959e+02 6.352302468370131550e+01 2.653136628628131888e+01
2.212550855867030464e+02 6.336889109402133613e+01 2.683943190275365964e+01
2.210518946911436444e+02 6.318846129992557792e+01 2.708194306623666492e+01
2.209842470850905443e+02 6.318500372116100294e+01 2.721672661870503518e+01
2.210562360456462443e+02 6.356572500620193722e+01 2.738924894567104928e+01
2.214071725378317979e+02 6.469878752170677672e+01 2.752113309352517945e+01
2.215191484743239982e+02 6.547948709997518790e+01 2.762513954353758550e+01
2.214722773505333748e+02 6.567303398660382641e+01 2.761241007194244546e+01
2.214531443810468829e+02 6.561544902009427460e+01 2.760884395931530477e+01
2.211389233440833664e+02 6.478203299429422657e+01 2.737406970974944187e+01
2.210030544529893461e+02 6.399914723393698779e+01 2.723429359960307750e+01
2.209746340858347935e+02 6.379704167700322159e+01 2.717151451252791006e+01
2.209554235921607415e+02 6.361850347308359943e+01 2.713543475564376095e+01
2.210480494914413327e+02 6.358988154304142881e+01 2.717273939469114197e+01
2.212673344083353868e+02 6.390436616224261712e+01 2.727623418506573927e+01
2.215489797816918838e+02 6.475159699826345161e+01 2.755701128752170703e+01
2.216784451748945628e+02 6.565301724137931672e+01 2.767413483006697916e+01
2.218848765814934154e+02 6.617205718184072794e+01 2.794199640287769881e+01
2.220847649466633698e+02 6.665583912180599668e+01 2.810811523195236816e+01
2.223963656660878314e+02 6.716797940957579272e+01 2.814478417266187193e+01
2.226053708757132199e+02 6.761659637806995704e+01 2.813145001240387089e+01
2.229547103696353361e+02 6.812839555941454250e+01 2.814997829322748757e+01
2.231586920119077035e+02 6.855487161994541623e+01 2.821103634333912069e+01
2.234226618705035889e+02 6.906077896303646924e+01 2.846815306375589216e+01
2.231547537831803538e+02 6.866250620193500254e+01 2.822486665839742059e+01
2.216380550731828407e+02 6.482057802034235294e+01 2.729127387744976474e+01
2.199322438600843554e+02 5.943388737286033319e+01 2.600986107665591618e+01
2.182300607789630362e+02 5.506471719176383317e+01 2.498979781691888036e+01
2.168292607293475669e+02 5.218056933763334371e+01 2.432172537831803538e+01
2.162373945671049285e+02 5.032223703795584413e+01 2.401012465889357372e+01
2.156600099230959984e+02 4.986551103944430707e+01 2.430358471843215185e+01
2.154028932026792234e+02 4.972198275862069039e+01 2.438831865542049115e+01
2.152880333664103318e+02 4.971512962044158002e+01 2.458234619201190796e+01
2.154007225254279376e+02 4.987796142396427967e+01 2.485414599354998799e+01
2.157105401885388289e+02 5.038701624906970977e+01 2.511754217315802507e+01
2.159291273877449839e+02 5.140946725378317694e+01 2.559605246837013226e+01
2.162321849417018029e+02 5.206432957082609647e+01 2.585104502604812637e+01
2.163850936492185610e+02 5.269897357975688124e+01 2.597313011659637638e+01
2.163390287769784095e+02 5.272460307615975950e+01 2.594312825601587846e+01
2.162285723145621432e+02 5.251752046638551263e+01 2.591618084842470893e+01
2.160870131481022156e+02 5.202843587199205899e+01 2.582321384271892839e+01
2.161976246588935737e+02 5.183983502852890268e+01 2.591307988092284731e+01
2.163844424460431526e+02 5.197092842967006021e+01 2.597883589679980076e+01
2.167851184569585712e+02 5.240791677003225146e+01 2.624068159265690880e+01
2.172949020094269486e+02 5.308161746464897135e+01 2.647441701810965142e+01
2.178001116348300741e+02 5.398592160754155600e+01 2.661817787149590586e+01
2.181755302654428306e+02 5.495923778218804046e+01 2.675280637558918428e+01
2.187521861820888205e+02 5.609980463904738457e+01 2.703347494418258634e+01
2.193743022823120725e+02 5.725004651451252613e+01 2.731755457702803369e+01
2.199077152071446335e+02 5.843633713718680411e+01 2.733019101959811437e+01
2.205583136938724920e+02 5.956513582237658255e+01 2.770858657901265332e+01
2.212387434879682360e+02 6.093466261473579948e+01 2.784898288265938859e+01
2.216616999503845307e+02 6.216495596626147346e+01 2.811689096998263437e+01
2.220924708509054710e+02 6.310391342098734668e+01 2.840371495906722998e+01
2.223628287025551913e+02 6.410780513520218449e+01 2.852789320267923756e+01
2.222646055569337591e+02 6.386861200694616514e+01 2.833893574795336079e+01
2.207830563135698299e+02 5.991745224510047052e+01 2.724010791366906403e+01
2.188518977921111457e+02 5.563265938972959646e+01 2.614438104688662889e+01
2.171939345075663539e+02 5.184175762838005141e+01 2.508006698089803876e+01
2.159291583974199966e+02 4.890825787645745493e+01 2.450457392706524473e+01
2.148857758620689538e+02 4.706541490945174644e+01 2.450975254279335047e+01
2.145764388489208727e+02 4.667743736045646585e+01 2.449869759364921862e+01
2.143627821880426723e+02 4.647416894070950377e+01 2.436113867526668386e+01
2.144220106673282089e+02 4.642660009923095998e+01 2.443103448275861922e+01
2.146530017365417962e+02 4.663439593153064067e+01 2.462137186802282329e+01
2.151526141156040808e+02 4.724955035971223083e+01 2.496274187546514511e+01
2.151830656164723337e+02 4.836577462168196462e+01 2.545257070205904171e+01
2.154414382287273497e+02 4.914604006450012719e+01 2.569643078640535805e+01
2.157027102455966201e+02 4.946433887372860028e+01 2.588616348300669756e+01
2.158516342098734810e+02 4.989697035475068532e+01 2.595880364673778118e+01
2.158937143388737354e+02 4.990394753162986774e+01 2.600516311089059940e+01
2.157824671297444752e+02 4.977750558174150086e+01 2.587838005457702906e+01
2.157583260977424970e+02 4.978722711485983865e+01 2.591706462416273737e+01
2.157361696849417001e+02 4.974196849417018029e+01 2.586644132969486520e+01
2.158653559910692081e+02 4.990204043661622535e+01 2.588665963780699641e+01
2.163899311585214491e+02 5.058243922103696377e+01 2.617332857851649663e+01
2.167056561647233934e+02 5.104170801290002402e+01 2.628618829074671126e+01
2.170942539072190414e+02 5.176840424212354463e+01 2.649068159265690880e+01
2.176359619201190867e+02 5.306107355494914657e+01 2.684710679732076244e+01
2.181918103448275872e+02 5.406005023567352907e+01 2.717041366906474664e+01
2.185745782684197422e+02 5.519529893326718195e+01 2.701693128256015797e+01
2.193506884147854237e+02 5.664788514016373000e+01 2.722891342098734668e+01
2.197593649218556209e+02 5.727855991069213815e+01 2.732119821384272029e+01
2.199512527908707398e+02 5.775818655420491154e+01 2.743274001488464364e+01
2.204138551227983100e+02 5.877691639791615330e+01 2.755581741503349136e+01
2.207790095509799073e+02 5.913478355246837026e+01 2.773770466385512279e+01
2.199908521458695247e+02 5.775967501860580455e+01 2.729679359960307750e+01
2.184944027536591307e+02 5.500751984619201096e+01 2.639058236169685046e+01
2.169626798561151020e+02 5.150615542049119000e+01 2.543805817415033488e+01
2.155255364673778331e+02 4.838552778466881676e+01 2.465317228975440500e+01
2.147168971719176511e+02 4.661592967005705646e+01 2.452997085090548168e+01
2.142651172165715820e+02 4.579860766559166763e+01 2.446454043661622535e+01
2.140529645249317809e+02 4.538340362193004296e+01 2.439686182088811606e+01
2.142506512031753800e+02 4.560062639543537699e+01 2.444387248821632497e+01
2.147947004465393093e+02 4.645458633093524980e+01 2.479752232696601411e+01
2.148921793599602950e+02 4.791608781939964956e+01 2.530454601835772621e+01
2.154323058794343808e+02 4.959287397668072117e+01 2.566813445795088100e+01
2.157740635078144464e+02 5.071161002232696546e+01 2.617647606053088438e+01
2.159310654924336461e+02 5.153361448772017184e+01 2.632147730091788773e+01
2.159326779955346183e+02 5.152375341106424855e+01 2.629204911932523103e+01
2.158749689903249873e+02 5.091307988092285086e+01 2.598861944926817102e+01
2.157180290250558130e+02 5.036709253287025234e+01 2.575983006698089639e+01
2.155614301662118635e+02 4.999810840982386395e+01 2.558031505829818997e+01
2.156259612999255637e+02 5.002170677251302067e+01 2.553429670057057876e+01
2.157689934259489064e+02 5.019112813197718026e+01 2.555487161994542333e+01
2.159154676258992822e+02 5.043416645993549707e+01 2.567368518977920999e+01
2.161586765070701972e+02 5.095084966509551094e+01 2.577638923344083466e+01
2.163344703547506924e+02 5.137313941949888374e+01 2.589807119821384163e+01
2.165783769536095349e+02 5.192273939469114197e+01 2.598531691887869144e+01
2.170664227238898434e+02 5.295128380054577377e+01 2.625089928057553834e+01
2.174837044157777086e+02 5.364374534854874810e+01 2.652522637062763522e+01
2.178498821632349234e+02 5.455290250558174137e+01 2.667706524435623905e+01
2.181723982882659527e+02 5.530425142644504888e+01 2.684744790374596946e+01
2.184212354254527497e+02 5.588141900272885465e+01 2.687208509054825001e+01
2.183248573554949132e+02 5.586792979409575821e+01 2.681784916894071102e+01
2.170220478789382241e+02 5.302204787893823124e+01 2.584811461175887004e+01
2.150847029273133160e+02 4.884912242619697054e+01 2.452935065740511078e+01
2.133325942694120556e+02 4.493610456462415925e+01 2.363617898784420746e+01
2.120989518729843724e+02 4.222571942446042925e+01 2.291760729347556591e+01
2.113985828578516362e+02 4.093678677747457328e+01 2.262944988836516913e+01
2.109997674274373480e+02 4.079290188538823969e+01 2.292283242371619778e+01
2.108089493922103657e+02 4.097894443066236647e+01 2.314369883403621841e+01
2.108756201935003673e+02 4.135667328206400128e+01 2.344225998511535636e+01
2.111493425948896174e+02 4.188647357975688124e+01 2.377474572066484626e+01
2.115914630364673883e+02 4.249496092780947976e+01 2.401313259737037953e+01
2.120309166459935568e+02 4.366208757132225315e+01 2.432771024559662720e+01
2.124943407343091053e+02 4.454296390473827927e+01 2.470691205656164868e+01
2.127432709005209688e+02 4.507981890349789467e+01 2.480876333416025759e+01
2.127994604316546656e+02 4.530361572810716808e+01 2.474128628131977337e+01
2.128162521706772452e+02 4.531420553212602442e+01 2.486766621185810067e+01
2.128103448275862206e+02 4.532526048127015628e+01 2.486107665591664428e+01
2.128917917390225796e+02 4.537070516000992626e+01 2.485017675514760782e+01
2.131197438600843554e+02 4.556981828330439299e+01 2.487256574051103897e+01
2.133884581989580624e+02 4.600207764822624767e+01 2.477201686926321145e+01
2.137671173406102696e+02 4.669074051103944356e+01 2.506422103696353432e+01
2.141309383527660657e+02 4.730949206152319420e+01 2.526347370379558299e+01
2.144647730091788560e+02 4.801795460183577546e+01 2.520733068717439807e+01
2.149066608781940033e+02 4.884306003473083280e+01 2.542449144132969607e+01
2.153160195981146217e+02 4.984864177623418158e+01 2.567548375093029023e+01
2.158082671793599729e+02 5.084777350533366302e+01 2.594517489456710635e+01
2.162216416521954727e+02 5.157639233440833237e+01 2.609177313321756486e+01
2.166463656660878314e+02 5.217858471843214829e+01 2.617415033490448906e+01
2.170756325973703724e+02 5.286033242371620133e+01 2.627310220788886141e+01
2.173618363929546149e+02 5.335746402877698102e+01 2.646652505581741366e+01
2.171663979161498332e+02 5.319573306871743767e+01 2.630467005705780181e+01
2.158383930786405358e+02 5.054054515008682813e+01 2.525956648474323885e+01
2.138555414289258181e+02 4.628818841478541657e+01 2.403558360208385025e+01
2.119371278838997625e+02 4.223339431902753915e+01 2.316867712726370598e+01
2.109065058298189115e+02 3.985360332423716301e+01 2.253776978417266363e+01
2.101643977921111457e+02 3.854764636566608971e+01 2.209434693624410784e+01
2.099004744480277793e+02 3.799449578268419714e+01 2.205074733316794777e+01
2.093576190771520658e+02 3.776939655172413524e+01 2.239901699330190965e+01
2.089813941949888374e+02 3.800207764822624767e+01 2.242604192508062511e+01
2.090290715703299327e+02 3.819363991565368366e+01 2.274279025055817272e+01
2.091509706028280959e+02 3.844847742495658593e+01 2.297440151327214153e+01
2.092546049367402645e+02 3.886899962788390184e+01 2.324136380550731928e+01
2.094327865293971627e+02 3.920638489208633359e+01 2.348922413793103559e+01
2.094580284048623184e+02 3.953087013148102358e+01 2.368886442570081741e+01
2.092303243612007009e+02 3.959124596874224977e+01 2.347021520714462994e+01
2.090134892086331035e+02 3.933546266435127592e+01 2.350406226742743598e+01
2.088383000496154693e+02 3.859989766807243683e+01 2.353062205408087237e+01
2.083451841974696208e+02 3.755868580997270811e+01 2.318374782932274769e+01
2.081839028776978466e+02 3.724632535351029361e+01 2.308002046638551263e+01
2.081783831555445374e+02 3.720160940213346379e+01 2.307893512775986267e+01
2.083225161250310009e+02 3.729981704291738964e+01 2.312439531133713544e+01
2.085848269660133951e+02 3.762396117588687616e+01 2.324049553460679718e+01
2.088597122302158198e+02 3.804983254775489598e+01 2.331713594641528076e+01
2.091988495410568021e+02 3.863202369139171566e+01 2.350969052344331445e+01
2.096830191019598146e+02 3.912152691639791868e+01 2.358053212602331783e+01
2.100433670305135081e+02 3.973599913172910192e+01 2.384586641032002063e+01
2.104623387496899056e+02 4.034434693624410784e+01 2.407462478293227548e+01
2.108090579260729385e+02 4.075879124286777255e+01 2.430899590672289889e+01
2.110159079632845476e+02 4.109163358967997937e+01 2.443922103696353432e+01
2.111897637062763522e+02 4.146426134954105436e+01 2.459406784916894040e+01
2.114578268419747076e+02 4.173492929794095829e+01 2.479635946415281467e+01
2.117093618208881196e+02 4.198686740262962047e+01 2.478015690895559331e+01
2.113244542297196631e+02 4.121601339617960491e+01 2.439915653683949515e+01
2.098369821384272029e+02 3.885568097246341068e+01 2.357414413296948652e+01
2.081703826593897304e+02 3.672864983874968914e+01 2.259716881667080202e+01
2.067146024559662578e+02 3.471547072686678348e+01 2.194060096750186162e+01
2.055740976184569604e+02 3.348773567353013902e+01 2.154956896551724199e+01
2.051772357975688408e+02 3.308414475316298820e+01 2.154969300421731404e+01
2.050359867278590968e+02 3.287126333416026114e+01 2.162631791118829128e+01
2.051901048127015770e+02 3.295902071446290904e+01 2.167078578516496989e+01
2.054786653435872097e+02 3.329170801290002402e+01 2.180640659885884247e+01
2.057022451004713446e+02 3.389010171173406150e+01 2.207802034234681088e+01
2.060594145373356412e+02 3.460747953361448737e+01 2.223257256263954318e+01
2.064337633341602611e+02 3.532870255519722491e+01 2.220041552964524811e+01
2.066642737534110665e+02 3.572123852642024389e+01 2.239048933267179464e+01
2.068122209129248290e+02 3.592264636566608971e+01 2.248271210617712867e+01
2.067424801538079748e+02 3.580961610022326624e+01 2.249679049863557267e+01
2.066321167204167750e+02 3.562293785661126577e+01 2.249871309848672851e+01
2.066247519225998417e+02 3.553494790374596590e+01 2.241441329694864848e+01
2.067155327462168088e+02 3.554925886876705476e+01 2.245957888861324747e+01
2.068617588687670548e+02 3.565870751674522410e+01 2.248976680724386057e+01
2.070640659885884531e+02 3.588061275117836857e+01 2.253897916149838920e+01
2.074577183081121348e+02 3.628269970230712005e+01 2.267782498139419545e+01
2.078780079384767987e+02 3.680758496650955180e+01 2.276497767303398589e+01
2.082474727114859832e+02 3.724350347308359943e+01 2.308057864053584751e+01
2.087148195236914034e+02 3.774626333416026114e+01 2.338862875217067838e+01
2.091186275117836715e+02 3.817807305879434665e+01 2.349492991813445641e+01
2.094737193004217204e+02 3.853406412800794101e+01 2.363307802034234584e+01
2.097578764574547279e+02 3.893822872736294016e+01 2.372001364425700842e+01
2.101539165219548408e+02 3.939507876457454927e+01 2.400358161746465058e+01
2.106028745968742157e+02 3.989852083850161080e+01 2.420275676010915333e+01
2.108764574547258803e+02 4.019604316546762846e+01 2.438563631853138247e+01
2.107641094021334709e+02 4.008887372860332476e+01 2.423843339121805940e+01
2.094286932522947211e+02 3.840735859588191659e+01 2.359338563631852992e+01
2.078155854626643588e+02 3.643165467625899367e+01 2.276894691143636962e+01
2.062492557677995535e+02 3.449454229719672327e+01 2.183068717439841322e+01
2.049651141156040808e+02 3.302939717191763691e+01 2.133180352269908298e+01
2.041638241131232974e+02 3.228547506822128810e+01 2.104102580004961709e+01
2.039582764822624767e+02 3.199111572810716808e+01 2.090562205408087237e+01
2.040375682212850279e+02 3.193824423220044650e+01 2.097632411312329381e+01
2.042470695857107330e+02 3.208423778218804046e+01 2.106079446787397558e+01
2.044783242371619849e+02 3.269929918134457836e+01 2.146895931530637469e+01
2.051077896303646639e+02 3.349866658397419883e+01 2.194405854626643659e+01
2.057963439593152941e+02 3.434378876209377296e+01 2.247350223269659963e+01
2.060737410071942577e+02 3.511672041677002909e+01 2.264555941453733467e+01
2.062631325973703724e+02 3.528893264698586307e+01 2.275755085586703075e+01
2.064015287769784095e+02 3.539148164227238880e+01 2.262845757876457498e+01
2.063911250310096648e+02 3.539791614983874979e+01 2.245205904242123651e+01
2.066239611758868762e+02 3.553759923096006190e+01 2.244627573803026621e+01
2.069164909451748997e+02 3.575244976432647093e+01 2.247891342098734668e+01
2.073833416025800034e+02 3.616242867774745662e+01 2.265526544281815902e+01
2.077953361448772114e+02 3.664180724386008592e+01 2.289968370131481024e+01
2.082791180848424801e+02 3.714593153063756148e+01 2.325945795088067314e+01
2.088396334656412705e+02 3.786912366658397389e+01 2.369106611262714068e+01
2.093874193748449386e+02 3.852097804515008761e+01 2.392059972711485827e+01
2.099338408583477928e+02 3.939408645497395156e+01 2.420306685685934056e+01
2.106731890349789182e+02 4.007997395187298650e+01 2.450527164475316155e+01
2.113824113123294524e+02 4.091556065492433447e+01 2.466667700322500778e+01
2.120742526668320522e+02 4.170288079880922538e+01 2.512051910195981108e+01
2.123015690895559544e+02 4.261557305879434665e+01 2.522224634085834793e+01
2.128994356239146555e+02 4.353435871992061834e+01 2.544576407839245746e+01
2.128084377325725711e+02 4.359230029769287995e+01 2.539324919374844924e+01
2.113849851153559882e+02 4.108096626147357711e+01 2.416503349044901938e+01
2.097007411312329452e+02 3.828130426693127930e+01 2.331383341602580117e+01
2.081116968494170294e+02 3.635599106921359436e+01 2.250341106425204529e+01
2.072263551227983100e+02 3.490456772513024220e+01 2.195111324733316849e+01
2.068077710245596563e+02 3.458242371619945743e+01 2.185934011411560363e+01
2.065008682709005257e+02 3.451882287273629402e+01 2.193931406598859013e+01
2.064977983130736732e+02 3.463129496402877550e+01 2.199699206152319420e+01
2.068240355991069350e+02 3.496900582981890437e+01 2.227125713222525505e+01
2.072299832547754761e+02 3.531231394194988837e+01 2.250541118829074705e+01
2.075863929546018483e+02 3.593438352766062849e+01 2.268739146613743429e+01
2.082213315554452890e+02 3.676114797816919122e+01 2.302739704787893871e+01
2.087820174894567060e+02 3.753648288265939215e+01 2.331023629372364070e+01
2.091167824361200758e+02 3.805020466385512634e+01 2.347931654676258972e+01
2.093170739270652518e+02 3.838374472835524642e+01 2.356605060778963079e+01
2.094767117340610412e+02 3.853042049119325441e+01 2.362292235177375233e+01
2.095427313321756344e+02 3.856958571074174813e+01 2.356056189531133782e+01
2.096620410568097270e+02 3.871274187546514867e+01 2.357304328950632666e+01
2.099301041925080540e+02 3.891788638055073335e+01 2.375189159017613605e+01
2.103598672785909116e+02 3.933552468370131550e+01 2.400573678987844062e+01
2.109493922103696377e+02 3.984302902505582011e+01 2.405994170181096337e+01
2.115783614487720286e+02 4.057070205904241789e+01 2.427114859836268934e+01
2.123026234185065846e+02 4.165976184569585428e+01 2.457113619449268072e+01
2.133284544777970666e+02 4.302930414289258465e+01 2.528051352021830667e+01
2.141118208881170801e+02 4.430147606053088793e+01 2.586935623914661520e+01
2.147661095261721584e+02 4.534400582981890437e+01 2.584676569089555898e+01
2.154168165467625897e+02 4.663444244604316680e+01 2.604708819151575128e+01
2.161303491689407110e+02 4.783042359216075567e+01 2.643291056809724537e+01
2.172278280823616967e+02 4.953742867774745662e+01 2.706775613991565521e+01
2.182543723641776126e+02 5.126702431158521733e+01 2.755522823120813669e+01
2.190231797320764144e+02 5.238996216819647600e+01 2.768070888117092565e+01
2.183002046638551121e+02 5.156381791118828772e+01 2.693987224013892501e+01
2.158096161002232805e+02 4.766535909203671650e+01 2.533950942694120556e+01
2.138213842718928390e+02 4.394464773009178771e+01 2.440706400396923925e+01
2.125681592656908947e+02 4.145215207144629233e+01 2.367083229967749958e+01
2.117329291739022494e+02 4.015186988340362007e+01 2.341976246588935595e+01
2.114740604068469452e+02 3.979181654676258972e+01 2.352978479285537006e+01
2.114856425204663992e+02 3.978339741999504042e+01 2.359150955097990732e+01
2.115896179608037642e+02 3.991987099975192166e+01 2.362137186802282329e+01
2.119497178119573277e+02 4.037982200446539593e+01 2.388146551724138078e+01
2.121544591912676765e+02 4.161588315554453033e+01 2.426646613743487890e+01
2.128678832795832250e+02 4.295709811461176031e+01 2.469432212850409414e+01
2.136301476060531002e+02 4.465312577524187532e+01 2.521570329942942124e+01
2.142259054825105409e+02 4.623406102704043974e+01 2.546294343835276663e+01
2.146412490697097439e+02 4.723669684941701519e+01 2.580259240883155414e+01
2.147704353758372520e+02 4.755240635078144606e+01 2.575040312577524304e+01
2.149116689407094896e+02 4.775265132721408889e+01 2.557549305383279759e+01
2.150201252790870683e+02 4.800837261225502317e+01 2.562087571322252444e+01
2.152182305879434523e+02 4.831749255767799411e+01 2.563134147854130518e+01
2.156040064500124060e+02 4.871647854130488753e+01 2.592591788638054950e+01
2.162800793847680438e+02 4.938005457702803369e+01 2.625232572562639533e+01
2.168429980153808003e+02 5.021399776730339681e+01 2.640321880426693113e+01
2.173871247829322613e+02 5.103504093277102527e+01 2.663638055073182898e+01
2.180997891342098853e+02 5.213579136690647431e+01 2.690932771024559500e+01
2.186446291242867801e+02 5.318032126023319250e+01 2.726885388241131380e+01
2.193145776482262477e+02 5.423224696105184961e+01 2.751862130984867250e+01
2.201009054825105409e+02 5.534991317290995028e+01 2.770103572314562257e+01
2.205536622426197084e+02 5.622728541304886818e+01 2.784654862317042756e+01
2.208058484247085005e+02 5.674544157777226161e+01 2.808422227735053411e+01
2.210705315058298197e+02 5.746519163979161249e+01 2.824657343091044481e+01
2.215931375589183858e+02 5.820399714710989514e+01 2.832282622178119524e+01
2.219751612503100944e+02 5.886079756884147685e+01 2.841739022575043450e+01
2.220623294467874018e+02 5.918466261473579948e+01 2.834563383775737933e+01
2.210480184817663201e+02 5.761679794095758211e+01 2.771500558174150441e+01
2.186505519722153394e+02 5.307076407839245746e+01 2.640799429421979738e+01
2.162808236169684903e+02 4.802871495906722998e+01 2.491190151327214153e+01
2.143033676507070311e+02 4.373855742991813145e+01 2.367253783180352400e+01
2.131724913172909908e+02 4.114718742247580963e+01 2.309186616224262067e+01
2.125473207640783926e+02 3.980256139915653790e+01 2.280724386008434479e+01
2.124021954849913243e+02 3.964345075663607076e+01 2.272122302158273399e+01
2.118343928305631323e+02 3.995071012155792545e+01 2.306392644505085698e+01
2.114783242371619849e+02 4.028544405854626831e+01 2.352356735301414048e+01
2.114241193252294693e+02 4.086175886876705476e+01 2.373855742991813500e+01
2.118069957826841971e+02 4.182122922351774008e+01 2.427862193004217417e+01
2.125305600347308257e+02 4.303105618953113520e+01 2.494971781195733129e+01
2.131113712478293110e+02 4.377674584470354802e+01 2.505961610022326980e+01
2.132509457950880574e+02 4.411202245100471231e+01 2.513769846192012025e+01
2.131721657157033007e+02 4.404208012900024727e+01 2.508223765814934225e+01
2.128827059042421297e+02 4.364681530637558637e+01 2.499542607293475527e+01
2.125920367154552082e+02 4.329214214835028685e+01 2.487270528404862446e+01
2.124873170429173967e+02 4.285831679483999324e+01 2.477902505581741366e+01
2.125586392954601820e+02 4.286175886876705476e+01 2.487478293227486859e+01
2.127586982138427061e+02 4.301207826841974935e+01 2.486366596378070071e+01
2.131057740014884700e+02 4.331815926569089470e+01 2.499764326469858489e+01
2.135631512031753800e+02 4.386617774745720766e+01 2.517363867526668386e+01
2.141091695609030126e+02 4.499151885388241112e+01 2.554035909203671650e+01
2.146524280575539478e+02 4.579829756884147685e+01 2.573866596378070071e+01
2.151370627635822359e+02 4.679884023815430538e+01 2.590222649466633698e+01
2.154227548995286554e+02 4.772751798561151304e+01 2.621787397668072472e+01
2.158861789878442039e+02 4.849539506325973548e+01 2.645167142148350337e+01
2.164608347804515063e+02 4.952031133713718702e+01 2.659597494418258634e+01
2.170032405110394507e+02 5.035033180352269966e+01 2.673066546762590079e+01
2.170488402381542983e+02 5.059919995038451646e+01 2.653987844207392754e+01
2.157979099479037473e+02 4.835670429173902107e+01 2.559758744728355140e+01
2.140419715951376816e+02 4.505505767799553496e+01 2.468421297444802676e+01
2.126889264450508676e+02 4.199756574051104252e+01 2.398485177375341237e+01
2.117654273133217657e+02 3.996547072686678348e+01 2.350051165963780875e+01
2.113970168692632114e+02 3.939038079880922538e+01 2.322878938228727463e+01
2.112202772264946589e+02 3.917537521706772452e+01 2.319469424460431739e+01
2.113339431902753631e+02 3.922274249565864324e+01 2.331915157529149241e+01
2.112358285785165037e+02 3.971192011907714914e+01 2.360202183081121419e+01
2.113808453237409992e+02 4.041340548251054088e+01 2.391802592408831529e+01
2.118617278590920421e+02 4.148765814934259311e+01 2.448356487224013733e+01
2.124072965765318770e+02 4.264790064500124345e+01 2.484112193004217417e+01
2.128572314562143504e+02 4.348874348796824307e+01 2.523105308856363038e+01
2.130513520218308088e+02 4.388991565368394987e+01 2.510425452741255370e+01
2.130523598362689199e+02 4.382019039940461624e+01 2.506752356735301390e+01
2.128977455966261516e+02 4.342407281071694314e+01 2.500373666583974241e+01
2.126261163483006840e+02 4.306989580749193891e+01 2.483354006450012363e+01
2.125666242867774827e+02 4.294711299925576498e+01 2.472257194244604150e+01
2.127468060034730968e+02 4.303426569089555898e+01 2.481713594641528076e+01
2.129245999751922511e+02 4.327724199950384332e+01 2.484357169436864154e+01
2.132628535102952014e+02 4.377429608037707709e+01 2.487141838253534942e+01
2.138097091292483185e+02 4.460963470602828096e+01 2.505868580997271167e+01
2.142287583726122477e+02 4.525452741255271860e+01 2.524603076159761983e+01
2.146108130736789974e+02 4.597040126519473802e+01 2.528394008930786541e+01
2.151282250062019443e+02 4.694688042669312722e+01 2.559399032498139448e+01
2.155041242867774827e+02 4.768342222773505057e+01 2.580156908955594020e+01
2.158461610022326909e+02 4.832609774249566215e+01 2.605315058298188902e+01
2.161106580253039056e+02 4.898727052840486351e+01 2.615022637062763522e+01
2.163337416273877523e+02 4.931653125775241620e+01 2.608157095013644167e+01
2.167492092532870345e+02 4.993365480029769543e+01 2.615177685437856780e+01
2.173921018357727633e+02 5.107617526668320806e+01 2.654634395931530477e+01
2.168133682709005257e+02 5.030815864549739302e+01 2.604649900769040016e+01
2.147241844455470243e+02 4.653735115355991070e+01 2.487290684693624243e+01
2.128313848920863336e+02 4.260389791614984034e+01 2.364678429670057014e+01
2.112237503100967615e+02 3.942125093029024896e+01 2.281891900272885110e+01
2.100938817911188323e+02 3.749403063755892163e+01 2.237185251798561225e+01
2.097286963532622224e+02 3.695878814190027128e+01 2.217945298933267040e+01
2.096409234681220539e+02 3.675814003969238541e+01 2.210079694864797872e+01
2.092190833540064432e+02 3.711706152319523966e+01 2.231112006946167270e+01
2.090825632597370429e+02 3.748987534110642628e+01 2.266157591168444441e+01
2.092804359960307750e+02 3.801527226494666678e+01 2.301694678739766786e+01
2.095610115355991070e+02 3.854017303398660488e+01 2.336605370875713206e+01
2.098914351277598485e+02 3.907070205904241789e+01 2.357687298437112489e+01
2.102045243115852031e+02 3.968750000000000000e+01 2.380000310096750127e+01
2.104020404366162325e+02 3.989602455966261374e+01 2.395934631605060616e+01
2.104962323244852485e+02 4.007831493425948821e+01 2.401285351029521209e+01
2.104521365666087718e+02 4.010743301910196124e+01 2.395092718928305686e+01
2.104618425948896174e+02 4.006777164475316511e+01 2.400479099479037615e+01
2.105019225998511558e+02 4.011200694616720597e+01 2.386898412304639194e+01
2.106067818159265812e+02 4.019959377325725569e+01 2.384738588439592988e+01
2.109133124534854744e+02 4.050848114611758888e+01 2.392177809476556760e+01
2.112176414041180976e+02 4.101865231952368873e+01 2.406262403870007560e+01
2.116152319523691290e+02 4.163610146365665798e+01 2.418736045646241450e+01
2.119530358471843101e+02 4.224973641776234246e+01 2.454718122054080709e+01
2.123572004465393093e+02 4.307011287521707033e+01 2.481688786901513311e+01
2.129223362689158989e+02 4.390738960555693637e+01 2.508966447531629740e+01
2.134262279831307296e+02 4.476783056313569631e+01 2.536966633589679887e+01
2.140405606549243487e+02 4.562769784172662213e+01 2.580814314065988668e+01
2.145160630116596394e+02 4.671368767055321314e+01 2.584026916397916196e+01
2.150526699330191036e+02 4.736382101215579610e+01 2.602135016125031086e+01
2.155285599106921381e+02 4.807991193252294693e+01 2.621148598362688986e+01
2.158966912676755214e+02 4.894373294467874302e+01 2.606820578020342438e+01
2.160512744976432771e+02 4.920607479533614281e+01 2.606457764822624767e+01
2.157107882659389588e+02 4.861906164723393431e+01 2.562647295956338311e+01
2.142267272388985475e+02 4.537510853386256571e+01 2.477432709005209688e+01
2.122490542049119426e+02 4.158157095013644522e+01 2.368483316794840121e+01
2.105669653932026790e+02 3.887851959811461455e+01 2.274638737286033319e+01
2.096425669808980388e+02 3.721305197221533234e+01 2.237148040188538900e+01
2.090796948647978297e+02 3.695292731332175862e+01 2.229868518977920999e+01
2.088227021830811339e+02 3.693334470354750465e+01 2.231045336144877211e+01
2.088363774497643135e+02 3.706677933515256740e+01 2.245191949888365102e+01
2.090448244852393884e+02 3.743235239394691405e+01 2.283817601091540439e+01
2.094318717439841180e+02 3.774624782932274769e+01 2.292284792855370767e+01
2.096891590176134912e+02 3.849680600347308257e+01 2.328035847184321483e+01
2.101996247829322613e+02 3.935830129000247979e+01 2.355139853634333846e+01
2.106235735549491324e+02 4.006663979161498190e+01 2.382681096502108531e+01
2.107220137682957102e+02 4.043260047134705815e+01 2.378052902505581656e+01
2.104991317290994743e+02 4.039050483750930454e+01 2.371638551227983172e+01
2.098008248573555079e+02 3.981387993053832730e+01 2.343670925328702381e+01
2.095250558174150228e+02 3.931685685934011332e+01 2.329192508062515543e+01
2.092907001984619342e+02 3.898088253535102865e+01 2.323162676755147515e+01
2.094322748697593681e+02 3.893993425948895748e+01 2.332281071694368535e+01
2.099503225006201887e+02 3.924640287769783953e+01 2.358322996774993641e+01
2.105255984867278585e+02 3.985368084842470893e+01 2.375525613991565521e+01
2.110478789382287346e+02 4.063610146365665798e+01 2.408878069957826895e+01
2.116553274621682021e+02 4.165098610766559517e+01 2.429614239642768680e+01
2.122854595633837675e+02 4.270176445050855563e+01 2.472716137434879613e+01
2.127614270652443622e+02 4.355803460679732098e+01 2.494432212850409414e+01
2.130372891342098853e+02 4.415897109898288164e+01 2.506836082857851622e+01
2.130222494418258634e+02 4.437842656908955519e+01 2.501189221036963417e+01
2.128351215579260725e+02 4.443382535351029361e+01 2.493869387248821567e+01
2.124892551476060589e+02 4.436503038948151811e+01 2.471267985611510909e+01
2.122331462416273951e+02 4.422657219052344146e+01 2.447936306127511941e+01
2.112774125527164415e+02 4.266304887124783107e+01 2.388731084098238711e+01
2.096647699082113547e+02 3.963568283304390860e+01 2.285147916149838920e+01
2.078057398908459561e+02 3.684995968742247641e+01 2.185982076407839259e+01
2.065588253535102865e+02 3.462493798064996042e+01 2.143038327958322853e+01
2.058458664103200135e+02 3.350069771768792037e+01 2.102646675762838058e+01
2.053634333912180523e+02 3.330733688910940060e+01 2.105820516000992271e+01
2.051761969734557169e+02 3.326026420243115922e+01 2.121976556685686077e+01
2.053065616472339343e+02 3.346288141900272706e+01 2.146647854130488753e+01
2.056634364921855536e+02 3.386831741503348780e+01 2.179659203671545598e+01
2.063356332175638670e+02 3.452838935747953286e+01 2.225649652691639702e+01
2.068440523443314305e+02 3.551020218308111964e+01 2.261361944926817102e+01
2.072715362193004296e+02 3.630409637806995704e+01 2.274601525676010993e+01
2.075865635078144464e+02 3.676421793599602950e+01 2.295315988588439637e+01
2.076799181344579495e+02 3.690331183329198694e+01 2.303745968742247641e+01
2.075199547258744701e+02 3.679597184321508507e+01 2.297877387744976474e+01
2.073181282560158820e+02 3.634780451500868281e+01 2.286712354254527568e+01
2.072287893822872604e+02 3.611219300421731759e+01 2.276469858595881846e+01
2.073549057305879444e+02 3.616521954849913101e+01 2.278225006201935088e+01
2.075821756387992991e+02 3.634926196973455603e+01 2.284395931530637469e+01
2.078987068965517153e+02 3.665763768295708047e+01 2.296342408831555559e+01
2.084075291490945290e+02 3.732727611014636437e+01 2.320916025800049454e+01
2.088125930290250665e+02 3.792602642024311876e+01 2.327224944182584920e+01
2.094848827834284180e+02 3.873516187050359605e+01 2.368179421979657562e+01
2.102207423716199344e+02 3.966731270156288502e+01 2.398457268667824493e+01
2.107670398164227379e+02 4.049077462168196462e+01 2.420911374348796841e+01
2.114645404366162325e+02 4.153669995038451646e+01 2.442664661374348967e+01
2.119134209873480472e+02 4.229915033490448906e+01 2.459848672785909329e+01
2.123426569089556040e+02 4.287732572562639888e+01 2.489304763086082772e+01
2.122135636318531340e+02 4.287264326469858844e+01 2.471774993798064912e+01
2.105563445795088171e+02 4.047878938228727463e+01 2.369750062019350167e+01
2.088891869263210026e+02 3.755015814934259311e+01 2.262802344331431570e+01
2.071159296700570565e+02 3.521330004961548354e+01 2.154082423716199557e+01
2.060400645001240321e+02 3.345547010667328180e+01 2.085840982386504550e+01
2.057553801786157237e+02 3.313884581989580624e+01 2.069788824113123127e+01
2.057621557926073024e+02 3.302759861076656023e+01 2.084383527660630264e+01
2.055220323741007178e+02 3.341204105680972702e+01 2.114517179359960153e+01
2.055195360952617136e+02 3.383484247085090857e+01 2.147528528901016998e+01
2.054793320516000961e+02 3.427147419995038291e+01 2.173240200942694145e+01
2.058634644008930650e+02 3.494117464648970639e+01 2.195329942942197832e+01
2.064816887869015147e+02 3.551238836516993302e+01 2.238084532374100633e+01
2.069988681468618097e+02 3.611952679235921693e+01 2.258978851401637300e+01
2.074271427685437743e+02 3.653701004713470724e+01 2.272477362937236478e+01
2.076926321012155654e+02 3.687583726122550587e+01 2.287236417762341745e+01
2.077649001488464364e+02 3.704237472091292460e+01 2.284050173654179972e+01
2.076442880178615837e+02 3.697829322748697933e+01 2.290365293971719041e+01
2.076072624658893631e+02 3.686730960059538376e+01 2.277663731084098231e+01
2.077980805011163454e+02 3.695830749193748233e+01 2.278809538576035720e+01
2.078774652691639915e+02 3.704851463656660826e+01 2.276843525179856087e+01
2.079813011659637709e+02 3.705240635078144606e+01 2.288817911188290921e+01
2.080589804018853783e+02 3.709101339617960491e+01 2.280960059538575990e+01
2.082290219548499124e+02 3.730363123294468153e+01 2.296574981394195092e+01
2.087731177127263607e+02 3.795474137931034164e+01 2.325441887869015289e+01
2.094902164475316226e+02 3.856715145125279065e+01 2.350699268171669587e+01
2.100035351029521280e+02 3.927527288514016135e+01 2.369576407839245746e+01
2.102648846440089301e+02 3.995382659389729696e+01 2.388712478293227548e+01
2.105664847432398972e+02 4.043450756636070764e+01 2.390197841726618577e+01
2.107683422227734980e+02 4.079367712726370598e+01 2.384859526172165545e+01
2.106014171421483638e+02 4.049778280823616683e+01 2.372216881667080202e+01
2.090539258248573447e+02 3.825679111882907790e+01 2.287642644505085698e+01
2.071400551972215283e+02 3.600311647233937151e+01 2.196224572066484626e+01
2.057268357727610919e+02 3.383754031257752359e+01 2.136200694616720241e+01
2.048862875217067767e+02 3.266035102952120894e+01 2.095742371619945388e+01
2.046842129744480303e+02 3.226310158769535974e+01 2.092853820391962216e+01
2.046777629620441701e+02 3.213267489456710280e+01 2.102463718680228055e+01
2.047712416273877523e+02 3.218227486975936813e+01 2.106521334656412847e+01
2.047046948647978297e+02 3.254186306127511585e+01 2.128907219052344502e+01
2.046631574051103826e+02 3.296829260729347766e+01 2.155511969734557098e+01
2.049239642768543774e+02 3.358648598362689341e+01 2.191807243860084498e+01
2.056620255519722207e+02 3.457622178119573420e+01 2.232696601339618070e+01
2.061712974448027751e+02 3.533518357727611203e+01 2.248297568841478622e+01
2.065606239146613632e+02 3.575778342842966850e+01 2.251631108905978707e+01
2.066566143636814559e+02 3.582530699578268241e+01 2.246965703299429507e+01
2.065812608533862544e+02 3.576272947159513649e+01 2.234648660382039154e+01
2.065437391466137456e+02 3.575662056561647262e+01 2.227010977424956550e+01
2.066714369883403606e+02 3.584813011659637993e+01 2.233160195981146146e+01
2.068021117588687616e+02 3.604845261721656868e+01 2.220098920863309289e+01
2.073153683949392132e+02 3.638976060530885803e+01 2.255023567353014258e+01
2.077916614983874979e+02 3.684828516497147177e+01 2.276725688414785509e+01
2.081137434879682360e+02 3.724103820391962216e+01 2.286451872984371292e+01
2.086434507566360708e+02 3.767132845447779488e+01 2.314242743736045682e+01
2.089810996030761601e+02 3.811459625403125528e+01 2.344342284792855224e+01
2.094310809972711525e+02 3.869993487968245915e+01 2.372613805507318219e+01
2.100260636318531340e+02 3.927392396427685384e+01 2.397651017117340544e+01
2.104902474572066353e+02 3.983513706276357880e+01 2.422520776482262406e+01
2.108101897792111004e+02 4.044960927809476203e+01 2.440607169436864154e+01
2.110125434135450178e+02 4.071125341106424855e+01 2.431668630612751159e+01
2.105706555445298989e+02 4.023398350285288672e+01 2.406628318035226854e+01
2.090098920863309218e+02 3.800328702555196969e+01 2.302955222029273230e+01
2.075052561399156446e+02 3.596968804266931130e+01 2.230552282312081402e+01
2.064580284048623184e+02 3.452069895807491662e+01 2.172992123542545428e+01
2.060364363681468660e+02 3.423037087571321990e+01 2.149041801041925126e+01
2.058771551724137794e+02 3.405329012651947096e+01 2.145591974696105098e+01
2.059652691639791726e+02 3.416487844207392754e+01 2.154589431902753560e+01
2.063207640783924717e+02 3.458453237410071779e+01 2.172832423716199557e+01
2.068954198709997456e+02 3.527426507070205730e+01 2.212132535351029361e+01
2.074548033986603741e+02 3.608002046638551263e+01 2.260727797072686585e+01
2.079689593153063640e+02 3.701150458943190102e+01 2.305981766311089132e+01
2.084899373604564516e+02 3.777522637062763522e+01 2.330732138427189426e+01
2.087306964773009099e+02 3.820796638551227886e+01 2.340146675762838058e+01
2.087493022823120725e+02 3.831274807740015120e+01 2.342918940709501285e+01
2.087083229967749958e+02 3.816695609030017522e+01 2.339301662118581149e+01
2.086093246092781044e+02 3.800079074671297263e+01 2.330620503597122450e+01
2.086696694368642966e+02 3.800683763334160403e+01 2.321150148846439976e+01
2.088643636814686317e+02 3.814745100471346717e+01 2.332169436864301559e+01
2.093800080625155147e+02 3.856067042917390353e+01 2.363320205904242144e+01
2.100021706772513141e+02 3.919877201686926327e+01 2.373886752666832223e+01
2.104097153311833210e+02 3.984980463904738457e+01 2.381953919622922200e+01
2.107813972959563387e+02 4.041669250806251767e+01 2.407664041180848358e+01
2.111701966013396259e+02 4.108662552716447181e+01 2.419925266683205223e+01
2.116679328950632737e+02 4.192143698834036059e+01 2.458861014636566722e+01
2.122985611510791273e+02 4.266642892582486013e+01 2.456620565616472263e+01
2.127236417762341887e+02 4.321223021582733992e+01 2.473173530141404086e+01
2.127616906474820269e+02 4.336433267179359774e+01 2.465569957826841829e+01
2.115365914165219579e+02 4.169666335896799580e+01 2.381298064996278896e+01
2.096786622426197084e+02 3.891740573058794439e+01 2.287436430166211920e+01
2.081897792111138585e+02 3.653637434879682644e+01 2.206701190771520871e+01
2.071427995534606907e+02 3.471499007690399452e+01 2.159572686678243514e+01
2.067793196477300910e+02 3.433135388241131380e+01 2.135851835772761120e+01
2.067065554452989318e+02 3.428773877449764029e+01 2.135524683701314785e+01
2.068273226246589047e+02 3.440862999255767818e+01 2.140828888613247472e+01
2.069270652443562426e+02 3.492656908955594020e+01 2.182743115852145976e+01
2.069146613743488103e+02 3.538151203175390691e+01 2.211659637806995704e+01
2.070403125775241904e+02 3.597407591168444441e+01 2.243360828578516575e+01
2.073839462912428644e+02 3.650289940461424010e+01 2.280825167452245239e+01
2.076777164475316226e+02 3.688560530885636268e+01 2.290557553956834624e+01
2.078589369883403606e+02 3.704961548002977167e+01 2.293295708260977506e+01
2.078925049615480134e+02 3.711301476060531002e+01 2.270945484991317187e+01
2.079788514016373142e+02 3.719858595881915164e+01 2.266627387744976474e+01
2.081542421235425593e+02 3.741007194244604506e+01 2.256459315306375757e+01
2.084601215579260725e+02 3.784464152815678517e+01 2.279533614487720072e+01
2.089666025800049738e+02 3.829673158025303792e+01 2.307380302654428306e+01
2.091913917142148307e+02 3.862419374844951392e+01 2.319129868518977844e+01
2.092695050855867009e+02 3.888132597370379528e+01 2.322370379558422115e+01
2.093457113619449217e+02 3.894891156040684876e+01 2.326793909699826202e+01
2.094834718432150851e+02 3.902207888861324392e+01 2.335974323989084667e+01
2.098120658645497372e+02 3.924728665343587153e+01 2.355468556189531171e+01
2.103696198213842763e+02 3.986940275365914488e+01 2.364200880674770389e+01
2.109013272140907986e+02 4.054837509302902276e+01 2.390272264946663228e+01
2.114499193748449386e+02 4.155073182833044143e+01 2.428857603572314616e+01
2.119356859340114170e+02 4.243211982138426919e+01 2.454446787397668217e+01
2.116903063755891878e+02 4.205547630860828434e+01 2.429794095757876349e+01
2.099366627387744870e+02 3.924052654428181341e+01 2.334307553956834624e+01
2.077572872736293732e+02 3.632039196229223421e+01 2.222621557926072811e+01
2.059753007938476799e+02 3.424908521458694821e+01 2.134397482014388459e+01
2.052156722897543943e+02 3.270146985859588540e+01 2.088182212850409414e+01
2.048447345571818516e+02 3.251857479533614281e+01 2.106037583726122620e+01
2.046222711485983723e+02 3.247091292483254676e+01 2.119322128504093428e+01
2.046075570578020404e+02 3.263140349789134120e+01 2.133978851401637300e+01
2.048194926817166959e+02 3.292042917390225654e+01 2.159442446043165376e+01
2.051994542297196631e+02 3.333121433887372831e+01 2.181800421731580286e+01
2.055574454229719663e+02 3.397064934259488922e+01 2.204606487224013733e+01
2.059932709005209688e+02 3.470590424212354463e+01 2.217545274125527044e+01
2.063499751922599899e+02 3.532550855867030748e+01 2.221802902505581656e+01
2.066746930042173176e+02 3.583656350781443933e+01 2.237030203423467967e+01
2.069646799801538180e+02 3.619861696849417143e+01 2.254335152567601241e+01
2.070885636318531340e+02 3.638957454725874641e+01 2.251950508558670450e+01
2.071165343587199175e+02 3.642523567353013902e+01 2.247165715703299327e+01
2.072734123046390380e+02 3.650136442570082096e+01 2.262679856115108024e+01
2.076174491441329621e+02 3.663168258496651220e+01 2.264241193252294693e+01
2.077022295956338382e+02 3.671410630116596252e+01 2.270778032746216724e+01
2.077771489704787768e+02 3.676198523939468998e+01 2.275141094021334709e+01
2.080587788389977675e+02 3.704001798561151304e+01 2.283476494666335910e+01
2.086495286529397220e+02 3.771737782188042587e+01 2.307662490697097368e+01
2.092924987596130109e+02 3.854035909203671650e+01 2.352048189034978876e+01
2.097904986355742949e+02 3.916373108409823800e+01 2.365560654924336248e+01
2.101810965021086588e+02 3.983146241627387951e+01 2.367957702803274600e+01
2.103893109650210818e+02 4.018154614239642797e+01 2.379243674026296063e+01
2.104625248077400101e+02 4.033361758868767311e+01 2.376362875217067838e+01
2.102755209625403268e+02 4.001534978913421270e+01 2.365656784916894040e+01
2.087275334904490194e+02 3.786717005705780537e+01 2.287324795336144945e+01
2.068140504837509184e+02 3.524468184073430876e+01 2.183771086579012533e+01
2.052714431902753631e+02 3.312669002728851098e+01 2.080412738774497683e+01
2.043093990324981348e+02 3.159806809724634036e+01 2.056550793847680580e+01
2.041292173158025207e+02 3.139348176631109055e+01 2.043636814686182035e+01
2.041264729595633867e+02 3.133622240138923232e+01 2.043542235177375233e+01
2.039785413048871305e+02 3.168937608533862615e+01 2.066645993549987637e+01
2.039430817415033630e+02 3.206792669312825694e+01 2.095226060530885803e+01
2.041388303150582999e+02 3.248663483006698272e+01 2.118813569833788080e+01
2.043647513024063471e+02 3.291846005953857457e+01 2.143505023567352907e+01
2.048126860580501045e+02 3.352259054825105267e+01 2.173506884147854024e+01
2.055619573306871644e+02 3.441937484495162636e+01 2.189506325973703937e+01
2.061117588687670548e+02 3.499606177127263607e+01 2.221911436368147008e+01
2.064036529397172046e+02 3.547330066980897811e+01 2.239245844703547661e+01
2.065006667080128864e+02 3.566814996278839089e+01 2.242869325229471755e+01
2.064481363185313683e+02 3.566126581493426073e+01 2.252724199950384687e+01
2.064534234681220539e+02 3.555156908955594020e+01 2.234467253783180496e+01
2.064882473331679478e+02 3.548682088811709434e+01 2.232200446539320282e+01
2.065707020590424179e+02 3.546877325725626662e+01 2.230560034730835994e+01
2.067130674770528458e+02 3.556725998511535636e+01 2.219483378814189933e+01
2.070018760853386368e+02 3.576995472587447011e+01 2.230226680724386057e+01
2.075211175886876731e+02 3.633223765814934580e+01 2.257851649714710973e+01
2.080629496402877692e+02 3.705203423468122281e+01 2.283580377077648293e+01
2.084832857851649806e+02 3.769827586206896797e+01 2.315588563631852992e+01
2.088048561151079241e+02 3.812022451004713730e+01 2.332674894567104928e+01
2.090979285537087549e+02 3.840622674274373338e+01 2.334678119573306887e+01
2.094998139419498955e+02 3.872640163731084328e+01 2.344356239146613774e+01
2.098009178863805460e+02 3.904183205160009607e+01 2.363383775738030224e+01
2.097310375837261347e+02 3.901217129744480161e+01 2.353524249565864679e+01
2.085710586703051490e+02 3.748764264450508676e+01 2.297905296452493218e+01
2.069028311833291980e+02 3.543545336144877211e+01 2.196637000744232182e+01
2.054146923840238230e+02 3.335859588191515712e+01 2.135543289506325948e+01
2.045889822624658905e+02 3.220393512775986267e+01 2.087268977921111457e+01
2.043913420987348104e+02 3.188331059290498715e+01 2.083136938724882015e+01
2.043545646241627480e+02 3.178705656164723337e+01 2.078826593897295893e+01
2.044981394194988695e+02 3.191677003225006359e+01 2.089807119821384163e+01
2.045884395931530548e+02 3.244774869759364577e+01 2.104989456710493556e+01
2.047672103696353361e+02 3.332777226494666678e+01 2.160208385016125021e+01
2.053271675762838129e+02 3.422260295212106485e+01 2.192397978169188733e+01
2.060497085090548239e+02 3.516677003225006359e+01 2.223303770776482224e+01
2.064659978913421128e+02 3.599533304390970301e+01 2.243598052592408720e+01
2.067872271148598315e+02 3.618988774497643135e+01 2.248246402877697747e+01
2.068388427189283050e+02 3.619784172661870514e+01 2.244991937484495281e+01
2.066962757380302662e+02 3.605487161994542333e+01 2.235256450012403917e+01
2.066527071446291188e+02 3.597216881667080202e+01 2.227107107417514342e+01
2.067319523691391794e+02 3.599931778714959307e+01 2.239190027288514173e+01
2.069671917638303285e+02 3.615014884644008930e+01 2.252257504341354633e+01
2.074238867526668457e+02 3.653679297940957582e+01 2.266430476308608277e+01
2.078617743736045611e+02 3.703390907963284207e+01 2.296109836268916027e+01
2.081803522699082123e+02 3.766996402877698102e+01 2.295302034234681088e+01
2.085120007442322105e+02 3.806586454973951561e+01 2.314078392458447198e+01
2.090140473827834171e+02 3.850142644505085343e+01 2.339723393698833931e+01
2.094439500124038602e+02 3.894835338625651389e+01 2.364572996774993641e+01
2.098756356983378737e+02 3.941049057305879444e+01 2.386320081865542164e+01
2.101370782684197422e+02 4.000435685934011332e+01 2.398668134457950885e+01
2.104813476804763184e+02 4.057974137931034164e+01 2.412541863061275293e+01
2.105550421731580286e+02 4.064010171173406150e+01 2.398576655916646061e+01
2.095868270900520827e+02 3.884464152815678517e+01 2.332929173902257602e+01
2.079999689903249873e+02 3.669585710741751683e+01 2.242867774745720766e+01
2.067335803770776579e+02 3.475249627883899706e+01 2.150147295956338311e+01
2.060721750186058046e+02 3.396931592656908805e+01 2.130164661374348967e+01
2.058210431654676142e+02 3.381536839493922031e+01 2.140895559414537175e+01
2.058524714710989940e+02 3.387532560158769712e+01 2.150857417514264469e+01
2.059464617960803707e+02 3.410870441577772283e+01 2.161890659885884247e+01
2.061408769536095349e+02 3.448716199454229780e+01 2.171933143140659794e+01
2.066005953857603572e+02 3.502465269163979400e+01 2.204015752914909498e+01
2.070678646737782174e+02 3.597344021334656361e+01 2.229215765318779319e+01
2.076704756884147969e+02 3.681268605805011163e+01 2.257853200198461963e+01
2.081080066980898096e+02 3.750055817415033488e+01 2.261334036219300359e+01
2.083848765814934154e+02 3.795936182088811961e+01 2.281060840982386395e+01
2.084184290498635619e+02 3.822095943934507289e+01 2.286989890845944018e+01
2.085379248325477590e+02 3.838715579260729527e+01 2.298362689159017691e+01
2.088201128752170632e+02 3.851817166956089977e+01 2.293168568593400991e+01
2.090645931530637540e+02 3.865334284296700673e+01 2.300471347060282667e+01
2.094062887620937659e+02 3.891962292235177046e+01 2.315793227486975780e+01
2.097530079384767987e+02 3.924178243612006867e+01 2.327136566608782076e+01
2.101765535847184196e+02 3.965887806995782938e+01 2.343467811957330582e+01
2.105989053584718533e+02 4.013351215579260867e+01 2.354643698834036059e+01
2.107045553212602442e+02 4.030177065244356527e+01 2.369593463160505920e+01
2.106509085834780421e+02 4.009158707516745324e+01 2.371788948151823462e+01
2.104873325477549031e+02 3.967432088811709434e+01 2.377131915157529107e+01
2.104165219548499124e+02 3.897823120813693976e+01 2.357315182336889237e+01
2.102637062763582207e+02 3.852673033986604167e+01 2.353894815182336941e+01
2.104452214090796360e+02 3.858733874968990563e+01 2.357955532126023357e+01
2.107846378069957893e+02 3.868308112130984711e+01 2.365625775241875317e+01
2.110603913420987396e+02 3.880015814934259311e+01 2.389656722897543872e+01
2.112326345819895721e+02 3.894433763334160403e+01 2.405383279583229950e+01
2.105940833540064432e+02 3.822695981146117816e+01 2.380680972463408551e+01
2.091666304887124852e+02 3.656681034482758719e+01 2.314374534854874810e+01
2.080102486975936529e+02 3.503217253783180496e+01 2.261456524435623905e+01
2.074228479285537219e+02 3.408171049367402361e+01 2.217954601835772621e+01
2.071113092284792856e+02 3.385600657405110070e+01 2.210671979657653097e+01
2.069657032994294354e+02 3.378646737782187870e+01 2.203063755891838227e+01
2.070177220292731306e+02 3.391659947903745831e+01 2.211025489952865186e+01
2.073560530885636410e+02 3.429601835772761120e+01 2.228184693624410784e+01
2.078066081617464533e+02 3.485737099975192166e+01 2.261704601835772621e+01
2.080672599851153564e+02 3.546626147357975611e+01 2.277849789134209857e+01
2.083360828578516362e+02 3.604741379310344485e+01 2.299110022326966174e+01
2.086041614983874979e+02 3.658335400645001556e+01 2.315275365914165207e+01
2.086748790622674221e+02 3.692711175886876873e+01 2.324322438600843554e+01
2.086917328206400271e+02 3.715982386504589385e+01 2.326733440833540101e+01
2.086183949392210479e+02 3.713948151823368704e+01 2.317024311585214491e+01
2.086306592656908947e+02 3.710234743239890776e+01 2.314442756139915502e+01
2.087854130488712485e+02 3.721650955097990732e+01 2.326125651203175337e+01
2.090302809476556547e+02 3.743446105184817441e+01 2.339852083850161080e+01
2.091886163483006840e+02 3.757657839245844400e+01 2.340906412800793746e+01
2.092383713718680269e+02 3.768025924088315293e+01 2.338647357975688479e+01
2.094609588191515854e+02 3.780975564376085174e+01 2.350520962540312553e+01
2.098100502356735433e+02 3.811723207640783784e+01 2.367069275613991408e+01
2.102402319523691290e+02 3.861299925576779657e+01 2.374872860332423841e+01
2.106857324485239360e+02 3.902749007690399452e+01 2.401595447779707371e+01
2.111655761597618550e+02 3.957205097990573250e+01 2.425907032994294354e+01
2.116391404118084836e+02 4.028776978417266008e+01 2.429542917390225654e+01
2.119079322748697507e+02 4.091630488712478098e+01 2.441261473579756824e+01
2.122511008434631492e+02 4.144612068965517437e+01 2.462541863061275293e+01
2.125024962788390042e+02 4.200367464648970639e+01 2.475885326221781213e+01
2.128662397668072401e+02 4.236794529893326455e+01 2.492928243612006867e+01
2.131332640783924717e+02 4.287842656908955519e+01 2.495362503100967544e+01
2.133777288514016277e+02 4.328500992309600548e+01 2.509008310592905033e+01
2.131209377325725711e+02 4.302452865293971485e+01 2.489543537583726263e+01
2.121089835028528796e+02 4.121143946911436018e+01 2.428059104440585614e+01
2.110789506325973832e+02 3.890182336889109393e+01 2.338365169933019061e+01
2.101226122550235687e+02 3.724751922599850928e+01 2.299640287769784308e+01
2.095960214586951054e+02 3.620591974696105098e+01 2.259081183329198694e+01
2.091800886876705476e+02 3.563202369139171566e+01 2.238047320764078307e+01
2.089546483502852823e+02 3.549322438600843554e+01 2.224393760853386226e+01
2.088844424460431526e+02 3.577683887372860028e+01 2.244850843463160572e+01
2.088085152567601028e+02 3.615700198461919967e+01 2.269908211361945050e+01
2.088900862068965409e+02 3.658727673033986605e+01 2.289045832299677485e+01
2.093432771024559713e+02 3.702310220788886141e+01 2.325924088315554528e+01
2.096487379062267564e+02 3.759617650707020431e+01 2.345275676010915333e+01
2.098918072438600859e+02 3.788514016373108717e+01 2.373254155296452339e+01
2.101680104192508054e+02 3.807960183577276325e+01 2.385602207888861415e+01
2.102183701314810094e+02 3.816850657405110070e+01 2.393630612751178433e+01
2.102849013892334540e+02 3.827479223517737239e+01 2.399055755395683320e+01
2.103544560903001752e+02 3.840475378318035382e+01 2.397260295212106129e+01
2.104327865293971627e+02 3.851558236169685046e+01 2.380701128752170703e+01
2.107130674770528458e+02 3.876690027288513818e+01 2.381806623666583889e+01
2.111337757380302662e+02 3.924479037459687447e+01 2.390538948151823462e+01
2.115101246588935737e+02 3.976989270652443764e+01 2.414064438104688648e+01
2.119783707516745324e+02 4.034363371371868112e+01 2.440937422475812468e+01
2.124812701562887582e+02 4.108797444802778642e+01 2.453100967501860552e+01
2.130149931778715029e+02 4.174796886628627846e+01 2.471612193004217417e+01
2.132740945174894591e+02 4.254136690647482055e+01 2.495084966509551094e+01
2.135087292235177472e+02 4.304829756884147685e+01 2.509642458447035551e+01
2.138572934755643757e+02 4.367207268667824138e+01 2.515138923344083466e+01
2.143011349541056916e+02 4.413969858595881846e+01 2.539078392458447198e+01
2.146612813197717742e+02 4.481003473083602273e+01 2.552486975936492186e+01
2.148068562391466116e+02 4.496063321756388120e+01 2.554122736293723506e+01
2.142655513520218449e+02 4.402752108657901431e+01 2.514545088067476897e+01
2.134012651947407733e+02 4.233037707764822954e+01 2.480243736045646230e+01
2.128918382535350986e+02 4.076308608285785340e+01 2.436039444306623736e+01
2.125713997767303454e+02 3.989262900024807834e+01 2.418650769039940585e+01
2.123665808732324365e+02 3.951018667824361330e+01 2.396122240138923232e+01
2.123327183081121348e+02 3.938639605556933532e+01 2.396013706276358235e+01
2.124482293475564347e+02 3.945278776978417312e+01 2.399762775986107499e+01
2.126829880922848020e+02 3.970426072934755979e+01 2.415455222029273230e+01
2.128141900272885039e+02 4.041388613247332984e+01 2.430761597618456804e+01
2.130706555445298989e+02 4.108346254031257416e+01 2.450814003969238541e+01
2.133340052096254169e+02 4.194675638799305517e+01 2.469105060778963079e+01
2.136652970726866840e+02 4.257989642768544059e+01 2.510668878690151473e+01
2.139249565864549822e+02 4.293664723393698779e+01 2.509392830563135846e+01
2.140725316298685073e+02 4.311867402629620472e+01 2.510264202431158509e+01
2.141716385512279714e+02 4.326814065988588709e+01 2.506543041428925989e+01
2.143306251550483807e+02 4.351665219548499408e+01 2.512915529645249180e+01
2.145285909203671508e+02 4.392545274125527044e+01 2.523396799801538037e+01
2.149168165467625897e+02 4.443663172909948145e+01 2.547520776482262406e+01
2.152663265938973041e+02 4.507546204415777424e+01 2.541210307615976305e+01
2.155186988340362291e+02 4.545199702307120049e+01 2.555587943438352738e+01
2.157602952121061719e+02 4.610316918878690018e+01 2.550412428677747556e+01
2.161053553708757136e+02 4.645080315058298481e+01 2.570731518233688817e+01
2.165397388985363420e+02 4.714340424212354463e+01 2.595508248573554866e+01
2.168804111882907364e+02 4.779479347556437574e+01 2.609279645249317880e+01
2.171987565120317640e+02 4.830629806499627676e+01 2.627454415777722474e+01
2.175549956586455096e+02 4.912951190771520515e+01 2.653530451500868281e+01
2.178773877449764313e+02 4.999950384519970470e+01 2.679015752914909498e+01
2.182309910692135873e+02 5.067080129000247979e+01 2.676990821136194398e+01
2.185038296948648053e+02 5.118647668072438250e+01 2.679020404366162111e+01
2.187376426445050868e+02 5.159109092036715793e+01 2.679414227238898505e+01
2.186873604564624145e+02 5.160868891094021649e+01 2.672016869263210026e+01
2.180058298189034929e+02 5.034885884395931299e+01 2.621471098982882708e+01
2.171987565120317640e+02 4.822244790374596590e+01 2.577966075415529801e+01
2.166092625899280506e+02 4.618306561647234076e+01 2.537541863061275293e+01
2.160157839245844684e+02 4.472723889853634205e+01 2.500458943190275463e+01
2.157507287273629402e+02 4.407595819895807665e+01 2.480496464897047915e+01
2.156065182336889166e+02 4.362403870007442208e+01 2.481425204663855055e+01
2.153878380054576951e+02 4.354806499627883909e+01 2.480944554701066807e+01
2.152272699082113547e+02 4.366056809724634036e+01 2.489007070205904171e+01
2.152123697593649183e+02 4.385768109650210533e+01 2.510864239642768680e+01
2.153313383775738146e+02 4.419229099479037615e+01 2.524590672289754423e+01
2.155240324981394053e+02 4.482625279087075398e+01 2.534929297940957582e+01
2.157746061771272537e+02 4.539405544529893177e+01 2.542267737534110594e+01
2.159832082609774204e+02 4.592097184321508507e+01 2.557332237658149410e+01
2.161106890349789182e+02 4.632282622178119880e+01 2.570241565368394987e+01
2.160969672537831912e+02 4.640383899776730203e+01 2.560825477548995366e+01
2.161052468370131407e+02 4.643825973703795285e+01 2.557321384271892839e+01
2.160881450012403775e+02 4.643396489704787911e+01 2.552801724137930961e+01
2.161670026048126942e+02 4.653223455718183743e+01 2.562312391466137385e+01
2.163712013148102074e+02 4.676114797816919122e+01 2.557781877945919291e+01
2.165714307864053580e+02 4.714216385512279572e+01 2.563735735549491324e+01
2.168110890597866671e+02 4.757988092284792714e+01 2.568720540808732267e+01
2.171255581741503420e+02 4.807451624906970977e+01 2.603702555197221358e+01
2.173809073430910530e+02 4.877494728355247133e+01 2.633330749193748588e+01
2.177192539072190414e+02 4.949254217315802862e+01 2.635758806747705307e+01
2.179480587943438366e+02 5.018543785661126577e+01 2.662810096750186162e+01
2.182389605556933816e+02 5.074137931034482563e+01 2.681220540808732267e+01
2.185264822624658905e+02 5.118931406598859013e+01 2.678829694864797872e+01
2.188650924088315435e+02 5.166129682460928052e+01 2.684419188786901600e+01
2.192865759116844515e+02 5.227361386752667016e+01 2.700103882411312384e+01
2.195649497643264567e+02 5.278009488960555728e+01 2.720954787893822768e+01
2.197194864797816933e+02 5.323285164971471062e+01 2.719334532374100633e+01
2.199637186802282258e+02 5.360797568841478267e+01 2.715014884644008930e+01
2.199167855370875770e+02 5.355282498139419545e+01 2.702277660630116429e+01
2.191267210369635450e+02 5.188338811709252951e+01 2.649232510543289365e+01
2.181884302902505510e+02 4.974697655668568785e+01 2.599728665343587153e+01
2.175033180352269824e+02 4.779111882907466935e+01 2.567377821880426580e+01
2.169928057553956933e+02 4.655060778963036228e+01 2.550508558670304993e+01
2.167780637558918500e+02 4.604986355742991577e+01 2.550269784172661858e+01
2.166651575291490985e+02 4.578538203919622873e+01 2.543549987596129824e+01
2.166572035475068105e+02 4.568036777474571863e+01 2.547461858099726939e+01
2.166830346067973210e+02 4.567596440089307919e+01 2.546689717191763691e+01
2.166770187298437236e+02 4.598085152567600886e+01 2.553725812453485489e+01
2.167245565616472334e+02 4.655319709749441870e+01 2.579364611758868620e+01
2.168347649466633698e+02 4.702724199950384332e+01 2.589203981642272367e+01
2.169915653683949301e+02 4.759172661870503873e+01 2.587872116100223252e+01
2.170516466137434861e+02 4.786174336392954842e+01 2.600782994294219819e+01
2.171165963780699713e+02 4.776857479533614281e+01 2.604580129000247979e+01
2.171230308856363251e+02 4.775454291739022494e+01 2.600584532374100633e+01
2.169768512775985982e+02 4.757915219548499408e+01 2.595477238898536498e+01
2.168209811461175889e+02 4.725803150582981971e+01 2.581127511783676454e+01
2.168032591168444583e+02 4.725187608533862260e+01 2.587563569833788080e+01
2.168572004465393093e+02 4.751048127015629063e+01 2.587344951624907097e+01
2.170135047134706099e+02 4.785603758372612049e+01 2.605756946167204191e+01
2.172057181840734188e+02 4.826640411808484288e+01 2.601286901513272198e+01
2.174530668568593512e+02 4.880329012651947096e+01 2.623652629620441701e+01
2.177223703795584129e+02 4.950877573803026621e+01 2.638445795088067314e+01
2.180072717687918669e+02 4.997551786157281128e+01 2.623516187050359605e+01
2.181599323989084667e+02 5.039501674522450969e+01 2.620802840486231844e+01
2.183436492185561804e+02 5.084888985363433278e+01 2.633406722897543872e+01
2.183630922847928559e+02 5.120984247085090857e+01 2.624534854874720935e+01
2.185084191267675635e+02 5.141371557926073166e+01 2.631094951624907097e+01
2.185464679980153733e+02 5.155192570081865711e+01 2.638056623666583889e+01
2.182232231456214322e+02 5.074449578268419714e+01 2.624430972463408551e+01
2.173204384768047532e+02 4.877376891590176200e+01 2.581032932274869651e+01
2.164838904738278416e+02 4.666585524683701180e+01 2.541861510791366996e+01
2.157075012403869891e+02 4.466641342098734668e+01 2.503071508310592819e+01
2.151820733068717573e+02 4.355567787149590941e+01 2.471562577524187532e+01
2.149032032994294354e+02 4.288069027536591449e+01 2.464439655172413879e+01
2.148045770280327531e+02 4.273446415281567567e+01 2.464332671793599516e+01
2.148094920615232013e+02 4.276071384271892839e+01 2.458743177871495789e+01
2.149026296204415871e+02 4.287348052592408720e+01 2.471567228975440500e+01
2.147783428429669925e+02 4.340101711734060785e+01 2.497593649218556067e+01
2.148550607789630362e+02 4.404800297692879951e+01 2.518646117588687616e+01
2.150417080129000169e+02 4.483313693872488415e+01 2.531952369139171566e+01
2.151954849913173007e+02 4.522624658893575145e+01 2.548917762341850590e+01
2.151642427437360539e+02 4.534902939717191828e+01 2.545334594393450800e+01
2.152276420243115922e+02 4.519222897544033657e+01 2.536070453981642103e+01
2.152040126519474086e+02 4.510192880178615837e+01 2.523570453981642103e+01
2.152840951376829537e+02 4.510197531629868450e+01 2.531891900272885110e+01
2.154689903249814051e+02 4.535099851153560024e+01 2.525006201935003602e+01
2.156103944430662409e+02 4.544086454973951561e+01 2.537437980649962910e+01
2.157233936988340304e+02 4.565455222029272875e+01 2.546303646737782245e+01
2.157745751674522410e+02 4.588075229471595406e+01 2.558938538824112996e+01
2.159491286281319731e+02 4.628390907963284207e+01 2.563745038451996905e+01
2.161944926817166959e+02 4.675555073182832899e+01 2.585689034978913270e+01
2.163567973207640875e+02 4.709609898288265839e+01 2.600356611262714068e+01
2.164816887869015147e+02 4.734009861076656023e+01 2.605598796824609309e+01
2.167657529149094557e+02 4.781676383031506106e+01 2.604505705780203328e+01
2.170835710741751541e+02 4.827942818159265670e+01 2.628631232944678686e+01
2.171316205656164584e+02 4.850116286281319589e+01 2.623618518977920999e+01
2.166395125279087210e+02 4.762676755147606400e+01 2.591323492929794270e+01
2.154106611262714068e+02 4.513659761845696039e+01 2.508595881915157477e+01
2.142451779955346183e+02 4.230992619697345702e+01 2.434552530389481362e+01
2.132156722897543943e+02 4.010834780451500592e+01 2.369799677499379698e+01
2.125431654676258972e+02 3.859240883155544566e+01 2.321136194492681781e+01
2.121905079384767987e+02 3.809208322996774854e+01 2.310079694864797872e+01
2.115533676507070311e+02 3.787534110642520346e+01 2.321604440585462825e+01
2.112691019598114508e+02 3.796911436368147008e+01 2.332246961051848189e+01
2.112945453981642174e+02 3.810622364177623211e+01 2.348705346067973210e+01
2.113371681964773074e+02 3.835304515008682813e+01 2.364642768543785678e+01
2.115022016869263268e+02 3.867384023815430538e+01 2.383115231952369228e+01
2.115963780699578365e+02 3.893915901761349829e+01 2.401485363433391385e+01
2.118106704291739106e+02 3.925696167204167608e+01 2.390980836020838396e+01
2.119924646489704685e+02 3.950003100967501979e+01 2.400341106425204529e+01
2.119802003225006217e+02 3.956941515752914995e+01 2.399725564376085174e+01
2.119334222277350648e+02 3.950917886380550925e+01 2.407513644257008067e+01
2.117779707268667835e+02 3.940324981394194737e+01 2.406186430166211920e+01
2.117102300917886453e+02 3.933386566608781720e+01 2.408240821136194398e+01
2.118012589928057423e+02 3.947103696353261881e+01 2.408437732572562595e+01
2.119330035971223083e+02 3.950795398164227379e+01 2.401939655172413879e+01
2.120702834284296614e+02 3.972294405854626831e+01 2.419639977673033826e+01
2.123077400148846436e+02 3.990179235921607415e+01 2.429577028032746355e+01
2.124188166708012773e+02 4.003407963284544735e+01 2.432733812949640395e+01
2.126533738526420336e+02 4.036749565864549538e+01 2.450728727362937320e+01
2.129756263954353699e+02 4.081121309848672496e+01 2.458096626147358066e+01
2.132302003225006217e+02 4.125137993053832730e+01 2.466325043413544904e+01
2.135874007690399310e+02 4.180970912924832561e+01 2.475575229471595051e+01
2.138262527908707398e+02 4.221250930290250380e+01 2.489065988588439637e+01
2.136883682709005257e+02 4.211549553460680073e+01 2.479891776234185130e+01
2.126894381046886622e+02 4.040225750434135676e+01 2.425821756387993133e+01
2.112619387248821567e+02 3.833636194492681426e+01 2.355206524435623905e+01
2.099585710741751541e+02 3.632640783924584582e+01 2.283961796080377127e+01
2.088625186058050076e+02 3.502314872240138754e+01 2.240897109898288164e+01
2.084532994294219748e+02 3.453283924584470554e+01 2.217588687670553327e+01
2.082644660133961736e+02 3.422623108409823800e+01 2.207233006698089639e+01
2.082524187546514440e+02 3.417287893822872746e+01 2.201978417266187193e+01
2.081740418010419376e+02 3.439138861324733654e+01 2.225463594641528076e+01
2.081442880178615837e+02 3.471895931530637824e+01 2.248517737534110594e+01
2.082203702555197253e+02 3.507077958322997091e+01 2.260160320019846125e+01
2.084070795088067598e+02 3.546581183329198694e+01 2.275175204663855055e+01
2.087424491441329621e+02 3.595043103448276156e+01 2.301207826841974580e+01
2.090931065492433731e+02 3.641846005953857457e+01 2.323438662862813331e+01
2.092192384023815350e+02 3.661892210369635592e+01 2.320289630364673883e+01
2.093061585214586842e+02 3.669864797816919122e+01 2.330956958571074011e+01
2.093789227238898434e+02 3.673820081865542164e+01 2.336127821880426580e+01
2.094642613495410615e+02 3.682465579260729527e+01 2.332515194740759057e+01
2.096856704291739106e+02 3.702866844455470385e+01 2.343176321012155938e+01
2.100128069957826824e+02 3.733471843215082941e+01 2.358056313569833762e+01
2.102679235921607415e+02 3.781499627883899706e+01 2.364605556933763353e+01
2.106015721905234557e+02 3.825258930786405642e+01 2.385783614487720072e+01
2.111064252046638501e+02 3.914031877945919291e+01 2.396830811213098400e+01
2.117337044157777086e+02 3.984723083602084159e+01 2.416449082113619440e+01
2.122840021086578872e+02 4.065797878938228394e+01 2.435873542545274262e+01
2.126365200942694003e+02 4.153859154056065250e+01 2.459766497147109732e+01
2.129838439593152941e+02 4.232634581989580624e+01 2.476355122798313246e+01
2.132826686926321145e+02 4.286813135698337618e+01 2.483681158521458698e+01
2.133671700570577912e+02 4.321050917886380205e+01 2.493567042917390353e+01
2.134956276358223874e+02 4.312974448027785002e+01 2.496523815430414217e+01
2.129252201686926185e+02 4.162619387248821567e+01 2.436757318283304485e+01
2.116609557181840842e+02 3.921075725626395325e+01 2.363112441081617376e+01
2.101581493425948963e+02 3.677350533366410446e+01 2.290600967501860552e+01
2.088723796824609167e+02 3.497604502604812637e+01 2.258429980153808003e+01
2.081363805507318148e+02 3.402328826593897304e+01 2.216987099975192166e+01
2.078660071942446166e+02 3.368599603076160065e+01 2.200145745472587322e+01
2.078939003969238399e+02 3.361509240883155769e+01 2.206736851897792207e+01
2.080545770280327531e+02 3.370218308112131211e+01 2.218252294715951223e+01
2.080466230463904651e+02 3.412771334656412847e+01 2.235023877449764385e+01
2.081584129248325610e+02 3.466343649218556067e+01 2.267363867526668386e+01
2.085095664847432317e+02 3.533805197221533234e+01 2.295027598610766617e+01
2.088471688166708020e+02 3.589802468370131550e+01 2.313751240387000863e+01
2.090093494170181145e+02 3.622210679732076244e+01 2.329175452741255370e+01
2.090869356239146555e+02 3.623423158025303792e+01 2.341107975688414911e+01
2.090121247829322613e+02 3.611727859092036397e+01 2.333757132225254338e+01
2.089714555941453682e+02 3.603573865045894564e+01 2.320402815678491848e+01
2.089719052344331374e+02 3.589844331431406488e+01 2.332088811709253307e+01
2.090294902009426892e+02 3.595850905482510740e+01 2.328866906474820198e+01
2.092738464400893008e+02 3.628206400396923925e+01 2.328252914909451832e+01
2.096954539816422596e+02 3.671480401885388289e+01 2.342715827338129486e+01
2.100660351029521280e+02 3.717720478789382099e+01 2.363648908459439468e+01
2.104438569833788222e+02 3.774130178615727971e+01 2.360194430662366827e+01
2.107125403125775165e+02 3.799066608781939891e+01 2.376600099230959984e+01
2.109628349044901938e+02 3.835640969982634374e+01 2.401716385512279928e+01
2.111286126271396597e+02 3.856197283552468491e+01 2.398463470602828096e+01
2.112662025551972249e+02 3.866926631108906065e+01 2.405890287769784308e+01
2.115007287273629402e+02 3.890031939965269459e+01 2.423584408335400653e+01
2.117782653187794608e+02 3.925317849168940398e+01 2.436013086082857981e+01
2.116169064748201549e+02 3.904232820640039847e+01 2.430643760853386226e+01
2.104959687422475838e+02 3.732705904242123296e+01 2.371229223517737594e+01
2.092909947903745831e+02 3.559535475068221189e+01 2.303212602331927528e+01
2.085512124782932233e+02 3.451983068717439807e+01 2.252584656412800967e+01
2.081867557677995535e+02 3.403369201190771776e+01 2.240630426693128285e+01
2.079821384271892839e+02 3.390191639791615330e+01 2.239419498883651727e+01
2.079286932522947211e+02 3.398578206400397050e+01 2.243281753907218956e+01
2.080253193996526875e+02 3.420136132473331969e+01 2.250389171421483425e+01
2.085662676755147515e+02 3.494377945919126915e+01 2.284327710245596776e+01
2.093081896551724128e+02 3.583736975936491831e+01 2.315152877697841660e+01
2.097652567601091675e+02 3.659826966013395833e+01 2.355600347308360298e+01
2.100696477300917877e+02 3.702642024311585089e+01 2.377685437856611372e+01
2.101303181592656983e+02 3.726108595881915164e+01 2.381727548995286625e+01
2.100738030265442831e+02 3.732122922351774008e+01 2.378541304887124852e+01
2.100905327462168088e+02 3.729656102704043974e+01 2.384189717191763691e+01
2.101248449516249082e+02 3.720875713222525150e+01 2.370974944182584920e+01
2.102424491441329621e+02 3.723432460927809728e+01 2.360861138675266702e+01
2.105315988588439495e+02 3.741751426445051010e+01 2.362645745472587322e+01
2.109922940957578703e+02 3.774077462168196462e+01 2.378642086330935257e+01
2.114144598114611711e+02 3.821674212354254507e+01 2.397232386504589385e+01
2.118359588191515854e+02 3.864602455966261374e+01 2.410890597866534435e+01
2.122408211361944836e+02 3.909923096005953624e+01 2.419163979161498546e+01
2.125451500868270784e+02 3.961641032001984541e+01 2.445596626147358066e+01
2.128531691887868931e+02 4.014326469858595914e+01 2.467421235425452863e+01
2.131194802778466908e+02 4.061492185561895241e+01 2.479127387744976474e+01
2.130772451004713446e+02 4.055960059538575990e+01 2.463653559910692081e+01
2.119207082609774204e+02 3.881958571074174813e+01 2.392294095757876349e+01
2.104644319027536596e+02 3.695336144877201434e+01 2.306087199206152150e+01
2.092331462416273951e+02 3.530952307119821398e+01 2.250429483999007729e+01
2.083740076903993952e+02 3.405060778963036228e+01 2.202024931778715100e+01
2.080786560406847059e+02 3.366346750186058046e+01 2.175423282064004127e+01
2.078553088563631945e+02 3.360738650458943511e+01 2.190523443314313923e+01
2.079661684445547110e+02 3.370689655172413524e+01 2.211634830066980939e+01
2.080268078640535805e+02 3.391520404366162467e+01 2.223832485735549369e+01
2.083928150582981971e+02 3.429333602083850252e+01 2.251173716199454233e+01
2.087434879682460860e+02 3.489524931778714745e+01 2.296545522202927359e+01
2.090773536343339174e+02 3.555031319771768494e+01 2.328040498635574451e+01
2.096157281071694456e+02 3.629232820640039847e+01 2.359873480525924094e+01
2.099132349292979427e+02 3.678764574547258803e+01 2.385716943686430014e+01
2.100744852393947042e+02 3.715371495906722998e+01 2.395912924832547830e+01
2.101340858347804499e+02 3.720528404862317018e+01 2.387593029025055813e+01
2.101200229471595264e+02 3.710982076407839259e+01 2.374269722153311690e+01
2.102457516745224382e+02 3.718708136938725062e+01 2.368072438600843554e+01
2.104882938476804668e+02 3.742063073678988161e+01 2.380567787149590586e+01
2.107515814934259595e+02 3.781384892086330751e+01 2.382888861324733298e+01
2.112521551724137794e+02 3.843694182584966512e+01 2.415186988340362362e+01
2.117853665343587295e+02 3.897793661622426242e+01 2.443905048375092903e+01
2.121482107417514271e+02 3.965075353510295031e+01 2.465782374100719565e+01
2.126455594145373311e+02 4.042517365418010655e+01 2.493546886628628201e+01
2.131763675266683151e+02 4.139241193252294693e+01 2.517016559166459899e+01
2.137847308360208274e+02 4.251671421483502655e+01 2.529384768047630772e+01
2.143838842718928390e+02 4.334478107169437067e+01 2.558228417266187193e+01
2.146276823368891087e+02 4.386983688910940060e+01 2.557726060530885803e+01
2.138761163483006840e+02 4.333608285785165037e+01 2.506325973703795640e+01
2.125392272388985475e+02 4.076314810220788587e+01 2.433264078392458529e+01
2.112506512031753800e+02 3.811116968494170010e+01 2.359281195733068870e+01
2.102831803522699090e+02 3.644315926569089470e+01 2.323375093029024896e+01
2.098736665839741988e+02 3.586479781691888036e+01 2.293050731828330413e+01
2.097411777474572148e+02 3.553490138923343977e+01 2.281054639047382793e+01
2.097359526172165829e+02 3.551696229223517776e+01 2.287065864549739658e+01
2.096153094765566891e+02 3.596996712974448229e+01 2.301601649714710973e+01
2.098839462912428644e+02 3.678245162490696885e+01 2.336782126023319250e+01
2.102622178119573277e+02 3.762531009675018367e+01 2.377803274621681950e+01
2.106475595385760471e+02 3.837777536591416805e+01 2.397483564872240080e+01
2.111521799801538180e+02 3.927944368643016304e+01 2.427786219300421777e+01
2.117028342842966993e+02 3.993106549243363901e+01 2.435580501116348273e+01
2.120889667576283841e+02 4.067126643512776241e+01 2.443742247581245408e+01
2.123839152815678517e+02 4.118991875465145114e+01 2.448420057057802168e+01
2.125498325477549031e+02 4.167886380550731928e+01 2.455439096998263437e+01
2.125748418506574069e+02 4.211118518977921354e+01 2.460978975440337280e+01
2.128256170925328661e+02 4.239135760357231675e+01 2.467180910444058384e+01
2.129549584470354660e+02 4.277680786405358759e+01 2.474384457950880645e+01
2.130658955594145425e+02 4.309296700570578054e+01 2.469684941701811098e+01
2.130279552220292771e+02 4.335256450012403917e+01 2.471919188786901600e+01
2.131001302406350817e+02 4.368708136938725062e+01 2.470060158769535974e+01
2.135436461175886791e+02 4.448007628380054257e+01 2.472802964524931824e+01
2.141420088067476968e+02 4.535389791614984034e+01 2.496919188786901600e+01
2.145812298437112418e+02 4.619150024807740351e+01 2.517658459439345009e+01
2.151236975936492115e+02 4.724401513272140818e+01 2.544210493674026452e+01
2.156000837261225627e+02 4.820418320516000676e+01 2.560603758372612404e+01
2.162284017613495450e+02 4.905806561647234076e+01 2.604364611758868620e+01
2.165724230960059629e+02 4.956439159017613605e+01 2.620880364673778118e+01
2.159884333912180523e+02 4.852958322996774854e+01 2.583778838997767480e+01
2.146151544281815973e+02 4.528077710245596421e+01 2.506876395435375926e+01
2.130873542545274120e+02 4.205783304390970301e+01 2.414611758868766955e+01
2.118520838501612502e+02 3.951578392458446842e+01 2.360561895311337111e+01
2.111507690399404567e+02 3.783053212602332138e+01 2.312546514512527907e+01
2.109121030761597524e+02 3.753797134706028515e+01 2.294571756387993133e+01
2.107735518481766235e+02 3.744441515752914995e+01 2.295378007938476728e+01
2.108532157032994405e+02 3.745098920863309644e+01 2.290000930290250736e+01
2.107947779707268694e+02 3.779949144132969252e+01 2.313743487968245915e+01
2.106930972463408693e+02 3.826876085338625444e+01 2.338718680228231150e+01
2.110900676010915333e+02 3.907747767303398945e+01 2.375417080129000169e+01
2.114018233688910868e+02 3.965430414289258465e+01 2.410496774993798041e+01
2.117382938476804668e+02 4.031405048375093259e+01 2.438624100719424348e+01
2.119519815182336799e+02 4.076359774249566215e+01 2.439988526420243176e+01
2.120070236913917086e+02 4.088676817166955857e+01 2.424561213098486689e+01
2.120200012403869891e+02 4.089354378566112302e+01 2.421421483502852823e+01
2.119155141404118012e+02 4.076756698089803876e+01 2.407273319275613943e+01
2.118938228727362798e+02 4.073685189779211413e+01 2.393242991813445641e+01
2.119655017365417962e+02 4.078381605060778980e+01 2.398934817663110763e+01
2.121792979409575821e+02 4.098824733316794777e+01 2.409585090548251074e+01
2.125620658645497372e+02 4.138298499131729358e+01 2.430899590672289889e+01
2.128602704043661618e+02 4.186879806499627676e+01 2.458608285785165037e+01
2.131530637558918500e+02 4.246988960555693637e+01 2.457957082609774346e+01
2.135767334408335500e+02 4.310464214835028685e+01 2.473937918630612742e+01
2.139138241131232974e+02 4.379080873232448567e+01 2.487422475812453371e+01
2.142437205408087380e+02 4.449880612751178433e+01 2.504615790126519315e+01
2.147580780203423387e+02 4.539917204167700504e+01 2.527628069957826895e+01
2.150520962540312553e+02 4.615092408831555559e+01 2.556837633341602611e+01
2.154864487720168711e+02 4.672643264698586307e+01 2.570348548747208994e+01
2.156807864053584751e+02 4.722916149838749789e+01 2.565213346564128116e+01
2.154626643512775956e+02 4.687775986107665460e+01 2.551972215331183236e+01
2.140302964524931895e+02 4.425815554452989176e+01 2.467818159265690880e+01
2.124212199206152434e+02 4.087935685934011332e+01 2.385296762589928221e+01
2.109560903001736563e+02 3.779573927065244021e+01 2.309104440585462825e+01
2.100160630116596394e+02 3.618463160506077969e+01 2.273647978169188733e+01
2.098424863557430058e+02 3.581181778714959307e+01 2.259744790374596946e+01
2.098161901513272198e+02 3.577454415777722829e+01 2.253459129248325610e+01
2.099133279583230092e+02 3.582727611014636437e+01 2.253311833291986943e+01
2.098883341602580117e+02 3.630885636318531340e+01 2.269951624906970977e+01
2.100342191763830328e+02 3.714951314810220850e+01 2.313227176879186331e+01
2.103976215579260725e+02 3.800426383031506106e+01 2.339845881915157477e+01
2.108460834780451592e+02 3.875370565616472618e+01 2.377203237410071779e+01
2.112443407343091053e+02 3.955667018109650002e+01 2.387566670801290059e+01
2.115923468122054203e+02 4.005296452493178094e+01 2.408605184817663059e+01
2.117714431902753631e+02 4.033575725626395325e+01 2.422185871992061479e+01
2.118766280079384785e+02 4.046112937236417650e+01 2.426390783924584582e+01
2.117658459439344938e+02 4.039652071446290904e+01 2.424547258744728495e+01
2.116849417018109705e+02 4.038312453485487197e+01 2.416763830315058215e+01
2.119042576283800656e+02 4.056426755147606400e+01 2.420622984371123820e+01
2.124560127759860961e+02 4.105229781691888036e+01 2.431656226742743598e+01
2.128736045646241735e+02 4.156515132721408889e+01 2.451618705035971146e+01
2.131305352269908155e+02 4.220309786653435680e+01 2.473035537087571356e+01
2.134529428181592721e+02 4.296289692384024050e+01 2.480344517489456635e+01
2.139315151327214153e+02 4.363738836516993302e+01 2.493393388737285932e+01
2.143067787149590799e+02 4.422388985363433278e+01 2.507839245844703413e+01
2.145892923592160741e+02 4.469953175390721611e+01 2.522179670057057876e+01
2.149292979409575821e+02 4.528801786157281128e+01 2.540117216571570324e+01
2.152815988588439495e+02 4.597066484743239556e+01 2.549981394194988837e+01
2.155123418506574069e+02 4.649413917142148023e+01 2.546123790622674221e+01
2.157804980153808003e+02 4.698063445795087745e+01 2.553728913420987467e+01
2.158121278838997625e+02 4.702107107417513987e+01 2.551124100719424348e+01
2.147080904242123438e+02 4.506448461920118831e+01 2.498801476060531002e+01
2.132220912924832419e+02 4.204226618705035889e+01 2.394201190771520871e+01
2.118334005209625275e+02 3.917159203671545242e+01 2.317611944926817102e+01
2.108676817166956141e+02 3.707767923592160741e+01 2.275021706772513141e+01
2.105327772264946589e+02 3.665560654924336603e+01 2.265622674274373693e+01
2.104807274869759226e+02 3.656380240635078138e+01 2.258879620441577885e+01
2.107816763830315097e+02 3.677014078392458174e+01 2.257943128256015797e+01
2.107450849665095518e+02 3.771987410071942293e+01 2.325993860084346210e+01
2.111337292235177472e+02 3.855701128752170348e+01 2.373823182833043788e+01
2.115649497643264567e+02 3.961720106673281805e+01 2.414771458695112827e+01
2.119652226494666252e+02 4.056811275117836857e+01 2.448215393202679380e+01
2.122809476556685695e+02 4.116807243860084498e+01 2.462946539320267902e+01
2.125124968990324987e+02 4.140055197221533234e+01 2.474624782932274769e+01
2.125033955594145425e+02 4.140022637062763522e+01 2.467450694616720241e+01
2.124384768047630985e+02 4.124519350037211751e+01 2.455646861820888205e+01
2.124402288514016277e+02 4.120731518233689172e+01 2.442078578516496989e+01
2.125159079632845476e+02 4.118019722153312046e+01 2.452496278838997767e+01
2.126382411312329452e+02 4.122199826345819673e+01 2.459861076655916534e+01
2.128864890845943876e+02 4.151719486479781551e+01 2.462997705284048777e+01
2.132237658149342678e+02 4.198179732076408044e+01 2.475666708012899875e+01
2.136528311833291980e+02 4.268340672289754423e+01 2.494441515752914995e+01
2.138423158025303792e+02 4.324572066484743260e+01 2.498927065244356172e+01
2.141605525924088340e+02 4.393563941949888374e+01 2.498299119325229611e+01
2.147568066236665913e+02 4.505660816174646754e+01 2.520300483750930454e+01
2.150877108657901147e+02 4.577330377077647938e+01 2.545988898536343470e+01
2.154311585214586842e+02 4.643351525676010993e+01 2.555138303150582857e+01
2.152874286777474708e+02 4.665200942694120556e+01 2.541394815182336941e+01
2.144928522699082123e+02 4.468176321012155938e+01 2.473215393202679380e+01
2.132789630364673883e+02 4.210202183081121063e+01 2.391159141652195430e+01
2.120332268667824280e+02 3.949182895063259480e+01 2.324347246340858320e+01
2.110400800049615384e+02 3.757977238898536143e+01 2.271590486231704276e+01
2.108949082113619511e+02 3.732098114611758888e+01 2.263300049615479992e+01
2.106970199702307127e+02 3.728071508310593174e+01 2.284785102952120894e+01
2.106154645249317809e+02 3.756488774497643135e+01 2.300246526916398082e+01
2.108008403621930142e+02 3.819252356735301390e+01 2.356777164475316155e+01
2.111009985115356073e+02 3.882957082609774346e+01 2.384929297940957582e+01
2.117178584718432148e+02 3.977476122550235971e+01 2.431349230960059415e+01
2.122267892582485729e+02 4.067233626891589893e+01 2.437833354006449937e+01
2.125075973703795569e+02 4.122351773753410953e+01 2.430367774745720766e+01
2.126778249813941954e+02 4.170669498883651727e+01 2.430422041677003264e+01
2.127226494666335839e+02 4.185788265938973041e+01 2.444132969486479823e+01
2.126709563383775787e+02 4.180811213098486689e+01 2.440098610766559162e+01
2.125807957082609789e+02 4.182784978913421270e+01 2.440670739270652589e+01
2.127993053832795738e+02 4.196102083850161080e+01 2.451950508558670450e+01
2.130309631605060758e+02 4.225606239146613774e+01 2.465162180600347241e+01
2.133982417514264398e+02 4.279454539816422454e+01 2.476369077152071441e+01
2.136491875465145256e+02 4.330805011163482732e+01 2.496709873480525843e+01
2.140453206400397050e+02 4.404928987844207455e+01 2.495111324733316849e+01
2.145581431406598938e+02 4.502719548499131719e+01 2.515244356239146484e+01
2.150879899528652857e+02 4.605651513272140818e+01 2.541356053088563627e+01
2.154724323989084667e+02 4.708357107417513987e+01 2.543950012403870176e+01
2.159723238650458939e+02 4.797275800049615668e+01 2.583916832051600210e+01
2.163916366906474877e+02 4.863875279087075398e+01 2.601263644257008067e+01
2.167754744480277793e+02 4.915915715703299327e+01 2.598348734805259141e+01
2.168685034730835923e+02 4.934137000744232182e+01 2.596447841726618577e+01
2.162121837013148138e+02 4.796649404614239387e+01 2.552305569337633173e+01
2.149693004217315888e+02 4.542666211858099956e+01 2.490383899776730203e+01
2.138777288514016277e+02 4.262779087075167439e+01 2.432417514264450631e+01
2.130556933763334087e+02 4.080401885388241112e+01 2.363743487968245915e+01
2.125727021830811339e+02 3.999920925328702737e+01 2.335014574547258803e+01
2.124328795584222291e+02 3.959701376829571018e+01 2.326914847432398759e+01
2.124212974448027751e+02 3.945556313569834117e+01 2.338163607045398251e+01
2.122640008682708981e+02 3.969959377325725569e+01 2.352584656412800967e+01
2.122984836268915956e+02 4.019252356735301390e+01 2.381032932274869651e+01
2.125573368891093935e+02 4.082029893326718195e+01 2.426286901513272198e+01
2.130222029273133160e+02 4.182591168444555052e+01 2.445181096502108531e+01
2.134650831059290397e+02 4.266035102952120894e+01 2.488473703795584058e+01
2.138555414289258181e+02 4.327150520962540270e+01 2.517109588191515712e+01
2.140817104936740236e+02 4.372274249565864324e+01 2.531003473083601918e+01
2.142125248077400101e+02 4.412808546266435172e+01 2.526955160009923063e+01
2.143636039444306505e+02 4.442444492681716639e+01 2.539628814190027128e+01
2.145971688166708020e+02 4.475736479781691912e+01 2.549117774745720766e+01
2.148412769784172553e+02 4.513444244604316680e+01 2.538202369139171566e+01
2.152066949888365173e+02 4.577699392210369922e+01 2.536602269908211227e+01
2.155623759612999208e+02 4.653406412800794101e+01 2.549973641776234246e+01
2.160725781443810547e+02 4.738952803274622028e+01 2.577578454477797010e+01
2.164036374348796699e+02 4.814752852890102020e+01 2.604277784668816764e+01
2.168697748697593681e+02 4.882236107665591618e+01 2.616898722401389321e+01
2.174057771024559713e+02 4.978291677003225146e+01 2.638825663607045513e+01
2.177378131977176849e+02 5.069678739766807496e+01 2.653609526172165545e+01
2.180418165467625897e+02 5.134937050359712174e+01 2.675479099479037615e+01
2.184467253783180354e+02 5.214062887620937659e+01 2.686417762341850590e+01
2.188896675762838129e+02 5.298058794343835132e+01 2.712158893574795471e+01
2.191059290498635619e+02 5.333999007690399452e+01 2.700220168692631972e+01
2.186502263706276494e+02 5.257062453485487197e+01 2.650665157529149241e+01
2.177448523939468998e+02 5.032944678739767141e+01 2.587974448027784646e+01
2.169023195236914034e+02 4.834064128007938166e+01 2.559417638303150611e+01
2.164661684445547110e+02 4.691791739022575314e+01 2.523908459439345009e+01
