1.796207567034490182e+02 4.921305773228850100e+00 1.313878405032251173e+01
1.796607641665333972e+02 4.943664374433605069e+00 1.316933205394743922e+01
1.797679820352897195e+02 4.985941414787568249e+00 1.323174742790127389e+01
1.803625113278959304e+02 5.362647262647262991e+00 1.360862252785329751e+01
1.808354483181406351e+02 5.551855109547417122e+00 1.315983794445332933e+01
1.808190175382483176e+02 5.562352737352737719e+00 1.239188123034276856e+01
1.805286569113492305e+02 5.486093341862572359e+00 1.171047630470707368e+01
1.803225091955861217e+02 5.378254437869822269e+00 1.149292472946319066e+01
1.799982688309611376e+02 5.203900794285409859e+00 1.120903033210725575e+01
1.794981915347299832e+02 4.992860760168452039e+00 1.094358707820246224e+01
1.792391225545071620e+02 4.882229862999094117e+00 1.080007862892478343e+01
1.790664974145743429e+02 4.824024468255237785e+00 1.071838584146276396e+01
1.788354909643371116e+02 4.752019030865184845e+00 1.059636041366810666e+01
1.787757209872594615e+02 4.751888426888426942e+00 1.058541633349325650e+01
1.789016818593741789e+02 4.816549389626312738e+00 1.061653872807718990e+01
1.790692587557972217e+02 4.890520550135934563e+00 1.068372781065088795e+01
1.792434618050002655e+02 4.976071485686870410e+00 1.073855216162908555e+01
1.793047310624233717e+02 5.029112692574231325e+00 1.073580681272988890e+01
1.793101671197825056e+02 5.038285622901007343e+00 1.072438296284450132e+01
1.792714003944773253e+02 5.031316967855429034e+00 1.068594674556213064e+01
1.791871421717575572e+02 4.989317127778666539e+00 1.061692254384562162e+01
1.790558985020523437e+02 4.928449011141318614e+00 1.057705368089983544e+01
1.790099152406844780e+02 4.900441121594967697e+00 1.057975238552161557e+01
1.790083746468361880e+02 4.896043232581694049e+00 1.057950450450450397e+01
1.790074031131723302e+02 4.890833733141425554e+00 1.057864358441281460e+01
1.790767404978943489e+02 4.923263500186576991e+00 1.059128818167279640e+01
1.792064728930113517e+02 4.988220320912629013e+00 1.064391758622527817e+01
1.792683858414627593e+02 5.079088704088704276e+00 1.063476064822218703e+01
1.790851804467189083e+02 5.066885228423689824e+00 1.055770963270963314e+01
1.771405405405405418e+02 4.486801002185617726e+00 9.911634415480568450e+00
1.739406018444479969e+02 3.531038434884588906e+00 9.079796364411748755e+00
1.700712884482115328e+02 2.262669918439148997e+00 7.984687350071965284e+00
1.661525747641132398e+02 1.207806919345380869e+00 7.037909803294418509e+00
1.624955661282584458e+02 5.688482861559784887e-01 6.065247347939656031e+00
1.579278599605522686e+02 1.300269204115357957e-01 5.027881283650514455e+00
1.554446838850685140e+02 3.050269204115357846e-02 4.438213657444427085e+00
1.558337651260728194e+02 5.275601044831813857e-02 4.546938802708033300e+00
1.567686537128844861e+02 1.311503811503811623e-01 4.802374860067168072e+00
1.573535742843435230e+02 1.886654405885175023e-01 4.936638413561490246e+00
1.575438336265259238e+02 2.082600351831121188e-01 4.952214936830321435e+00
1.572942361000053211e+02 1.857934857934857853e-01 4.878226451303373956e+00
1.566248147555839978e+02 1.322671784210245616e-01 4.723633989018604318e+00
1.560553361053360959e+02 9.006343621728236937e-02 4.558198731275654225e+00
1.558236433178740867e+02 8.114105229489844417e-02 4.511990244682552387e+00
1.558014299802761400e+02 8.052934591396129771e-02 4.514699610853456946e+00
1.559353070526147462e+02 8.819899781438242381e-02 4.564956820726051134e+00
1.563268524441601244e+02 1.123607335145796748e-01 4.642418305879844276e+00
1.568933511914281098e+02 1.541913214990137948e-01 4.801367343675035926e+00
1.573840636494482510e+02 1.906258329335252522e-01 4.896216482754944366e+00
1.577989871528333197e+02 2.215656484887254252e-01 4.983339996801535499e+00
1.580813156351617863e+02 2.531198358121434788e-01 5.043261900954208343e+00
1.583239298470067808e+02 2.859454128684897900e-01 5.100994189455727579e+00
1.586434498107575166e+02 3.329068713684098513e-01 5.146381736766351800e+00
1.592822365264673010e+02 4.425942214403753017e-01 5.270518151287381770e+00
1.606229276613892125e+02 5.737952449490910656e-01 5.608114771576309998e+00
1.624576816461431861e+02 8.219694546617622999e-01 6.060468308545231331e+00
1.643497521189828774e+02 1.075149261687723179e+00 6.583551895090356432e+00
1.657285729516498805e+02 1.309804627112319375e+00 6.824481582173890004e+00
1.667992310357695089e+02 1.513151020843328531e+00 7.050866250866250518e+00
1.674797110720187732e+02 1.658465270003731451e+00 7.230602644064182627e+00
1.679891425449117719e+02 1.720734047657124677e+00 7.201487286102670637e+00
1.680685151127458710e+02 1.738838690761767669e+00 7.211076016845247239e+00
1.681562809851271254e+02 1.754223306146382999e+00 7.254561810331041194e+00
1.681021296444373263e+02 1.734284876592568914e+00 7.231614158537235326e+00
1.672453595607441628e+02 1.500963537501998957e+00 7.001711178634255184e+00
1.643896969454661701e+02 9.596473692627538465e-01 6.389714270483501046e+00
1.618679460525614502e+02 5.615731115731116274e-01 5.727056346287115574e+00
1.611306359614052042e+02 4.586198624660163259e-01 5.577249586864971853e+00
1.611695479503171953e+02 4.469161469161468947e-01 5.612119515965670047e+00
1.617082480409403615e+02 5.114878191801268681e-01 5.799605522682445446e+00
1.623479356575510337e+02 6.009115624500239727e-01 5.962663254970947513e+00
1.627809704675089222e+02 6.555346766885228327e-01 6.039295804680420154e+00
1.630063209659363395e+02 6.869955754571138717e-01 6.097617143770990289e+00
1.631691214883522605e+02 7.304560477637400684e-01 6.142153099845407915e+00
1.634119129484514019e+02 7.753278426355348918e-01 6.217643531105069954e+00
1.634230449384295412e+02 7.779932299163068166e-01 6.211153313076390070e+00
1.631069939762247429e+02 7.097579828349058761e-01 6.110401673863212757e+00
1.624156751425982179e+02 6.023175542406311589e-01 5.954673756596833734e+00
1.617476837784530233e+02 5.143571085878778648e-01 5.798785916093608606e+00
1.612241710645556907e+02 4.413294951756490114e-01 5.680441388133695924e+00
1.608475744975744988e+02 3.840036782344474764e-01 5.583070792686177342e+00
1.608202782664321262e+02 4.003398368782984384e-01 5.569663894663894332e+00
1.612322298629991053e+02 4.620235620235620400e-01 5.679123354123354339e+00
1.617391492083799847e+02 5.447145370222293836e-01 5.846429713737405720e+00
1.620664347779732282e+02 6.034130284130284627e-01 5.919778506316967892e+00
1.622609214243829570e+02 6.315222026760488605e-01 5.964667626206087370e+00
1.622996268457806934e+02 6.440841729303268259e-01 5.978812836505143835e+00
1.622146609627378950e+02 6.521896156511540754e-01 5.939237166160243220e+00
1.618667239724931903e+02 6.327922597153365913e-01 5.808312010235087364e+00
1.614601338024415043e+02 5.902460152460152765e-01 5.673018284556746060e+00
1.613087251452635940e+02 5.998307479076709914e-01 5.641192227730689623e+00
1.612623207527053637e+02 6.088450876912415710e-01 5.605521349752119242e+00
1.610098379444533236e+02 5.782251186097340234e-01 5.549644170798017306e+00
1.596288768057998766e+02 4.210418998880537389e-01 5.262255450716988747e+00
1.573432832240524419e+02 2.525880910496295373e-01 4.760111146649608216e+00
1.553881163708086888e+02 1.400687669918439238e-01 4.364680953142491937e+00
1.547739378431686248e+02 1.258635854789700859e-01 4.248086251932405411e+00
1.538066061623754024e+02 8.264433072125379476e-02 4.022722426568580367e+00
1.517463897329282076e+02 6.328962098192867508e-03 3.655129537821845354e+00
1.512135428327736122e+02 4.071379071379071027e-03 3.537130177514792972e+00
1.514782371128524971e+02 2.365531211685057648e-03 3.624316328162481948e+00
1.527927874620182251e+02 1.233008156085079084e-02 3.948695292926062361e+00
1.547983607868223146e+02 8.266432112585958558e-02 4.435315048776587332e+00
1.576817954048723323e+02 2.662601951063489625e-01 5.021644277413508384e+00
1.600458100111946180e+02 4.844607921530998396e-01 5.576887094194786343e+00
1.612834932565701820e+02 6.259608721147182919e-01 5.851256730102884163e+00
1.622537701903086429e+02 7.876072818380510654e-01 6.085666879897648762e+00
1.627161908950370446e+02 8.263646782877551722e-01 6.176234074310997357e+00
1.625879217975371773e+02 7.765565861719707641e-01 6.113600138600138401e+00
1.621706754091369476e+02 7.029705741244203221e-01 5.996556319633242538e+00
1.622397849032464308e+02 7.333320006396929491e-01 6.050422463884002511e+00
1.653546870835332356e+02 1.284427474812090297e+00 7.005587984434137994e+00
1.725718868276560443e+02 2.924409616717309035e+00 9.062711231942001788e+00
1.818570752705367966e+02 5.420580787888479968e+00 1.210643291220214302e+01
1.898911749027133737e+02 8.452790660482968121e+00 1.499621381736766423e+01
1.943331161042699478e+02 1.042074870728716895e+01 1.680731648808571776e+01
1.958421051228743579e+02 1.117630470707393719e+01 1.741482221866837321e+01
1.958873580681272983e+02 1.091838184338184270e+01 1.724738792046484193e+01
1.956572338610800159e+02 1.066891358814435797e+01 1.705372754411216007e+01
1.958881376939069128e+02 1.083053334399488321e+01 1.708404632443093973e+01
1.968728263766725206e+02 1.137630070899301593e+01 1.745738578815501896e+01
1.982457087264779432e+02 1.217187083533237413e+01 1.817555173516711875e+01
2.037583000159923188e+02 1.543698891198891232e+01 2.109266218881603550e+01
2.137390305986459964e+02 2.199113225651687031e+01 2.682695106348952407e+01
2.249357934857934822e+02 3.051364011940934873e+01 3.396974918705687685e+01
2.348313262967108983e+02 3.871366810597579899e+01 4.158186603763526534e+01
2.404555093555093492e+02 4.487868489791566873e+01 4.728958100111946550e+01
2.424237379391225602e+02 4.687810251079481816e+01 4.942031691454768350e+01
2.403116570712724638e+02 4.327292499600191888e+01 4.608785116477424282e+01
2.263901660536275813e+02 2.997549976011514516e+01 3.437139906178367710e+01
2.047067327682712232e+02 1.551164774241697231e+01 2.124643104643104508e+01
1.895030865184711217e+02 8.003759528759529118e+00 1.459826083479929615e+01
1.837994149474918686e+02 5.235584252891944956e+00 1.281763020416866539e+01
1.832620742043818893e+02 4.738688096380403891e+00 1.276364145210299128e+01
1.856441028306412875e+02 5.259215576523268432e+00 1.377918732341809260e+01
1.901532917532917395e+02 6.562937789860867177e+00 1.546857508395969916e+01
1.913648328802175058e+02 6.900374486912948413e+00 1.592849698811237324e+01
1.905061943600405243e+02 6.649576203422356890e+00 1.545639026600565025e+01
1.891082253851484722e+02 6.241971853510315249e+00 1.487674716136254638e+01
1.892586238605469475e+02 6.363733407964176969e+00 1.495827202942587597e+01
1.911425155925155934e+02 7.071914814222506784e+00 1.583078522309291536e+01
1.948329308598539455e+02 8.321937470014393767e+00 1.750097952982568472e+01
1.999555120208966343e+02 1.001509009009009077e+01 1.990681139719601234e+01
2.014386347886348005e+02 1.040707527053680970e+01 2.063604136681059842e+01
2.007423490058105529e+02 9.845763366917212878e+00 2.010100218561757046e+01
1.996954088704088690e+02 9.380488032411109955e+00 1.949675355829202061e+01
1.998821912148835338e+02 9.680281464896848931e+00 1.957154965616503972e+01
2.012181019777173674e+02 1.073706354283277342e+01 2.033836025374487022e+01
2.037497601151447384e+02 1.233369582600351855e+01 2.170503491657337847e+01
2.068785036515805871e+02 1.413856149048456778e+01 2.343899861399861351e+01
2.084642918065995048e+02 1.503504851004850984e+01 2.439092835438989226e+01
2.079971320432858874e+02 1.463650247881017030e+01 2.403117970041046902e+01
2.058521056559518172e+02 1.327042486273255584e+01 2.271987712564635586e+01
2.031408657177887847e+02 1.182128045204968281e+01 2.116480489365104845e+01
2.011515179380564007e+02 1.095831867370328894e+01 2.008703822165360720e+01
2.005681539527693360e+02 1.079355909163601446e+01 1.976196225811610319e+01
2.003557718961565115e+02 1.082991897222666466e+01 1.964361106668798840e+01
2.001116943866943814e+02 1.082844234767311775e+01 1.955489365104749666e+01
1.990014006610160493e+02 1.036519270750040000e+01 1.905973532704301832e+01
1.963222266645343552e+02 9.204519164134548959e+00 1.792590356628818071e+01
1.923479596460365713e+02 7.673038274961351490e+00 1.614381630150860758e+01
1.829482848232848369e+02 4.467532917532917480e+00 1.292549442934058312e+01
1.698850311850311812e+02 1.337194146809531414e+00 8.828389039927500903e+00
1.612553894130817298e+02 1.150834266218881546e-01 6.648723279492510407e+00
1.546782890879044601e+02 6.836718375179913270e-04 5.069727863958632952e+00
1.492695959272882362e+02 7.197878351724505859e-03 4.070510155125539598e+00
1.482637440695133080e+02 1.189695612772535827e-02 3.901551255397409435e+00
1.497621128524974665e+02 9.923236846313769274e-03 4.340102084332853494e+00
1.520281145050375926e+02 5.414734260888107165e-03 4.887272775734314401e+00
1.538141505410736158e+02 5.990457913534836566e-03 5.292415640492563966e+00
1.545688869342715464e+02 1.378138493523108944e-02 5.461310570925955510e+00
1.547200197238658745e+02 1.573777919931765995e-02 5.457483074790767219e+00
1.540282917532917395e+02 1.770616770616770599e-02 5.255973132896209599e+00
1.527597726424649522e+02 1.124660163121701632e-02 4.926712511327895783e+00
1.520095794018870947e+02 1.053894130817207772e-02 4.770558132096593518e+00
1.516873394104163424e+02 1.142784796630950429e-02 4.690007463084386430e+00
1.518335039181193054e+02 1.293112639266485488e-02 4.728171810864118640e+00
1.528733141425448991e+02 2.000373154219308239e-02 4.963834692680846317e+00
1.539427834639373032e+02 3.418359187589956744e-02 5.166378804840343619e+00
1.543830841196225947e+02 3.429820352897276076e-02 5.235652220267605017e+00
1.544795604776373921e+02 2.881550189242497104e-02 5.160840130070899257e+00
1.544405325443786978e+02 3.508449277680046607e-02 5.122302628071858877e+00
1.545023122234660775e+02 4.932165893704355125e-02 5.204557812250119930e+00
1.547519097499866803e+02 6.612426035502957933e-02 5.331702116317501350e+00
1.552387773868543093e+02 9.170531478223785393e-02 5.515076763153686557e+00
1.558643677701369938e+02 1.341582706967322236e-01 5.690532544378697821e+00
1.564425689002612216e+02 1.779412548643317937e-01 5.872004104696411986e+00
1.569458153419691939e+02 2.011567780798549920e-01 5.957428434351511370e+00
1.572830627965243480e+02 2.071379071379071402e-01 6.004629777706700366e+00
1.573506490218028659e+02 1.995522149368303133e-01 5.992602217602217785e+00
1.572065861719707982e+02 1.888786715709792619e-01 5.927008369316062009e+00
1.561755730582653712e+02 1.430486699717468946e-01 5.684969881123727475e+00
1.530168665707127218e+02 3.669438669438669642e-02 4.950461111999573838e+00
1.500829775041313496e+02 8.398635321712245166e-03 4.485664214510368453e+00
1.490613425555733329e+02 5.488032411109334402e-03 4.246957460418999020e+00
1.499393890932352349e+02 4.307265845727384183e-03 4.454176661868969767e+00
1.544115184711338600e+02 6.260994722533184086e-03 5.449119089503704494e+00
1.595019110826803228e+02 1.088011088011087979e-01 6.595002398848552438e+00
1.624759195586118778e+02 3.169012207473745901e-01 7.405559997867690036e+00
1.634890625832933608e+02 4.029958953035875924e-01 7.642739485047177261e+00
1.641945639426408547e+02 4.926755157524388418e-01 7.795314249160402831e+00
1.649574310997387840e+02 6.669638573484727440e-01 7.995275601044832037e+00
1.657463790713790672e+02 8.126152779998934150e-01 8.176262060877444782e+00
1.655344101497947520e+02 7.400874247028093045e-01 8.038194999733461188e+00
1.629143091316168181e+02 2.903632922863692012e-01 7.337579295271602575e+00
1.613443427154965661e+02 1.306626152779998828e-01 6.859143611066688351e+00
1.616698331467562184e+02 1.518830961138653568e-01 6.991262860493629994e+00
1.638468868276560499e+02 3.104203315741777547e-01 7.725399808092115350e+00
1.656431126392664908e+02 5.137307425768964375e-01 8.168904259288874314e+00
1.664230369422677143e+02 6.108401300708993231e-01 8.336414521029904989e+00
1.665603883469267998e+02 5.771003251772482967e-01 8.318091316168239047e+00
1.659348312809851222e+02 4.367770137000906439e-01 8.079281944666560022e+00
1.648253078522309352e+02 3.412108854416546766e-01 7.700183911722373153e+00
1.645272029425875644e+02 3.429567141105602790e-01 7.589218508449278033e+00
1.647469054853670229e+02 3.988072391918545678e-01 7.670227624073778117e+00
1.658429993603070614e+02 5.682565701796471469e-01 7.993347193347193347e+00
1.669098845887307334e+02 7.380803880803881167e-01 8.273709952556107083e+00
1.679201250066634543e+02 9.367197078735540750e-01 8.489814222506529617e+00
1.686300975531744655e+02 1.066141585372354594e+00 8.649448264832880540e+00
1.686817127778666361e+02 1.036230609307532413e+00 8.628538301615224171e+00
1.680752292233061382e+02 8.069353377045684894e-01 8.400871581640812380e+00
1.653464630310784287e+02 3.217602217602217873e-01 7.766304173996481985e+00
1.611891918545764781e+02 5.140199370968601827e-02 6.674782770936617204e+00
1.580994442667519593e+02 6.010448318140626306e-04 6.092107788261634127e+00
1.564577456154379149e+02 9.328855482701637022e-06 5.647839703608934059e+00
1.559355735913428305e+02 1.066154912308758396e-05 5.493284556746095504e+00
1.557967748813902631e+02 0.000000000000000000e+00 5.457083266698651514e+00
1.557950970200970175e+02 1.332693640385947995e-06 5.455750573058264941e+00
1.558875473106242282e+02 1.865771096540327404e-05 5.465936350551735323e+00
1.561935404339250510e+02 1.999040460578922098e-05 5.596285782824244492e+00
1.567279719068180555e+02 5.197505197505197794e-05 5.708806439575670133e+00
1.570236393197931761e+02 1.679193986886294630e-04 5.804527160296391486e+00
1.569946372407910928e+02 8.395969934431473151e-05 5.819060184444800221e+00
1.563377698704621821e+02 2.665387280771896244e-05 5.631330294791832891e+00
1.552811970254277867e+02 2.398848552694706518e-05 5.405842528919452050e+00
1.546066248200863527e+02 0.000000000000000000e+00 5.262572631803401180e+00
1.540137827176288852e+02 5.330774561543791979e-06 5.124857401780478661e+00
1.538062183485260448e+02 1.332693640385948122e-05 5.081400927554773794e+00
1.539913788048403376e+02 5.330774561543791979e-06 5.123002292233061361e+00
1.546129604456527602e+02 1.599232368463137678e-05 5.273419425342502187e+00
1.554821459032997382e+02 1.199424276347353327e-04 5.475489098566021617e+00
1.557715096753558157e+02 1.252732021962791069e-04 5.529737725891571642e+00
1.560240377951916457e+02 2.212271443040673676e-04 5.621236473159550329e+00
1.563152593421824292e+02 3.678234447465216525e-04 5.707717628871474602e+00
1.564994282744282827e+02 3.958100111946265720e-04 5.743079321925475433e+00
1.567619622581161138e+02 6.556852710698864075e-04 5.786801002185617548e+00
1.575047297297297177e+02 1.465963004424542795e-03 5.982465749773441921e+00
1.585275667679513845e+02 1.066421451036835694e-02 6.236085345700730365e+00
1.589913881336958354e+02 2.233727810650887671e-02 6.344881123727277306e+00
1.589406964656964760e+02 1.988112372727757204e-02 6.325039980809211926e+00
1.580741923876539374e+02 6.227677381523535026e-03 6.120474172397249113e+00
1.549390985660216415e+02 1.212751212751212728e-04 5.532994829148675464e+00
1.509600911562449994e+02 0.000000000000000000e+00 4.580897169358707721e+00
1.487751972386587909e+02 0.000000000000000000e+00 4.232041953195799344e+00
1.484398608667839312e+02 0.000000000000000000e+00 4.122339943493789960e+00
1.489721880164187837e+02 0.000000000000000000e+00 4.210125806279652494e+00
1.504692934058318770e+02 0.000000000000000000e+00 4.525153259768644354e+00
1.512479583133429344e+02 0.000000000000000000e+00 4.654525827602750354e+00
1.515994762513993237e+02 0.000000000000000000e+00 4.702878618263233612e+00
1.519443147289301237e+02 0.000000000000000000e+00 4.732617676848446031e+00
1.524722186683725056e+02 2.665387280771895990e-06 4.875095953942107485e+00
1.527088757396449807e+02 3.998080921157844196e-06 4.922582493736340048e+00
1.526021163175009292e+02 6.663468201929740609e-06 4.893000693000693069e+00
1.522378871475025335e+02 5.330774561543791979e-06 4.802706700783623717e+00
1.520475864918172704e+02 7.996161842315688392e-06 4.770814009275547996e+00
1.522284316861239972e+02 0.000000000000000000e+00 4.813019084172930562e+00
1.527317580894504090e+02 0.000000000000000000e+00 4.935902766671997455e+00
1.535213404232634957e+02 0.000000000000000000e+00 5.080822538514846443e+00
1.545171744229436399e+02 1.012847166693320484e-04 5.344428007889546528e+00
1.554907644330721155e+02 1.599232368463137678e-05 5.604483181406258119e+00
1.566129377898608652e+02 3.598272829042060115e-05 5.898495388880004242e+00
1.571554480516018941e+02 4.171331094408017230e-04 6.038035076496615083e+00
1.574007942854096598e+02 5.930486699717469083e-04 6.068237912468681827e+00
1.575127032357801511e+02 4.264619649235033990e-04 6.075454448531371732e+00
1.575811490484567514e+02 8.955701263393570999e-04 6.089045258276027717e+00
1.576456874033797249e+02 7.942854096700250515e-04 6.070638093715016836e+00
1.577676008849085747e+02 1.720507489738258870e-03 6.110301721840182942e+00
1.581445332906871499e+02 2.753345061037368660e-03 6.216410789487712307e+00
1.584999933365317872e+02 6.039767578229117070e-03 6.293544432005970357e+00
1.586475211898288933e+02 7.652326883096113690e-03 6.306963324271016802e+00
1.585622914334452673e+02 5.881177035023188795e-03 6.268449810757503293e+00
1.576945026387334110e+02 1.805799882722959691e-03 6.045936617090463372e+00
1.549464057252518785e+02 3.864811557119249502e-05 5.338793379177994680e+00
1.516597046750893014e+02 0.000000000000000000e+00 4.573115571192494677e+00
1.496938975958206868e+02 0.000000000000000000e+00 4.151700517085132880e+00
1.492282690974998616e+02 0.000000000000000000e+00 4.092988698757929811e+00
1.491990857721627037e+02 0.000000000000000000e+00 4.078666240204701587e+00
1.497957540380617445e+02 1.332693640385947995e-06 4.273815235353696451e+00
1.507908790447251874e+02 0.000000000000000000e+00 4.503890132736287022e+00
1.513017085132469788e+02 0.000000000000000000e+00 4.611459832613678422e+00
1.516196105869182702e+02 1.199424276347353259e-05 4.692163761394530397e+00
1.519242590223359457e+02 2.798656644810490937e-05 4.747318620395543753e+00
1.520020869982408556e+02 1.865771096540327404e-05 4.709731328962098118e+00
1.519275161255930584e+02 1.332693640385947995e-06 4.682049949357641516e+00
1.517927288234980665e+02 1.332693640385947995e-06 4.630305453382376868e+00
1.517242470280931741e+02 2.665387280771895990e-06 4.596171171171171466e+00
1.518324244362705997e+02 0.000000000000000000e+00 4.634139612985767265e+00
1.521618396503011752e+02 0.000000000000000000e+00 4.717822112052881600e+00
1.524866477424169773e+02 2.665387280771896244e-05 4.798655312116850702e+00
1.528067887414041195e+02 9.328855482701637022e-06 4.875864918172610807e+00
1.536135694866464121e+02 0.000000000000000000e+00 5.005330774561543627e+00
1.540153033210725653e+02 1.425982195212964509e-04 5.108501252732022380e+00
1.544820326243403201e+02 2.891945199637507087e-04 5.254707073937843198e+00
1.549345847326616479e+02 3.931446239138546646e-04 5.387771203155818256e+00
1.552077442827442724e+02 6.543525774295004538e-04 5.465351298043605865e+00
1.552863305613305727e+02 8.875739644970413776e-04 5.478366384135615164e+00
1.553605562663254887e+02 8.649181726104802730e-04 5.471561650407804400e+00
1.554291180233487921e+02 6.543525774295004538e-04 5.493465803081187815e+00
1.554745881976651276e+02 8.369316061623753534e-04 5.523975158590543444e+00
1.556340783090783191e+02 1.152779998933845191e-03 5.557978836824990942e+00
1.558818300549069704e+02 1.011514473052934531e-03 5.608088117703502462e+00
1.561836345220960709e+02 1.327362865824404260e-03 5.673490058105442380e+00
1.563844741190895036e+02 1.665867050482435201e-03 5.666125593048669806e+00
1.560665347299962775e+02 1.724505570659416731e-03 5.532228530305453695e+00
1.537399141745295594e+02 1.865771096540327404e-05 5.006408923716615611e+00
1.508492270376885642e+02 0.000000000000000000e+00 4.355743909590063190e+00
1.496248600671677593e+02 0.000000000000000000e+00 4.040347299962684602e+00
1.496468575083959820e+02 0.000000000000000000e+00 4.108109440801748669e+00
1.505714710272402499e+02 0.000000000000000000e+00 4.384980542672850312e+00
1.517473226184764599e+02 2.665387280771895990e-06 4.650383815768431184e+00
1.526188509515432656e+02 1.599232368463137678e-05 4.875133269364038568e+00
1.534418865611173430e+02 1.026174103097180022e-04 5.080054906977983897e+00
1.540297177354869689e+02 1.266058958366650606e-04 5.243713684098299410e+00
1.541957620342235771e+02 1.599232368463137678e-04 5.291657337811184192e+00
1.538792259715336570e+02 3.305080228157151112e-04 5.203351724505570708e+00
1.525453102510794849e+02 7.063276294045524859e-05 4.877350871581640490e+00
1.512157964177195026e+02 5.330774561543791979e-06 4.585120475505091164e+00
1.503497627805320178e+02 0.000000000000000000e+00 4.415067434298203253e+00
1.499975984860600136e+02 0.000000000000000000e+00 4.319412015565861296e+00
1.500079988272295850e+02 7.996161842315688392e-06 4.325407804253957877e+00
1.503747321285782732e+02 1.066154912308758396e-05 4.395867317021163068e+00
1.508251452636067995e+02 6.663468201929740609e-06 4.486497148035609506e+00
1.512812636601098006e+02 2.665387280771895990e-06 4.544719867796790602e+00
1.518258475931552880e+02 2.665387280771895990e-06 4.645856655472040408e+00
1.522978210458979618e+02 7.996161842315688392e-05 4.725130603976757548e+00
1.524552028359720737e+02 8.262700570392877779e-05 4.746586971586971515e+00
1.524938722746415181e+02 6.796737565968335472e-05 4.752373527373527473e+00
1.525376712511327923e+02 3.864811557119249502e-05 4.748757929527160471e+00
1.527626765819073569e+02 6.930006930006929488e-05 4.801427314888853104e+00
1.530398875206567482e+02 1.012847166693320484e-04 4.875054640439255849e+00
1.533540767098459412e+02 9.861932938856015458e-05 4.950796950796950924e+00
1.536789660962737969e+02 6.663468201929740101e-05 5.033335998720613880e+00
1.540468761661069266e+02 1.172770403539634252e-04 5.110069833146756224e+00
1.543347859694013664e+02 2.398848552694706653e-04 5.182101924409616700e+00
1.541898768591076418e+02 2.678714217175755577e-04 5.145500826270057004e+00
1.518556306306306283e+02 3.465003465003464744e-05 4.700247881017111773e+00
1.483477264246494940e+02 0.000000000000000000e+00 3.987294098832560252e+00
1.468674502905272163e+02 0.000000000000000000e+00 3.687427368196598998e+00
1.461694719867796834e+02 0.000000000000000000e+00 3.573761927608081646e+00
1.458433431952662716e+02 0.000000000000000000e+00 3.478480995788688190e+00
1.457378125166586642e+02 0.000000000000000000e+00 3.460368356522202760e+00
1.458101258062796433e+02 0.000000000000000000e+00 3.454397889013273826e+00
1.457677554773708550e+02 0.000000000000000000e+00 3.455645290260674685e+00
1.458769910442987339e+02 0.000000000000000000e+00 3.473196865504557973e+00
1.466786555786555653e+02 0.000000000000000000e+00 3.654150007996161964e+00
1.471009915240684336e+02 0.000000000000000000e+00 3.737992430300122404e+00
1.467245175649021860e+02 0.000000000000000000e+00 3.675102617410309858e+00
1.459107548376779278e+02 0.000000000000000000e+00 3.536852977237592732e+00
1.455255370755370734e+02 0.000000000000000000e+00 3.493433818433818505e+00
1.454314995468841687e+02 0.000000000000000000e+00 3.502205607974838930e+00
1.455579561810330915e+02 0.000000000000000000e+00 3.524028466336158516e+00
1.458878924782770810e+02 3.998080921157844196e-06 3.585661549123087433e+00
1.464523935177781198e+02 0.000000000000000000e+00 3.718377845300922413e+00
1.470951436643744330e+02 0.000000000000000000e+00 3.824585532277839928e+00
1.475436350551735245e+02 0.000000000000000000e+00 3.907433765126072878e+00
1.478576230076230047e+02 0.000000000000000000e+00 3.934999200383815676e+00
1.480645796684258357e+02 0.000000000000000000e+00 3.987836505144197297e+00
1.484488325603710166e+02 3.998080921157844196e-06 4.045592782131243403e+00
1.487920891305506643e+02 0.000000000000000000e+00 4.104885654885654489e+00
1.491026054160669503e+02 0.000000000000000000e+00 4.190611173303481429e+00
1.494373940508556018e+02 0.000000000000000000e+00 4.232500399808092340e+00
1.495743603070526149e+02 2.665387280771895990e-06 4.241492083799776047e+00
1.496702089663628215e+02 0.000000000000000000e+00 4.278643584412814782e+00
1.497830401407324530e+02 1.332693640385947995e-06 4.278274428274428054e+00
1.498728210458979788e+02 1.332693640385947995e-06 4.297481209019670345e+00
1.499576416653339663e+02 0.000000000000000000e+00 4.295531478223786337e+00
1.500891545391545492e+02 0.000000000000000000e+00 4.289251825790286965e+00
1.500511114664960814e+02 0.000000000000000000e+00 4.270732714963484611e+00
1.483823937843168608e+02 0.000000000000000000e+00 3.922170691401460463e+00
1.439085665547204087e+02 0.000000000000000000e+00 3.087959112959112851e+00
1.410035409670024933e+02 0.000000000000000000e+00 2.505157524388293755e+00
1.395094541286848937e+02 0.000000000000000000e+00 2.286745029052721367e+00
1.390973266165573818e+02 0.000000000000000000e+00 2.244294738525507871e+00
1.393682858894397327e+02 0.000000000000000000e+00 2.295843328535636108e+00
1.402682099259022266e+02 0.000000000000000000e+00 2.479090036782344519e+00
1.405554787035556217e+02 0.000000000000000000e+00 2.555418732341809385e+00
1.400489538354922843e+02 0.000000000000000000e+00 2.485817474279012895e+00
1.388432032624340309e+02 0.000000000000000000e+00 2.314219841142918010e+00
1.381886907617676741e+02 0.000000000000000000e+00 2.251668532437763215e+00
1.369106202356202289e+02 0.000000000000000000e+00 2.016437443360520110e+00
1.354065515219361373e+02 0.000000000000000000e+00 1.738011088011087946e+00
1.344210525614371647e+02 0.000000000000000000e+00 1.558971693587078100e+00
1.338042459619382782e+02 0.000000000000000000e+00 1.448928514313129634e+00
1.337409350178581064e+02 0.000000000000000000e+00 1.421337757876219410e+00
1.343789434404818905e+02 0.000000000000000000e+00 1.530058905058905072e+00
1.360450996854843027e+02 0.000000000000000000e+00 1.817572898342129095e+00
1.373456514206514214e+02 0.000000000000000000e+00 1.997819713204328496e+00
1.386260781491550631e+02 0.000000000000000000e+00 2.200537075537075449e+00
1.398510701529932305e+02 0.000000000000000000e+00 2.360383016152246771e+00
1.405704555146862731e+02 0.000000000000000000e+00 2.458866410789487755e+00
1.410286649075110574e+02 0.000000000000000000e+00 2.526671197825043791e+00
1.414332067274374936e+02 9.328855482701637022e-06 2.603672903672903605e+00
1.416551268724345789e+02 0.000000000000000000e+00 2.615126072818380720e+00
1.416658470600778230e+02 0.000000000000000000e+00 2.609252891945199604e+00
1.412475318513779996e+02 0.000000000000000000e+00 2.521734900581054539e+00
1.404350778293085966e+02 0.000000000000000000e+00 2.357897542512926936e+00
1.397159563409563532e+02 0.000000000000000000e+00 2.243068660376352774e+00
1.391771602963910652e+02 0.000000000000000000e+00 2.158324004477850444e+00
1.387190415267338324e+02 0.000000000000000000e+00 2.123956500879577991e+00
1.384293032677647943e+02 0.000000000000000000e+00 2.080775894237432588e+00
1.384463017751479299e+02 0.000000000000000000e+00 2.079435204435204465e+00
1.385963017751479356e+02 0.000000000000000000e+00 2.118551095474172197e+00
1.387090849725465205e+02 0.000000000000000000e+00 2.128370382216536072e+00
1.385710285729516613e+02 0.000000000000000000e+00 2.088664107894877109e+00
1.357812236793006093e+02 0.000000000000000000e+00 1.768212591289514357e+00
1.323141305506690060e+02 0.000000000000000000e+00 1.264261154645770047e+00
1.297095127672050694e+02 0.000000000000000000e+00 9.280571992110453472e-01
1.282326363345594018e+02 0.000000000000000000e+00 8.212204808358654073e-01
1.276825057305826476e+02 0.000000000000000000e+00 7.754877658723812184e-01
1.275700583719814460e+02 0.000000000000000000e+00 7.961725038648115316e-01
1.280462244789167983e+02 0.000000000000000000e+00 8.524268351191428561e-01
1.283472479876326133e+02 0.000000000000000000e+00 8.695172983634522623e-01
1.284538741404126085e+02 0.000000000000000000e+00 8.892691508076123741e-01
1.286507316488085735e+02 0.000000000000000000e+00 9.191374806759422533e-01
1.286696185830801085e+02 0.000000000000000000e+00 9.158390639159870172e-01
1.284935284396822794e+02 0.000000000000000000e+00 9.123300815608508252e-01
1.280644210778826277e+02 0.000000000000000000e+00 8.663907990831067885e-01
1.275993389839543681e+02 0.000000000000000000e+00 8.415320646089876622e-01
1.273867263713417515e+02 0.000000000000000000e+00 8.273602004371235497e-01
1.274077389519697192e+02 0.000000000000000000e+00 8.291886561117329801e-01
1.275353137160829533e+02 0.000000000000000000e+00 8.625046644277413188e-01
1.279935324377632071e+02 0.000000000000000000e+00 9.181286315901699968e-01
1.289424996001918942e+02 0.000000000000000000e+00 1.002000373154219304e+00
1.302017165094088114e+02 0.000000000000000000e+00 1.108298683298683196e+00
1.313447451889759634e+02 0.000000000000000000e+00 1.216890559198251509e+00
1.324541060291060433e+02 0.000000000000000000e+00 1.333122767738152303e+00
1.336504144677221575e+02 0.000000000000000000e+00 1.495183645183645105e+00
1.351996801535263160e+02 0.000000000000000000e+00 1.778115837731222282e+00
1.366624007143237804e+02 0.000000000000000000e+00 2.033248040940348833e+00
1.375394877125646360e+02 0.000000000000000000e+00 2.191036302574763894e+00
1.381752945252945324e+02 0.000000000000000000e+00 2.276266058958366756e+00
1.388709925902233522e+02 0.000000000000000000e+00 2.387944453329068573e+00
1.396745375553067845e+02 0.000000000000000000e+00 2.460115144730529391e+00
1.402690428594274863e+02 0.000000000000000000e+00 2.473488725411802314e+00
1.408767738152353672e+02 0.000000000000000000e+00 2.526484620715390150e+00
1.416482568367183887e+02 0.000000000000000000e+00 2.667711498480729304e+00
1.424550082627005736e+02 0.000000000000000000e+00 2.803763526840449938e+00
1.432138720081027827e+02 0.000000000000000000e+00 2.977786662402047035e+00
1.438700517085132446e+02 0.000000000000000000e+00 3.129745722053414170e+00
1.443585265739111776e+02 0.000000000000000000e+00 3.203834159603390574e+00
1.445158297350604926e+02 2.665387280771895990e-06 3.222427901274055095e+00
1.423412708566554841e+02 0.000000000000000000e+00 2.813187003571619105e+00
1.376898075590383144e+02 0.000000000000000000e+00 2.093439149208379924e+00
1.353099152406844610e+02 0.000000000000000000e+00 1.660572258649181787e+00
1.345634881923343471e+02 0.000000000000000000e+00 1.557440428594274673e+00
1.344339023935177693e+02 0.000000000000000000e+00 1.555001599232368470e+00
1.346183192067807397e+02 0.000000000000000000e+00 1.568849618849618821e+00
1.350376725838264349e+02 0.000000000000000000e+00 1.597278639586331872e+00
1.354059411482488429e+02 0.000000000000000000e+00 1.657167226397995519e+00
1.356913348259502072e+02 0.000000000000000000e+00 1.737715230022922386e+00
1.361973212857828344e+02 0.000000000000000000e+00 1.816650674342981997e+00
1.365691454768377753e+02 0.000000000000000000e+00 1.874766778612932505e+00
1.365497747747747610e+02 0.000000000000000000e+00 1.868850951543259198e+00
1.358905018924249646e+02 0.000000000000000000e+00 1.759707340476571291e+00
1.351471493683032179e+02 0.000000000000000000e+00 1.641544058851751142e+00
1.348043778986086636e+02 0.000000000000000000e+00 1.588206993976224668e+00
1.346800802281571521e+02 0.000000000000000000e+00 1.576895090356628781e+00
1.348346407057945555e+02 0.000000000000000000e+00 1.589915507223199631e+00
1.351907044618583029e+02 0.000000000000000000e+00 1.636725038648115582e+00
1.356775201236739576e+02 0.000000000000000000e+00 1.726845780691934618e+00
1.360097753078522373e+02 0.000000000000000000e+00 1.780753238445546227e+00
1.360701876432645747e+02 0.000000000000000000e+00 1.782204541819926380e+00
1.360263566821259076e+02 0.000000000000000000e+00 1.783746468361852910e+00
1.360075083959699214e+02 0.000000000000000000e+00 1.789499706807399004e+00
1.359047124047123987e+02 0.000000000000000000e+00 1.792779465856388921e+00
1.357255264139879500e+02 0.000000000000000000e+00 1.757535049842742225e+00
1.353456980649288255e+02 0.000000000000000000e+00 1.703862146169838443e+00
1.348416293512447339e+02 0.000000000000000000e+00 1.646144517298363530e+00
1.343116410789487816e+02 0.000000000000000000e+00 1.574096433711818399e+00
1.338150527746681462e+02 0.000000000000000000e+00 1.511298576683192119e+00
1.332084639373100856e+02 0.000000000000000000e+00 1.425649021802867900e+00
1.333024428274428317e+02 0.000000000000000000e+00 1.450653019883789030e+00
1.335131696785543056e+02 0.000000000000000000e+00 1.495271602963910595e+00
1.340525161255930584e+02 0.000000000000000000e+00 1.538462871155178879e+00
1.346759808625193102e+02 0.000000000000000000e+00 1.617734154272615799e+00
1.352271523002292213e+02 0.000000000000000000e+00 1.665203369049522930e+00
1.357744069513300360e+02 0.000000000000000000e+00 1.735247081400927538e+00
1.358816661335892206e+02 0.000000000000000000e+00 1.770808678500986222e+00
1.339981302308225395e+02 0.000000000000000000e+00 1.589307798923183634e+00
1.302277653393038008e+02 0.000000000000000000e+00 1.052312223466069563e+00
1.282326816461431918e+02 0.000000000000000000e+00 7.875193240577855747e-01
1.274361866304173958e+02 0.000000000000000000e+00 7.163668105975797840e-01
1.273487499333653119e+02 0.000000000000000000e+00 7.175689002612078982e-01
1.278032837571299041e+02 0.000000000000000000e+00 7.458393304547150660e-01
1.287363145690068791e+02 0.000000000000000000e+00 8.080761234607388710e-01
1.293594807825577107e+02 0.000000000000000000e+00 8.736859640705794128e-01
1.299679260621568346e+02 0.000000000000000000e+00 9.594901114131882958e-01
1.306485393677701268e+02 0.000000000000000000e+00 1.091526733834426111e+00
1.308963297617143837e+02 0.000000000000000000e+00 1.159234234234234329e+00
1.308095234287542041e+02 0.000000000000000000e+00 1.148679300602377440e+00
1.301898728610267142e+02 0.000000000000000000e+00 1.064763580148195610e+00
1.295302015032784198e+02 0.000000000000000000e+00 9.883482595021056971e-01
1.293512020896636159e+02 0.000000000000000000e+00 9.528892798123567154e-01
1.294635081827389627e+02 0.000000000000000000e+00 9.482781598166213355e-01
1.297703662242123812e+02 0.000000000000000000e+00 9.815795085025854627e-01
1.304480915827069794e+02 0.000000000000000000e+00 1.081391598699291023e+00
1.312710392345007619e+02 0.000000000000000000e+00 1.204680420065035396e+00
1.319304160669545354e+02 0.000000000000000000e+00 1.306648808571885478e+00
1.326132656324963932e+02 0.000000000000000000e+00 1.389474385628231889e+00
1.332774121754891041e+02 0.000000000000000000e+00 1.485092488938642763e+00
1.338526533930379969e+02 0.000000000000000000e+00 1.576709845940615251e+00
1.344199690815075314e+02 0.000000000000000000e+00 1.644819819819819839e+00
1.349448411429180794e+02 0.000000000000000000e+00 1.659542086465163324e+00
1.353524295005064175e+02 0.000000000000000000e+00 1.675213230982461665e+00
1.356906378271762890e+02 0.000000000000000000e+00 1.703879471187163430e+00
1.358988192334346081e+02 0.000000000000000000e+00 1.708439948824564292e+00
1.360184178261101238e+02 0.000000000000000000e+00 1.721576310037848501e+00
1.361537088864012048e+02 0.000000000000000000e+00 1.755000266538728093e+00
1.363482994829148538e+02 0.000000000000000000e+00 1.790218028679567031e+00
1.366111186630417365e+02 0.000000000000000000e+00 1.824909376832453800e+00
1.368951449970680869e+02 0.000000000000000000e+00 1.860578922117383627e+00
1.372069686550455856e+02 0.000000000000000000e+00 1.893208593208593138e+00
1.374351724505570758e+02 0.000000000000000000e+00 1.933370648755264209e+00
1.368644623913854730e+02 0.000000000000000000e+00 1.871629617783463928e+00
1.337661016045631470e+02 0.000000000000000000e+00 1.542791460099152356e+00
1.302135508289354391e+02 0.000000000000000000e+00 1.068223252838637505e+00
1.287719414680953207e+02 0.000000000000000000e+00 8.575363825363825354e-01
1.285217442294365355e+02 0.000000000000000000e+00 8.311610426995041934e-01
1.286841715976331386e+02 0.000000000000000000e+00 8.308172077402846689e-01
1.291361839650301135e+02 0.000000000000000000e+00 8.812943120635428063e-01
1.299164281145050381e+02 0.000000000000000000e+00 9.747667786129324830e-01
1.308572032091262827e+02 0.000000000000000000e+00 1.104531158377312305e+00
1.316987019563942738e+02 0.000000000000000000e+00 1.238658777120315690e+00
1.321489618316541339e+02 0.000000000000000000e+00 1.284880590649821519e+00
1.321932459086305300e+02 0.000000000000000000e+00 1.306560850791619988e+00
1.320556133056132921e+02 0.000000000000000000e+00 1.293131296977450884e+00
1.317171304440535096e+02 0.000000000000000000e+00 1.247821045897969050e+00
1.313868796311103893e+02 0.000000000000000000e+00 1.188322938322938338e+00
1.312940601844447883e+02 0.000000000000000000e+00 1.172346606961991666e+00
1.315438642784796741e+02 0.000000000000000000e+00 1.207488405565328549e+00
1.323762314089237293e+02 0.000000000000000000e+00 1.300110613572152074e+00
1.327311170638093643e+02 0.000000000000000000e+00 1.342782131243669630e+00
1.333371954795031797e+02 0.000000000000000000e+00 1.427810650887573862e+00
1.339961072018764412e+02 0.000000000000000000e+00 1.491785276400660942e+00
1.344861812996428512e+02 0.000000000000000000e+00 1.539618316541393472e+00
1.347279332587024783e+02 0.000000000000000000e+00 1.565627165627165640e+00
1.348346513673436675e+02 0.000000000000000000e+00 1.574486912948451334e+00
1.348177781331627614e+02 0.000000000000000000e+00 1.583149421610960061e+00
1.347105282797590462e+02 0.000000000000000000e+00 1.590900367823444794e+00
1.345252265579188702e+02 0.000000000000000000e+00 1.586710379018071215e+00
1.343538874673490113e+02 0.000000000000000000e+00 1.584412815182046019e+00
1.341663294951756598e+02 0.000000000000000000e+00 1.584252891945199693e+00
1.341014366437443357e+02 0.000000000000000000e+00 1.594603923450077287e+00
1.341118969561277368e+02 0.000000000000000000e+00 1.601211418519110863e+00
1.341816941201556688e+02 0.000000000000000000e+00 1.615787088864012011e+00
1.341976358014819652e+02 0.000000000000000000e+00 1.609876592568900255e+00
1.329735913428221181e+02 0.000000000000000000e+00 1.484411482488405598e+00
1.285564688949304468e+02 0.000000000000000000e+00 9.277373527373526940e-01
1.254766058958366699e+02 0.000000000000000000e+00 5.623847220001065850e-01
1.240266365477903889e+02 0.000000000000000000e+00 4.694320059704675252e-01
1.235260954741723936e+02 0.000000000000000000e+00 4.468441814595660588e-01
1.234571499013806744e+02 0.000000000000000000e+00 4.481848712617943487e-01
1.238003425022655790e+02 0.000000000000000000e+00 4.836864971480356323e-01
1.245688349592195721e+02 0.000000000000000000e+00 5.717002505464043871e-01
1.254013886667732862e+02 0.000000000000000000e+00 6.404139346447038639e-01
1.260725518417826123e+02 0.000000000000000000e+00 7.069300069300069600e-01
1.263291020310251014e+02 0.000000000000000000e+00 7.401114131883362868e-01
1.260480476038168405e+02 0.000000000000000000e+00 6.723172877019031324e-01
1.247479276613891983e+02 0.000000000000000000e+00 5.568353856815395631e-01
1.235493749666826631e+02 0.000000000000000000e+00 4.939189189189189255e-01
1.228978570286262624e+02 0.000000000000000000e+00 4.543858947705101681e-01
1.225844208113438896e+02 0.000000000000000000e+00 4.452302894610586925e-01
1.225280811876965714e+02 0.000000000000000000e+00 4.347873020949943879e-01
1.225907551042166403e+02 0.000000000000000000e+00 4.160136467828775553e-01
1.227234314195852676e+02 0.000000000000000000e+00 3.994669225438456373e-01
1.230183205394743879e+02 0.000000000000000000e+00 4.097233328002558572e-01
1.234363852017698235e+02 0.000000000000000000e+00 4.274161735700197084e-01
1.238501932405778518e+02 0.000000000000000000e+00 4.832373793912255189e-01
1.242911029372567810e+02 0.000000000000000000e+00 5.216162908470600712e-01
1.250431779412548678e+02 0.000000000000000000e+00 6.091782611013379922e-01
1.263849019137480667e+02 0.000000000000000000e+00 7.428194466656005135e-01
1.285252505464043793e+02 0.000000000000000000e+00 9.997907670984593764e-01
1.316906045098352820e+02 0.000000000000000000e+00 1.403283757129911047e+00
1.342175529079375167e+02 0.000000000000000000e+00 1.722226664534356910e+00
1.349936963590809853e+02 0.000000000000000000e+00 1.809831280985127133e+00
1.350136960925422329e+02 0.000000000000000000e+00 1.784124953355722631e+00
1.337746548323471529e+02 0.000000000000000000e+00 1.529046057892211818e+00
1.312200730316114914e+02 0.000000000000000000e+00 1.155830534676688615e+00
1.285381190361959511e+02 0.000000000000000000e+00 8.317394317394317671e-01
1.244433498587344786e+02 0.000000000000000000e+00 5.043379177994562479e-01
1.211258715816408085e+02 0.000000000000000000e+00 3.281878031878031621e-01
1.192292552907937591e+02 0.000000000000000000e+00 2.088517511594434606e-01
1.184347686443840360e+02 0.000000000000000000e+00 1.785343035343035234e-01
1.182592808785116461e+02 0.000000000000000000e+00 1.751999040460578971e-01
1.183789247827709374e+02 0.000000000000000000e+00 1.844008209392824782e-01
1.188396622954315234e+02 0.000000000000000000e+00 2.147435897435897301e-01
1.190114758249373637e+02 0.000000000000000000e+00 2.312863159017005121e-01
1.192555306786075988e+02 0.000000000000000000e+00 2.508515912362065947e-01
1.194741657337811205e+02 0.000000000000000000e+00 2.697278639586331850e-01
1.194382789594328074e+02 0.000000000000000000e+00 2.768750999520230294e-01
1.187493189935497639e+02 0.000000000000000000e+00 2.321752225598379404e-01
1.184367170424862792e+02 0.000000000000000000e+00 2.210952076336691607e-01
1.180704168665707101e+02 0.000000000000000000e+00 1.921610960072498431e-01
1.179504864331787388e+02 0.000000000000000000e+00 1.923383442614211847e-01
1.181027226931073102e+02 0.000000000000000000e+00 1.956780745242283626e-01
1.185773961831654191e+02 0.000000000000000000e+00 2.255583986353217052e-01
1.194213910656218331e+02 0.000000000000000000e+00 2.824990671144517185e-01
1.210748947172024117e+02 0.000000000000000000e+00 4.039314462391385696e-01
1.228952036355882456e+02 0.000000000000000000e+00 5.344594594594594961e-01
1.241107175222559817e+02 0.000000000000000000e+00 6.281091742630203756e-01
1.247303134495442123e+02 0.000000000000000000e+00 6.501399328322404747e-01
1.250412641931872741e+02 0.000000000000000000e+00 6.615931019777173683e-01
1.252856842049149719e+02 0.000000000000000000e+00 6.823284823284823108e-01
1.254370928620928680e+02 0.000000000000000000e+00 7.102257583026814203e-01
1.254808225385148432e+02 0.000000000000000000e+00 7.220640759102298079e-01
1.253889106562183429e+02 0.000000000000000000e+00 7.085065835065834650e-01
1.254905778559624707e+02 0.000000000000000000e+00 7.054507169891784946e-01
1.258204195319579952e+02 0.000000000000000000e+00 7.190761767684844541e-01
1.264182952182952135e+02 0.000000000000000000e+00 7.724798763260302126e-01
1.269887760541606667e+02 0.000000000000000000e+00 8.378231782077936174e-01
1.272007902873287435e+02 0.000000000000000000e+00 8.744909110293725973e-01
1.261595913961298550e+02 0.000000000000000000e+00 7.763926648542033293e-01
1.234405192174423007e+02 0.000000000000000000e+00 5.811610426995041934e-01
1.213725278532970862e+02 0.000000000000000000e+00 4.590703129164667717e-01
1.199570859320859313e+02 0.000000000000000000e+00 3.458046804200650137e-01
1.189584572738418871e+02 0.000000000000000000e+00 2.797723759262220611e-01
1.178476344687883142e+02 0.000000000000000000e+00 2.314195852657391084e-01
1.165800589050589053e+02 0.000000000000000000e+00 1.648582013966629345e-01
1.157456687456687519e+02 0.000000000000000000e+00 1.263993283224052466e-01
1.152030745242283700e+02 0.000000000000000000e+00 1.151114131883362590e-01
1.148232941521403063e+02 0.000000000000000000e+00 1.067594221440375246e-01
1.145831374273682002e+02 0.000000000000000000e+00 1.005837198144890476e-01
1.142813876006183733e+02 0.000000000000000000e+00 9.882189882189881813e-02
1.139919611919611953e+02 0.000000000000000000e+00 9.024468255237486081e-02
1.137820086358547940e+02 0.000000000000000000e+00 8.276027506796737598e-02
1.136268337864491684e+02 0.000000000000000000e+00 8.445945945945945721e-02
1.135437816514739637e+02 0.000000000000000000e+00 8.626259395490164239e-02
1.135030985127138905e+02 0.000000000000000000e+00 8.836025374486912443e-02
1.136510381683458633e+02 0.000000000000000000e+00 9.284076976384668389e-02
1.141648542033157412e+02 0.000000000000000000e+00 1.090849725465110054e-01
1.146609214243829626e+02 0.000000000000000000e+00 1.227477477477477430e-01
1.152036942267711481e+02 0.000000000000000000e+00 1.387040887040887072e-01
1.155447052081667465e+02 0.000000000000000000e+00 1.638773388773388795e-01
1.156604003411695771e+02 0.000000000000000000e+00 1.772295964603656793e-01
1.157867010501625913e+02 0.000000000000000000e+00 1.849245695399541478e-01
1.157466042966043034e+02 0.000000000000000000e+00 1.791300175915560566e-01
1.155189269150807547e+02 0.000000000000000000e+00 1.708473266165573823e-01
1.151563476198091536e+02 0.000000000000000000e+00 1.537315421930806614e-01
1.149328628924782834e+02 0.000000000000000000e+00 1.509115624500239894e-01
1.147542086465163322e+02 0.000000000000000000e+00 1.454155338770723449e-01
1.139849952023028976e+02 0.000000000000000000e+00 1.246161842315688523e-01
1.129525294525294470e+02 0.000000000000000000e+00 1.019857135241750562e-01
1.121539394424009828e+02 0.000000000000000000e+00 8.199264353110506665e-02
1.103973612665920427e+02 0.000000000000000000e+00 5.932219201449970974e-02
1.069662935124473648e+02 0.000000000000000000e+00 3.286422517191747716e-02
1.028716416120262238e+02 0.000000000000000000e+00 4.743056666133589096e-03
9.942197212004904827e+01 0.000000000000000000e+00 3.091849245695399602e-04
9.819165200703662322e+01 0.000000000000000000e+00 8.156085079162002024e-04
9.801471160509622393e+01 0.000000000000000000e+00 6.063756063756063370e-04
9.821542459619382726e+01 0.000000000000000000e+00 2.146969454661762540e-03
9.933036542459619511e+01 0.000000000000000000e+00 6.531531531531531605e-03
9.960573191534730597e+01 0.000000000000000000e+00 8.233381310304387773e-03
1.000683485260408361e+02 0.000000000000000000e+00 9.452795991257529132e-03
1.006366810597579757e+02 0.000000000000000000e+00 1.589237166160243145e-02
1.006678287755210874e+02 0.000000000000000000e+00 1.542726158110773425e-02
9.999928301082147186e+01 0.000000000000000000e+00 1.281518204595127712e-02
9.920765765765766275e+01 0.000000000000000000e+00 1.255530678607601723e-02
9.899643371181832663e+01 0.000000000000000000e+00 1.310171117863425522e-02
9.898618663041739296e+01 0.000000000000000000e+00 1.214217175755637375e-02
9.916416919878457747e+01 0.000000000000000000e+00 1.210485633562556618e-02
9.951620155658616795e+01 0.000000000000000000e+00 1.391198891198891160e-02
1.001371848179540507e+02 0.000000000000000000e+00 1.646542992696838764e-02
1.012667759475451845e+02 0.000000000000000000e+00 2.137773868543099351e-02
1.023687416706647468e+02 0.000000000000000000e+00 3.160882776267391614e-02
1.032948957833573189e+02 2.665387280771895990e-06 4.076576576576576572e-02
1.039048216855909175e+02 0.000000000000000000e+00 4.231169038861346682e-02
1.043277720027720079e+02 0.000000000000000000e+00 3.930913161682392243e-02
1.045056079748387390e+02 0.000000000000000000e+00 4.385494962418039211e-02
1.047474039127885277e+02 0.000000000000000000e+00 4.596193826963057560e-02
1.050746028572951616e+02 0.000000000000000000e+00 5.302654725731648783e-02
1.054397342608881019e+02 0.000000000000000000e+00 6.338290953675569661e-02
1.057671051228743551e+02 0.000000000000000000e+00 6.312170158324004188e-02
1.060644890452582700e+02 0.000000000000000000e+00 8.212324750786288707e-02
1.064283837091529392e+02 0.000000000000000000e+00 9.657897542512927647e-02
1.070350964870195583e+02 0.000000000000000000e+00 1.265392611546457824e-01
1.076367277040353940e+02 1.332693640385947995e-06 1.510448318140625856e-01
1.080279465856388867e+02 2.665387280771895990e-06 1.608934378165147450e-01
1.079012287435364357e+02 0.000000000000000000e+00 1.556666133589210410e-01
1.057951796471027279e+02 0.000000000000000000e+00 7.250653019883789019e-02
1.036792766138920001e+02 0.000000000000000000e+00 2.740284663361586270e-02
1.025226931073084984e+02 0.000000000000000000e+00 2.453755530678607480e-02
1.022096780212164759e+02 0.000000000000000000e+00 2.548643317874087211e-02
1.022181326296710893e+02 0.000000000000000000e+00 2.680979796364411916e-02
1.024076963057732286e+02 0.000000000000000000e+00 2.736686390532544477e-02
1.025874753451676469e+02 0.000000000000000000e+00 2.883415960339037395e-02
1.029199544218774918e+02 0.000000000000000000e+00 3.404365904365904555e-02
1.033921077882616402e+02 0.000000000000000000e+00 4.038728077189615573e-02
1.038489058585212490e+02 0.000000000000000000e+00 4.394957087264779461e-02
1.037529505837198087e+02 0.000000000000000000e+00 4.611919611919611944e-02
1.031034276880430696e+02 0.000000000000000000e+00 4.247161362545977953e-02
1.025277720027719965e+02 0.000000000000000000e+00 4.056719441334825926e-02
1.023208300015992336e+02 0.000000000000000000e+00 3.823764592995362172e-02
1.023261927608081407e+02 0.000000000000000000e+00 4.103496988112372706e-02
1.025010594914441100e+02 0.000000000000000000e+00 4.340316648008955835e-02
1.029573378111839617e+02 0.000000000000000000e+00 5.258409296870835553e-02
1.037118036675728945e+02 0.000000000000000000e+00 6.503944773175542038e-02
1.044531798070259612e+02 0.000000000000000000e+00 7.271043232581693438e-02
1.051520203635588189e+02 0.000000000000000000e+00 8.025481102404179168e-02
1.056454981608827808e+02 0.000000000000000000e+00 8.181939335785490264e-02
1.060848206194360017e+02 1.332693640385947995e-06 7.810384348845887670e-02
1.064306932672317316e+02 3.998080921157844196e-06 8.393038008422623597e-02
1.066922450557065929e+02 0.000000000000000000e+00 9.646702915933684508e-02
1.069952236259928497e+02 0.000000000000000000e+00 1.079441867903406377e-01
1.073309691348152910e+02 1.332693640385947995e-06 1.181193027346873481e-01
1.075832613678767586e+02 2.265579188656111824e-05 1.276693853616930607e-01
1.080201663201663251e+02 2.665387280771895990e-06 1.427914600991524174e-01
1.083966242870089047e+02 7.996161842315688392e-06 1.600711658403966009e-01
1.085496748227517401e+02 1.999040460578922098e-05 1.674342982035289806e-01
1.085187176821792150e+02 2.798656644810490937e-05 1.788688096380404158e-01
1.081575657017964716e+02 6.263660109813955343e-05 1.797217335678874262e-01
1.066262167492936754e+02 0.000000000000000000e+00 1.308705154859000908e-01
1.043799029799029796e+02 5.330774561543791979e-06 9.797030758569219566e-02
1.017619342715496629e+02 0.000000000000000000e+00 4.713604136681059931e-02
1.001069100165254042e+02 0.000000000000000000e+00 2.706167706167706202e-02
9.943359987206140715e+01 0.000000000000000000e+00 1.789274481582173865e-02
9.928238845354229625e+01 0.000000000000000000e+00 1.919611919611919487e-02
9.966086411855643235e+01 0.000000000000000000e+00 2.278906125059971047e-02
1.000385894770510191e+02 0.000000000000000000e+00 2.665387280771896322e-02
1.005355855855855793e+02 0.000000000000000000e+00 3.232581694120155447e-02
1.013905178847486610e+02 7.996161842315688392e-06 4.104030065568527175e-02
1.020648275494429384e+02 0.000000000000000000e+00 4.575003998080921092e-02
1.023965403273095518e+02 0.000000000000000000e+00 5.053840823071592547e-02
1.024099378964763645e+02 0.000000000000000000e+00 4.382962844501306354e-02
1.021592662188815979e+02 0.000000000000000000e+00 3.825230555999786786e-02
1.016471040567194422e+02 0.000000000000000000e+00 2.905138866677328333e-02
1.013063369582600330e+02 0.000000000000000000e+00 2.245588784050322681e-02
1.011553667572898405e+02 0.000000000000000000e+00 2.389519697212004815e-02
1.011828162482008651e+02 0.000000000000000000e+00 2.666053627592089234e-02
1.014011434511434544e+02 0.000000000000000000e+00 2.939655631963324425e-02
1.018563129697745069e+02 0.000000000000000000e+00 3.607868223252838624e-02
1.022810690868383148e+02 0.000000000000000000e+00 4.266885228423689808e-02
1.026938895996588315e+02 0.000000000000000000e+00 4.252492137107521941e-02
1.028702302894610625e+02 1.332693640385947995e-06 5.288661442507596594e-02
1.030521589636974227e+02 0.000000000000000000e+00 5.978730209499440174e-02
1.033997414574337625e+02 0.000000000000000000e+00 7.135641558718482103e-02
1.038385868116637312e+02 0.000000000000000000e+00 8.044138813369582086e-02
1.042328229116690608e+02 0.000000000000000000e+00 8.647982301828455176e-02
1.047889626312703228e+02 0.000000000000000000e+00 9.964683618529772413e-02
1.051176142118449803e+02 0.000000000000000000e+00 1.040140732448424782e-01
1.056343461805000317e+02 0.000000000000000000e+00 1.125819606588837340e-01
1.063248693960232458e+02 0.000000000000000000e+00 1.275121275121275100e-01
1.080589423743269890e+02 0.000000000000000000e+00 1.672037422037422061e-01
1.103031598166213598e+02 0.000000000000000000e+00 2.304560477637400684e-01
1.107130537342075769e+02 0.000000000000000000e+00 2.300042646196492346e-01
1.089596060557599060e+02 0.000000000000000000e+00 1.483621195159656736e-01
1.068959059651367340e+02 0.000000000000000000e+00 8.855615971000586895e-02
1.058862519324057843e+02 0.000000000000000000e+00 5.903166480089556967e-02
1.056012354070046371e+02 0.000000000000000000e+00 4.979476517938056374e-02
1.062921850844927718e+02 0.000000000000000000e+00 4.434804627112319542e-02
1.077479036729036750e+02 0.000000000000000000e+00 6.919212111519804087e-02
1.087544392025161244e+02 0.000000000000000000e+00 9.602190948344795085e-02
1.093846833519910433e+02 0.000000000000000000e+00 9.871928141158910208e-02
1.100344208113438924e+02 0.000000000000000000e+00 1.264726264726264704e-01
1.104439055919825137e+02 0.000000000000000000e+00 1.319246761554453973e-01
1.105426555253478398e+02 0.000000000000000000e+00 1.348352790660483080e-01
1.104658843754997548e+02 0.000000000000000000e+00 1.330974465589850331e-01
1.102840170051708526e+02 0.000000000000000000e+00 1.276533930380084336e-01
1.102478130497361235e+02 0.000000000000000000e+00 1.318753664907511003e-01
1.105205061570446219e+02 0.000000000000000000e+00 1.349352310890772344e-01
1.112062769870462233e+02 0.000000000000000000e+00 1.524441601364678323e-01
1.122265139399754759e+02 0.000000000000000000e+00 1.831254331254331125e-01
1.133580321445706005e+02 0.000000000000000000e+00 2.377871954795031662e-01
1.145685590916360184e+02 2.665387280771895990e-06 2.937709899248360790e-01
1.158517711498480764e+02 3.998080921157844196e-06 3.789834212911136202e-01
1.173197251985713478e+02 0.000000000000000000e+00 4.612012900474438681e-01
1.187601644543952233e+02 0.000000000000000000e+00 5.472399914707607449e-01
1.201343715016791975e+02 0.000000000000000000e+00 6.804493842955381400e-01
1.210638919985073869e+02 0.000000000000000000e+00 7.248094248094247849e-01
1.214771629617783475e+02 0.000000000000000000e+00 7.576496614958153630e-01
1.217662282104589764e+02 0.000000000000000000e+00 7.767498267498267328e-01
1.225823338131030482e+02 0.000000000000000000e+00 8.596686923610000752e-01
1.228263886667732834e+02 0.000000000000000000e+00 8.578975425129271581e-01
1.227853616930539999e+02 0.000000000000000000e+00 8.691054960285728992e-01
1.226190388613465529e+02 0.000000000000000000e+00 8.832067274374966193e-01
1.232927781331627415e+02 0.000000000000000000e+00 1.016465429926968422e+00
1.240878365051441961e+02 0.000000000000000000e+00 1.124397622474545555e+00
1.245742270376885728e+02 0.000000000000000000e+00 1.165776427314888952e+00
1.247103963430886466e+02 0.000000000000000000e+00 1.171519004211311943e+00
1.233282770936617112e+02 0.000000000000000000e+00 1.012916466762620704e+00
1.202551841782611035e+02 0.000000000000000000e+00 7.324617516925209237e-01
1.177900287861826314e+02 0.000000000000000000e+00 5.551935071165839952e-01
1.162436150647689175e+02 0.000000000000000000e+00 4.468788314942160889e-01
1.155129311263926581e+02 0.000000000000000000e+00 3.875353163814702073e-01
1.152590223359454171e+02 0.000000000000000000e+00 3.661775681006450012e-01
1.151529932299163050e+02 0.000000000000000000e+00 3.575017325017325054e-01
1.150227424169731876e+02 0.000000000000000000e+00 3.534676688522842558e-01
1.149493496455034887e+02 7.996161842315688392e-06 3.495268937576629931e-01
1.149167786129324611e+02 1.066154912308758396e-05 3.619316061623754077e-01
1.148693853616930483e+02 0.000000000000000000e+00 3.693267231728770139e-01
1.147564449064449121e+02 0.000000000000000000e+00 3.748280825203902378e-01
1.145328682232528337e+02 0.000000000000000000e+00 3.802734687350071696e-01
1.143237845833999700e+02 0.000000000000000000e+00 3.802454821685590791e-01
1.140753185137800472e+02 0.000000000000000000e+00 3.831334292872754510e-01
1.137801468628391746e+02 0.000000000000000000e+00 3.766725305186843786e-01
1.135558891731968600e+02 0.000000000000000000e+00 3.592902073671304652e-01
1.131884028999413658e+02 0.000000000000000000e+00 3.132389786235940110e-01
1.130540114078575584e+02 0.000000000000000000e+00 3.051615224692147965e-01
1.130766352150967577e+02 0.000000000000000000e+00 3.088584146276454057e-01
1.133037328748867196e+02 0.000000000000000000e+00 3.390439255823871068e-01
1.138137840503225107e+02 0.000000000000000000e+00 3.904126019510634760e-01
1.145589183858414657e+02 0.000000000000000000e+00 4.398981822058745106e-01
1.153524534889919551e+02 0.000000000000000000e+00 5.010714856868703215e-01
1.160696692254384601e+02 0.000000000000000000e+00 5.461671730902499799e-01
1.165802854629777698e+02 0.000000000000000000e+00 5.674769444000212770e-01
1.169145703395703464e+02 2.665387280771895990e-06 5.756370275601044861e-01
1.171685897435897488e+02 0.000000000000000000e+00 5.885574924036462985e-01
1.174430406738099038e+02 0.000000000000000000e+00 5.949410949410949279e-01
1.175181392931392992e+02 0.000000000000000000e+00 6.017111786342556057e-01
1.175883509248893830e+02 0.000000000000000000e+00 6.144717202409509804e-01
1.176648848552694773e+02 0.000000000000000000e+00 6.324364305133536313e-01
1.176628031878031919e+02 0.000000000000000000e+00 6.542259715336637971e-01
1.178425115944346686e+02 0.000000000000000000e+00 6.874833413294951789e-01
1.181161802334879241e+02 3.998080921157844196e-06 7.310744176128791683e-01
1.183535209765979062e+02 0.000000000000000000e+00 7.659296870835332616e-01
1.182553840823071596e+02 0.000000000000000000e+00 7.697491870568793360e-01
1.169864305133535964e+02 1.332693640385947995e-06 6.869102830641292678e-01
1.144758236046697562e+02 0.000000000000000000e+00 5.064928834159603266e-01
1.125402740018124632e+02 0.000000000000000000e+00 3.713364251825790330e-01
1.114382549709472841e+02 0.000000000000000000e+00 3.270336904952289570e-01
1.110487819180126934e+02 0.000000000000000000e+00 3.142584892584892597e-01
1.109925675675675620e+02 0.000000000000000000e+00 3.153699557545711629e-01
1.111028746201823054e+02 0.000000000000000000e+00 3.336611759688682954e-01
1.112071099205714546e+02 0.000000000000000000e+00 3.519817154432539064e-01
1.113032957513726728e+02 0.000000000000000000e+00 3.683951703182472559e-01
1.116704368569753143e+02 0.000000000000000000e+00 4.046031238338930747e-01
1.126908683831760811e+02 0.000000000000000000e+00 5.041886561117330245e-01
1.128979436537128862e+02 3.998080921157844196e-06 5.365957673649981441e-01
1.128953182472413204e+02 0.000000000000000000e+00 5.368423156884695180e-01
1.130036795671411056e+02 0.000000000000000000e+00 5.510115144730529657e-01
1.136098685964070540e+02 0.000000000000000000e+00 5.968561757023295167e-01
1.146596233807772336e+02 0.000000000000000000e+00 6.587078202462818277e-01
1.149832347140039417e+02 7.996161842315688392e-06 6.745588784050322584e-01
1.154720227624073772e+02 0.000000000000000000e+00 7.072964976811130233e-01
1.161694413348259474e+02 0.000000000000000000e+00 7.803241110933418767e-01
1.167325763633456006e+02 0.000000000000000000e+00 8.303147822378591503e-01
1.173017964710272452e+02 0.000000000000000000e+00 8.775454448531371243e-01
1.179398355456047796e+02 0.000000000000000000e+00 9.366997174689482009e-01
1.187928607601684519e+02 0.000000000000000000e+00 9.784876592568900744e-01
1.195807985500293142e+02 0.000000000000000000e+00 1.003776853776853883e+00
1.202350804946958789e+02 0.000000000000000000e+00 1.052063009755317413e+00
1.206968788314942174e+02 0.000000000000000000e+00 1.102354869662562020e+00
1.211285516285516337e+02 0.000000000000000000e+00 1.140555200170584760e+00
1.216150594381363561e+02 0.000000000000000000e+00 1.177124313662775146e+00
1.221371515006130437e+02 0.000000000000000000e+00 1.252164294471986850e+00
1.227134615384615444e+02 0.000000000000000000e+00 1.314774241697318713e+00
1.232853736872967687e+02 0.000000000000000000e+00 1.399075110613572148e+00
1.238127725358494615e+02 0.000000000000000000e+00 1.459091636014713034e+00
1.243270190308651877e+02 0.000000000000000000e+00 1.482059278213124331e+00
1.248285449650834238e+02 2.665387280771895990e-06 1.506179700410469557e+00
1.252819166799935999e+02 2.665387280771895990e-06 1.539883522575830277e+00
1.255764446399061853e+02 1.599232368463137678e-05 1.551713844021536337e+00
1.257338357588357525e+02 0.000000000000000000e+00 1.560408337331414153e+00
1.259731049096433679e+02 0.000000000000000000e+00 1.624966682658990358e+00
1.256222000106615440e+02 0.000000000000000000e+00 1.637339410416333463e+00
1.233969281411589094e+02 0.000000000000000000e+00 1.403282424436270492e+00
1.210912561970254302e+02 0.000000000000000000e+00 1.123407431099738840e+00
1.195210725518417831e+02 0.000000000000000000e+00 9.757489738258968703e-01
1.188503598272829009e+02 0.000000000000000000e+00 9.312103523641984681e-01
1.187535502958579912e+02 0.000000000000000000e+00 9.218161948931179461e-01
1.189844328055866498e+02 0.000000000000000000e+00 9.312343408497254504e-01
1.196649488245642061e+02 0.000000000000000000e+00 9.919265419265419492e-01
1.202537888480196102e+02 0.000000000000000000e+00 1.062279439202516107e+00
1.210349032464417149e+02 0.000000000000000000e+00 1.127521456367610142e+00
1.216057359134282194e+02 0.000000000000000000e+00 1.178662242123780679e+00
1.218476717842102488e+02 0.000000000000000000e+00 1.194519963750732883e+00
1.216349205714590340e+02 0.000000000000000000e+00 1.161295911295911365e+00
1.210402513460205824e+02 0.000000000000000000e+00 1.093880270803347710e+00
1.205247174689482392e+02 0.000000000000000000e+00 1.045510155125539686e+00
1.203541779945626047e+02 0.000000000000000000e+00 1.034610053840823163e+00
1.203360227090996375e+02 0.000000000000000000e+00 1.028576949730795942e+00
1.206434897915667079e+02 0.000000000000000000e+00 1.057128578282424458e+00
1.212093728343728287e+02 0.000000000000000000e+00 1.108963697425235928e+00
1.217060331041100341e+02 0.000000000000000000e+00 1.173695292926062228e+00
1.220820526147449243e+02 0.000000000000000000e+00 1.211630417399648163e+00
1.226149275014659565e+02 0.000000000000000000e+00 1.248700623700623735e+00
1.233170531478223779e+02 0.000000000000000000e+00 1.325203902126979028e+00
1.242571605629297977e+02 1.332693640385947995e-06 1.436314569006876596e+00
1.252704768377845284e+02 3.998080921157844196e-06 1.571505677274908086e+00
1.260797430566661319e+02 1.332693640385948122e-05 1.697274641505410742e+00
1.265658324004477890e+02 0.000000000000000000e+00 1.755942480942480843e+00
1.268311250599712139e+02 0.000000000000000000e+00 1.768809638040407251e+00
1.269323178207793603e+02 0.000000000000000000e+00 1.781803401034170342e+00
1.270610773495388912e+02 1.199424276347353259e-05 1.816389466389466412e+00
1.272555693267231760e+02 5.330774561543791979e-06 1.851600565062103465e+00
1.275244242763473466e+02 7.996161842315688392e-06 1.917954048723279570e+00
1.278313169678554289e+02 0.000000000000000000e+00 1.949924036462497901e+00
1.282259422144037444e+02 6.663468201929740609e-06 1.992852764006610267e+00
1.287257782930859946e+02 0.000000000000000000e+00 2.059339517031824940e+00
1.292333853083852944e+02 6.663468201929740609e-06 2.131840716456101070e+00
1.297101457966842588e+02 1.465963004424542815e-05 2.167819446665600669e+00
1.304024015139399637e+02 1.332693640385947995e-06 2.212226131456900724e+00
1.301638280292126524e+02 0.000000000000000000e+00 2.165653819499973487e+00
1.276689682285836085e+02 0.000000000000000000e+00 1.885273735273735207e+00
1.246437136840983015e+02 0.000000000000000000e+00 1.539707607015299295e+00
1.226006343621728263e+02 0.000000000000000000e+00 1.316695985926755075e+00
1.215952249586865008e+02 0.000000000000000000e+00 1.202298896529665706e+00
1.209587038221653614e+02 2.665387280771895990e-06 1.127142971373740643e+00
1.204522988965296690e+02 2.665387280771895990e-06 1.096517671517671433e+00
1.202753838157684356e+02 0.000000000000000000e+00 1.094178794178794156e+00
1.208938336265259323e+02 1.332693640385948122e-05 1.148632656324964030e+00
1.224452676048829858e+02 1.332693640385948122e-05 1.296562983101444688e+00
1.239104882989498435e+02 5.730582653659576568e-05 1.464944826483288054e+00
1.247904552481475520e+02 8.262700570392877779e-05 1.542436963590809729e+00
1.248976931073084984e+02 1.439309131616824046e-04 1.522471880164187885e+00
1.244482075270536825e+02 3.998080921157844196e-05 1.462928461005384095e+00
1.238551375339836937e+02 1.066154912308758396e-05 1.396694919771842791e+00
1.237381310304387227e+02 3.998080921157844196e-06 1.376219414680953212e+00
1.238148355456047796e+02 3.465003465003464744e-05 1.410387014233168035e+00
1.243074310997387926e+02 5.064235833466602422e-05 1.479533823764592970e+00
1.247980409403486277e+02 3.864811557119249502e-05 1.551452636068020752e+00
1.252788381576843051e+02 1.465963004424542815e-05 1.607155232155232261e+00
1.258877911935604175e+02 1.732501732501732372e-05 1.667748813902660165e+00
1.265979356575510479e+02 1.226078149155072265e-04 1.724350978197132012e+00
1.271079761714377128e+02 2.825310517618209944e-04 1.751074151074150986e+00
1.273146383069459944e+02 2.518790980329441674e-04 1.749518897595820688e+00
1.273419625246548321e+02 2.345540807079268505e-04 1.733519910442987255e+00
1.274093968228583549e+02 5.104216642678181034e-04 1.726046164507702985e+00
1.277077336211951604e+02 9.208913055066901120e-04 1.777344208113438961e+00
1.281729476517938053e+02 1.336691721307105936e-03 1.853944773175542515e+00
1.287682752278906264e+02 2.925262540647156038e-03 1.921992110453648817e+00
1.292939455727917277e+02 3.808838424223039663e-03 1.981143717682179117e+00
1.296578175808945161e+02 5.597313289620982173e-03 2.024914707607015085e+00
1.301938629457860088e+02 4.960285729516498467e-03 2.077977237592622206e+00
1.309158257369795706e+02 4.464523695292926288e-03 2.199578868809637822e+00
1.319280705261474509e+02 4.965616504078042281e-03 2.349449597526520606e+00
1.332755917159763328e+02 1.052428167812783158e-02 2.518100645023721995e+00
1.348684698011621208e+02 7.769603923450077616e-03 2.769997068073990931e+00
1.355609001012847159e+02 2.037155498693960301e-02 2.848530038914654394e+00
1.351334186257263070e+02 1.944000213230982418e-02 2.786575776960392492e+00
1.322000826270057132e+02 8.383975691667999025e-03 2.390508555893171128e+00
1.305391172237326032e+02 1.972386587771203254e-03 2.173110240417932548e+00
1.304335838797377392e+02 1.611226611226611316e-03 2.173272829042059762e+00
1.308495069033530456e+02 1.707180553334399550e-03 2.269927768004690982e+00
1.319534503438349589e+02 2.534783304014073119e-03 2.473095580787888270e+00
1.327156818060664136e+02 2.922597153366384131e-03 2.607738951969721164e+00
1.330627538781384942e+02 4.712404712404712377e-03 2.708694493309877771e+00
1.333150647689109292e+02 6.907351138120369251e-03 2.766927874620182415e+00
1.337741843914920707e+02 6.245002398848552641e-03 2.764894184124953469e+00
1.336655098885868256e+02 5.497361266592035861e-03 2.721857508395969738e+00
1.316303001226078209e+02 3.401034170264939562e-03 2.409784636707713812e+00
1.284583946372407866e+02 2.500133269364038756e-03 1.982453755530678707e+00
1.263197984967215746e+02 1.500613039074577592e-03 1.722537182152566793e+00
1.255229316594701174e+02 5.690601844447998499e-04 1.644651900421131296e+00
1.252768724345647371e+02 6.276987046217815964e-04 1.634980542672850312e+00
1.252947172024095153e+02 4.237965776427314916e-04 1.668653712884482054e+00
1.255652873287488660e+02 5.757236526467296184e-04 1.714409083639852893e+00
1.259177248254171388e+02 1.060824137747214601e-03 1.782994829148675242e+00
1.261750039980809248e+02 2.069673223519377225e-03 1.826835119142811381e+00
1.263333173410096464e+02 3.523641985180446870e-03 1.854236633082786856e+00
1.262194453329068722e+02 4.820352897275973977e-03 1.848079588464203837e+00
1.257376139453062507e+02 8.919718535103151116e-03 1.823092915400607694e+00
1.252206087744549308e+02 1.277386854309931277e-02 1.764727597419905036e+00
1.236032477744016234e+02 3.079588464203848741e-02 1.580222826376672440e+00
1.214420944613252260e+02 4.897382589690282145e-02 1.369955754571139162e+00
1.198855082893544477e+02 7.310091156245002164e-02 1.242029159336851540e+00
1.191105496028572901e+02 9.440535209765979485e-02 1.179023402100325191e+00
1.188871395063702749e+02 1.059318193933578567e-01 1.149404285942747572e+00
1.190489831547523920e+02 1.254597793059331612e-01 1.150101284716669392e+00
1.193768897595820704e+02 1.422610480302788083e-01 1.154308598539367736e+00
1.196790473905858505e+02 1.515899035129804340e-01 1.182900207900208001e+00
1.199176168772322626e+02 1.559331520869982335e-01 1.201700517085132480e+00
1.199527799989338490e+02 1.663388240311317323e-01 1.195332906871368506e+00
1.185827309558078753e+02 1.656831387600618266e-01 1.076979050055973053e+00
1.139936217282371160e+02 1.347819713204328473e-01 7.456847379924302910e-01
1.099131523535369723e+02 8.500319846473693153e-02 5.125099952023028926e-01
1.072867716829255329e+02 4.510901433978357217e-02 3.669998400767631730e-01
1.060542486273255491e+02 2.629671091209552850e-02 3.056626152779998717e-01
1.053821618956234403e+02 2.209472786395863184e-02 2.840903033210725459e-01
1.051237166160243106e+02 2.080867850098619409e-02 2.742936723705954316e-01
1.050631150381150434e+02 2.116983847753078560e-02 2.771336425182578944e-01
1.050731942001172712e+02 2.077802654725731737e-02 2.714736926275387874e-01
1.051385321712244831e+02 1.841382802921264633e-02 2.757982834905911562e-01
1.052204595127672064e+02 2.317687509995202191e-02 2.819420011727704067e-01
1.051334586065355268e+02 2.473212857828242447e-02 2.873594008209393036e-01
1.049074644170798081e+02 2.295564795564795577e-02 2.878938109707340209e-01
1.048050948877871917e+02 2.212138173676635178e-02 3.013486859640706061e-01
1.056940002132309786e+02 1.732501732501732367e-02 3.292979369902446773e-01
1.086312543312543255e+02 4.993603070526147526e-03 4.456114398422090783e-01
1.113195372887680605e+02 3.835492297030758738e-03 5.958659843275228019e-01
1.130182232528386379e+02 5.372088064395756646e-03 6.813969294738525528e-01
1.138511167972706488e+02 9.663361586438509385e-03 7.372061410522948721e-01
1.144112132842902128e+02 1.176102137640599142e-02 7.861026707180552853e-01
1.150374940028786170e+02 1.409056985980062897e-02 8.249360307052614472e-01
1.159001012847166692e+02 1.910549602857295262e-02 8.998214190521882649e-01
1.167308918385841423e+02 2.666320166320166468e-02 9.687803187803187832e-01
1.173111506476891037e+02 3.095180979796364334e-02 1.015677807985500225e+00
1.177377565435257765e+02 3.520043712351404730e-02 1.047607814915507252e+00
1.185773681965989681e+02 3.960232421770883138e-02 1.109028999413614880e+00
1.198713137693906958e+02 3.806173036942267496e-02 1.207997494535956173e+00
1.209696532331147694e+02 4.205847859694013258e-02 1.285421664267818009e+00
1.219531051761821061e+02 4.215976331360946766e-02 1.370831334292872850e+00
1.230748973825896968e+02 4.662028892798123630e-02 1.472393251239405121e+00
1.243860840130070926e+02 4.551948398102244331e-02 1.614974145743376610e+00
1.256688029745722019e+02 4.939362439362439405e-02 1.748379444533290750e+00
1.269100791620022335e+02 6.298976491284183354e-02 1.849233701156778098e+00
1.279513926648541968e+02 7.593421824191054492e-02 1.961100005330774554e+00
1.286292659523428767e+02 8.938909323524707462e-02 2.024149741457433649e+00
1.284644410682872149e+02 9.162135508289354080e-02 1.960504291273521993e+00
1.263978210458979703e+02 6.536995575457113516e-02 1.668624393624393631e+00
1.227502625406471566e+02 4.037661922277306636e-02 1.262927128311743585e+00
1.207284076976384739e+02 2.157764273148888440e-02 1.068555093555093594e+00
1.201218828295751422e+02 1.600565062103523686e-02 1.024836078682232587e+00
1.200085065835065876e+02 1.457700303854149969e-02 1.032293832293832203e+00
1.204752158963697468e+02 1.477290900367823380e-02 1.081819393357854819e+00
1.211345274268351204e+02 1.596433711818327078e-02 1.150545071698917843e+00
1.216507596353750245e+02 1.787008902393517895e-02 1.211061357215203360e+00
1.224178700890239355e+02 2.506796737565968394e-02 1.304870995255610566e+00
1.229784436803667518e+02 3.572951649874726854e-02 1.349868063329601853e+00
1.230944293405831900e+02 4.069246761554454195e-02 1.345009062316754544e+00
1.228846047230662606e+02 4.339650301188762577e-02 1.351290047443893583e+00
1.219697971640279377e+02 4.965883042806119863e-02 1.210709526094141397e+00
1.212519617250386545e+02 4.522762407377792226e-02 1.133559891252198915e+00
1.204807732288501541e+02 3.660509622048083861e-02 1.085072498534036978e+00
1.200264433072125314e+02 3.125832933525241053e-02 1.048355456047763701e+00
1.189475358494589301e+02 3.063329601791140236e-02 9.673769923769923729e-01
1.167440855056239712e+02 4.583000159923236727e-02 8.678954102031024576e-01
1.151271349752119022e+02 6.285249746788208747e-02 7.759835279066048530e-01
1.141785756170371542e+02 8.696492350338504151e-02 7.394717202409509804e-01
1.139480662615277993e+02 1.029225971533663797e-01 7.248227517458286639e-01
1.139990511221280514e+02 1.187363398901860462e-01 7.396996108534570347e-01
1.141608334666026963e+02 1.324897382589690364e-01 7.696652273575350645e-01
1.141479383229383160e+02 1.542526254064715552e-01 7.705874513566821626e-01
1.142997601151447356e+02 1.829721733567887532e-01 7.794671890825737304e-01
1.149861453169145449e+02 2.147595820672743849e-01 8.355469374700144058e-01
1.159390266005650574e+02 2.254731062423370180e-01 9.076083479929634157e-01
1.170305253478330343e+02 2.364438402899941283e-01 9.781424916040301065e-01
1.177592275707660292e+02 2.365277999893384553e-01 1.020692734154272641e+00
1.183712471347086677e+02 2.366024308332000670e-01 1.047250653019883737e+00
1.188098819233434682e+02 2.413961298576683123e-01 1.070877978570286215e+00
1.194850738312276803e+02 2.637720560797484071e-01 1.132068607068607013e+00
1.212296750892904669e+02 2.798510048510048365e-01 1.298335465643158049e+00
1.232490951010181846e+02 2.911842315688469296e-01 1.468635055173516779e+00
1.242353656911349162e+02 2.545618103310410829e-01 1.552746681592835465e+00
1.239856562183485238e+02 1.979636441174902617e-01 1.550715656484887184e+00
1.220569739858201359e+02 1.174342982035289779e-01 1.372493203262433958e+00
1.213516165573857819e+02 8.482328482328482799e-02 1.290240684471453791e+00
1.215360533610533622e+02 7.409909909909910553e-02 1.289267818113972064e+00
1.223680153526307350e+02 8.789914174529558921e-02 1.339716935870782111e+00
1.241389772909003710e+02 1.173743269897116054e-01 1.556763420224958727e+00
1.267018551095474237e+02 1.368236579775041206e-01 1.842073138226984375e+00
1.298636547790393934e+02 1.611053361053361166e-01 2.235436323897862287e+00
1.331438629457860259e+02 2.031651473959166232e-01 2.654769710538941396e+00
1.350519590596513808e+02 1.730849192387654001e-01 2.933005490697798479e+00
1.356889346447038633e+02 1.594647902340209922e-01 3.042763473532704488e+00
1.361033024148408686e+02 1.496335092488938756e-01 3.105182845567461047e+00
1.363765805746575097e+02 1.444266751959059625e-01 3.146632283170744504e+00
1.366041420118343126e+02 1.424529559144943891e-01 3.189896849512233956e+00
1.370285049842742069e+02 1.581094408017484909e-01 3.287134175595713970e+00
1.379723559358174612e+02 1.583226717842102504e-01 3.471733567887413940e+00
1.386727024361639735e+02 1.736046697585159060e-01 3.565417932725625239e+00
1.391615677807985492e+02 1.932818913588144338e-01 3.618965563196332447e+00
1.395956274321658839e+02 2.083120102350871639e-01 3.667903406364944718e+00
1.403058758462604487e+02 2.062210139133215936e-01 3.812709899248360568e+00
1.411010328375712959e+02 2.310650887573964529e-01 3.986994242763473473e+00
1.420996015246015247e+02 2.455941148248840522e-01 4.211057359134282585e+00
1.433785569593262039e+02 2.700557065941681101e-01 4.473122234660696250e+00
1.444895543472466670e+02 3.098526040833733397e-01 4.682296497681113223e+00
1.454060890772429104e+02 3.739658297350604843e-01 4.876979050055973097e+00
1.460817660856122302e+02 4.047417239724931948e-01 5.008176075483767420e+00
1.466253105176182032e+02 4.232315155392078476e-01 5.100850258542566351e+00
1.471804587131510118e+02 4.292579561810331290e-01 5.179994935764166364e+00
1.476913041739964854e+02 4.674382962844501055e-01 5.259603390372620701e+00
1.482470320912628665e+02 5.249560211098672768e-01 5.344113492190415649e+00
1.489433085452316163e+02 5.999866730635960987e-01 5.497534516765285595e+00
1.497360626899088345e+02 6.706834052987898920e-01 5.674662828508981960e+00
1.500089703608934428e+02 6.951983048136893828e-01 5.700559731328961988e+00
1.489361573111573023e+02 6.284450130603976836e-01 5.445913961298576744e+00
1.458819380030918467e+02 4.755930486699717630e-01 4.769627911935604203e+00
1.429411549123087468e+02 3.233074790767098694e-01 4.171383069459992932e+00
1.422410562929793798e+02 2.564515699131083570e-01 4.025788954635108219e+00
1.424318727011034582e+02 2.392611546457700245e-01 4.071364411749026857e+00
1.430626845780691951e+02 2.525734314195852703e-01 4.185890772429234019e+00
1.443433671837518091e+02 2.787048883202729588e-01 4.455230822538514879e+00
1.452739711605096318e+02 3.057225864918172720e-01 4.644729196652273906e+00
1.461237792526254111e+02 3.249880057572365200e-01 4.817610213764059957e+00
1.467865051441974629e+02 3.711365211365211247e-01 4.933469268084652803e+00
1.470160509622048153e+02 3.930739911509142370e-01 4.963955967802121449e+00
1.470002145636761099e+02 3.784076976384668778e-01 4.968878938109707377e+00
1.468048136894290678e+02 3.448038274961351957e-01 4.906089077242923757e+00
1.464457620342235771e+02 3.200770296924143055e-01 4.839882189882190211e+00
1.461774135081827524e+02 3.017058478596940096e-01 4.791512074204382188e+00
1.461154619116157676e+02 3.017964710272402762e-01 4.787336745029052487e+00
1.464491070952609277e+02 2.923290154059384749e-01 4.857868223252838291e+00
1.469624593528439789e+02 2.853150487765872545e-01 4.980278799509568977e+00
1.476466775947545216e+02 2.934138280292126200e-01 5.131294312063542584e+00
1.483356055759902006e+02 3.127378858148088803e-01 5.264127885281731700e+00
1.488800402473479494e+02 3.429847006770083695e-01 5.383853083853083810e+00
1.493399968015352499e+02 4.219054853670238248e-01 5.467540913694759475e+00
1.498056466229543275e+02 4.759901913748067481e-01 5.550473106242336918e+00
1.502098566021643080e+02 5.169611919611919459e-01 5.623268830961138498e+00
1.504973266165573875e+02 5.524334985873446957e-01 5.668798976491284058e+00
1.508005104216642565e+02 6.005384082307159144e-01 5.733605202835971859e+00
1.511664854203315826e+02 6.375206567514259959e-01 5.791193560424329867e+00
1.515847033423956418e+02 6.654072711765018910e-01 5.823871208486592899e+00
1.519014659630044264e+02 7.068087318087318272e-01 5.839636974252359281e+00
1.522683618529772502e+02 7.566288181672796709e-01 5.923679300602377573e+00
1.526920944613252402e+02 8.165800415800416046e-01 6.015063436217282344e+00
1.528812476677861412e+02 8.141118929580467567e-01 6.025883575883575816e+00
1.516461591769284212e+02 6.870715389946159268e-01 5.741843914920838010e+00
1.480704035396342988e+02 4.485446985446985280e-01 4.983192067807452830e+00
1.443973172877018953e+02 2.372327949251026302e-01 4.267746148515379367e+00
1.432541006983314560e+02 1.401034170264939538e-01 4.038688096380403714e+00
1.430785702862625897e+02 1.228970094354709802e-01 4.071213817367663523e+00
1.435342262380723923e+02 1.205168185937416647e-01 4.221798869875793336e+00
1.443818100645023605e+02 1.320459512767205024e-01 4.420230289461058781e+00
1.449708806439575710e+02 1.418772322618476467e-01 4.546333759795298413e+00
1.452515472573164743e+02 1.492150434458126840e-01 4.598925848925849102e+00
1.453997094727863839e+02 1.650021323098246062e-01 4.641817261048029941e+00
1.455627125646356319e+02 1.982288501519270663e-01 4.676639213177674392e+00
1.455270390212697862e+02 1.991484087637933886e-01 4.692859427474812328e+00
1.453016871901487264e+02 1.809264886187963162e-01 4.636791673330135310e+00
1.449391052294898543e+02 1.599165733781118259e-01 4.540885708193400205e+00
1.448820925955541270e+02 1.235153792846100523e-01 4.533224052454821518e+00
1.451179833679833564e+02 1.009995202302894635e-01 4.573949837411375619e+00
1.455668132629671163e+02 1.017631536862306091e-01 4.673467402313556285e+00
1.460947265312649961e+02 1.188856015779092695e-01 4.836427847966309201e+00
1.468738951969721143e+02 1.392558238712084950e-01 4.995476837784529778e+00
1.475524548216855862e+02 1.835199104429873773e-01 5.121279119356042742e+00
1.481899115091422914e+02 2.341129591129591236e-01 5.197093395170318431e+00
1.488446692254384516e+02 2.896689588997281573e-01 5.298803241110933371e+00
1.493887494002878498e+02 3.466695985926755430e-01 5.402943920251612298e+00
1.498719947758409319e+02 3.763220320912628591e-01 5.499808092115784142e+00
1.504096566981182264e+02 4.149075110613572037e-01 5.560185777493470205e+00
1.509397222666453331e+02 4.484460792153099895e-01 5.653472999626846018e+00
1.512413761394530525e+02 4.982128578282424280e-01 5.733781118396502841e+00
1.515316701316701256e+02 5.302361533130763860e-01 5.785890772429233664e+00
1.517430540007462980e+02 5.631763420224958905e-01 5.854886987579295266e+00
1.519402220267604946e+02 6.404898981822059190e-01 5.872474545551468417e+00
1.523146622954315319e+02 7.042472946319100480e-01 5.927172290633828666e+00
1.527180273468734981e+02 7.727384188922650221e-01 6.017217069140145647e+00
1.532653592942054388e+02 8.595007729623114212e-01 6.055038914654299553e+00
1.534304520496828275e+02 8.848885868116637132e-01 6.054551148781918357e+00
1.524923116903886182e+02 8.559624713470866952e-01 5.893656378271763252e+00
1.491688962631270385e+02 6.395636761021376016e-01 5.205494695879311351e+00
1.440787955114878116e+02 3.411735700197238708e-01 4.202145636761021485e+00
1.409609827282904178e+02 1.596447038754731096e-01 3.684400820939282450e+00
1.396460059171597550e+02 1.006796737565968380e-01 3.457585692201076810e+00
1.391480436057359213e+02 7.052214936830321357e-02 3.401644543952236255e+00
1.390319806492883288e+02 5.855056239671624363e-02 3.409700677008369318e+00
1.389919918439149171e+02 4.996801535263073468e-02 3.420988592142438112e+00
1.387516178900794159e+02 4.370302254917639295e-02 3.388637454022069395e+00
1.382480902500133197e+02 3.438216322831707389e-02 3.309155605309451520e+00
1.375236006716775989e+02 5.211231942001173095e-02 3.201318034010341762e+00
1.368734194253424903e+02 6.418918918918918581e-02 3.095988592142438378e+00
1.362059438136361109e+02 6.926275387813848883e-02 2.981880697265312463e+00
1.354089970147662427e+02 6.233941041633349334e-02 2.847477210938749614e+00
1.348036835652220304e+02 5.309318193933578595e-02 2.753594274748120796e+00
1.343932832240524533e+02 5.156991310837464454e-02 2.713934644703875687e+00
1.342284769977077588e+02 5.095021056559517758e-02 2.705284130284130395e+00
1.343301135454981647e+02 5.354229969614585083e-02 2.733137427368196537e+00
1.345353656911349276e+02 6.110267071805533523e-02 2.769021536329228539e+00
1.349842049149741570e+02 7.700170584785968886e-02 2.868304547150700934e+00
1.361080534676688387e+02 5.508555893171277612e-02 3.014233168079321956e+00
1.370621528333066692e+02 5.270670078362386241e-02 3.165313982621674960e+00
1.379662975105282783e+02 6.223812569966415825e-02 3.327894610586918489e+00
1.388257902873287435e+02 7.092462284769976422e-02 3.513440215363292207e+00
1.396056039767578341e+02 7.852497467882083027e-02 3.671348419425342513e+00
1.400629311263926695e+02 1.504531158377312161e-01 3.732742950050642161e+00
1.403903846153846189e+02 2.075630364091902436e-01 3.778093181939335743e+00
1.407563915986992811e+02 2.495069033530571967e-01 3.806366277520123464e+00
1.410957033957033957e+02 2.764926168772322557e-01 3.836778346393730832e+00
1.415185297723759277e+02 3.183405298789914184e-01 3.931264992803454206e+00
1.421859360840130080e+02 2.887374060450983437e-01 4.091464097233328268e+00
1.428201276720507451e+02 2.712737885814808791e-01 4.219893117970040741e+00
1.433029665760435023e+02 2.700157257849565284e-01 4.306820726051495463e+00
1.436132389786235990e+02 2.699251026174103174e-01 4.367133109440802130e+00
1.437367876752492180e+02 2.730795884642038263e-01 4.390828402366864225e+00
1.435665040780425272e+02 3.265859054320592869e-01 4.347897009435470750e+00
1.433716429447198664e+02 3.769803827496135407e-01 4.298018284556746060e+00
1.428248200863585566e+02 4.135854789700943446e-01 4.181215683138759687e+00
1.388033770456847265e+02 3.514046590969667760e-01 3.445125006663467992e+00
1.321618782984167524e+02 1.524188389573004898e-01 2.475178580947811735e+00
1.274809184924569507e+02 4.196119196119196121e-02 1.891886561117330334e+00
1.250918585745508835e+02 1.556985980062903195e-02 1.674930699930699873e+00
1.243776294045524793e+02 7.525720987259449171e-03 1.603117170424862792e+00
1.241490138067061082e+02 3.275760968068660347e-03 1.584240897702436257e+00
1.241910189775574338e+02 2.085665547204008669e-03 1.581752758675835535e+00
1.241992603550295797e+02 2.064342448957833410e-03 1.552178954102030994e+00
1.241393397835705485e+02 3.995415533877072316e-03 1.564013273628658274e+00
1.243842582227197653e+02 6.883362652593421650e-03 1.603437016898555445e+00
1.250165680473372731e+02 9.927234927234927786e-03 1.687769870462178190e+00
1.254384815288661486e+02 1.170504824350978267e-02 1.726744495975265137e+00
1.255813076389999452e+02 1.124926701849778693e-02 1.718739005277466925e+00
1.255621435044511998e+02 1.014712937789860950e-02 1.713930646622954246e+00
1.255124060450983592e+02 1.059358174742790204e-02 1.716851911082680315e+00
1.257389333120102322e+02 9.295538141691987027e-03 1.737908470600778355e+00
1.264643504451196776e+02 1.064955488032411079e-02 1.807183218721680307e+00
1.281524788101711181e+02 1.380270803347726470e-02 1.986928940775094521e+00
