1.731163819709701954e+02 2.319198961038960931e+02 1.799910618792971775e+02
1.725730924369748038e+02 2.313936959511077021e+02 1.793575783040489000e+02
1.699574285714285793e+02 2.294303682200152821e+02 1.766399251336898431e+02
1.656383697478991621e+02 2.265598594346829771e+02 1.721869167303285053e+02
1.654216730328494975e+02 2.267565317035905252e+02 1.718422016806722752e+02
1.677577234530175758e+02 2.288153170359052808e+02 1.741749045072574518e+02
1.710838655462184761e+02 2.313816959511077016e+02 1.773621344537815219e+02
1.765883498854087179e+02 2.349950710466004580e+02 1.827600336134453869e+02
1.809237173414820461e+02 2.380102459893048206e+02 1.874997570664629620e+02
1.845148495034377447e+02 2.404264644766997776e+02 1.913917906799083255e+02
1.877827028265851936e+02 2.425484629488158816e+02 1.945233506493506468e+02
1.882561115355233028e+02 2.428919541634835753e+02 1.948921802902979437e+02
1.885590404889228466e+02 2.430347349121466891e+02 1.952103957219251242e+02
1.904875538579067893e+02 2.439877219251336840e+02 1.970990343773873121e+02
1.927771229946524159e+02 2.451832345301756959e+02 1.993857845683727987e+02
1.939980397249809130e+02 2.459448831168831191e+02 2.005996119174942578e+02
1.948942169595110840e+02 2.465689946524064169e+02 2.016553338426279538e+02
1.960294881588999374e+02 2.472950160427807589e+02 2.029158701298701430e+02
1.977566462948815911e+02 2.483047043544690666e+02 2.049325729564553171e+02
1.997331581359816539e+02 2.493223315508021471e+02 2.071254239877769407e+02
2.003571764705882288e+02 2.497616012223070925e+02 2.078596271963330651e+02
1.999761711229946570e+02 2.497382016806722618e+02 2.075582123758594264e+02
1.991926050420167940e+02 2.494354667685256004e+02 2.067560641711230005e+02
1.983491886936592721e+02 2.489933338426279477e+02 2.055248800611153683e+02
1.982913430099312393e+02 2.488821802902979243e+02 2.051046707410236820e+02
1.991609702062643237e+02 2.493081436210848096e+02 2.058444705882352821e+02
1.997528495034377443e+02 2.496380000000000052e+02 2.063869075630252041e+02
2.001282918258212362e+02 2.498205225362872284e+02 2.068018334606569795e+02
2.014807272727272789e+02 2.504196806722688962e+02 2.082746814362108410e+02
2.033825958747135303e+02 2.512938930481283535e+02 2.102422245989304770e+02
2.043315538579068118e+02 2.518527776928953301e+02 2.113258747135217845e+02
2.047266829640947208e+02 2.520538991596638709e+02 2.116952436974789862e+02
2.064523728036669183e+02 2.526560488922841898e+02 2.135371321619556966e+02
2.084481420932009144e+02 2.531325454545454647e+02 2.147242459893048192e+02
2.093591199388846462e+02 2.534583559969442206e+02 2.154126386554621888e+02
2.096678166539342953e+02 2.535475141329258975e+02 2.156599434682964045e+02
2.101971229946524033e+02 2.537606768525592145e+02 2.162426768525592138e+02
2.106337219251336990e+02 2.538451550802139138e+02 2.166920519480519545e+02
2.107731443850267397e+02 2.538387608861726505e+02 2.166588204736439991e+02
2.111680748663101497e+02 2.538747257448434027e+02 2.169219923605805889e+02
2.115432146676852483e+02 2.539772207792207723e+02 2.174999984721161184e+02
2.115900840336134365e+02 2.539930756302520933e+02 2.177673292589763037e+02
2.115600305576776066e+02 2.540115721925133698e+02 2.178148495034377277e+02
2.116531902215431558e+02 2.541332299465240681e+02 2.182306585179526337e+02
2.119308510313216232e+02 2.542930909090909211e+02 2.188264690603513998e+02
2.110513155080213892e+02 2.541681864018334522e+02 2.183695614973262025e+02
2.088971841100076290e+02 2.535655278838808329e+02 2.169904140565317050e+02
2.097623514132925777e+02 2.536794896867837963e+02 2.177082291825821301e+02
2.116636440030557651e+02 2.540971902215431726e+02 2.187325225362872345e+02
2.119742047364400435e+02 2.541315813598166642e+02 2.187269854851031425e+02
2.120473628724217008e+02 2.541831611917494342e+02 2.185822429335370600e+02
2.117478151260504262e+02 2.541326875477463716e+02 2.182339923605806007e+02
2.120493644003055635e+02 2.541355767761650100e+02 2.183157952635599770e+02
2.124317448433918969e+02 2.541001298701298765e+02 2.184738777692895439e+02
2.126604018334606678e+02 2.541104568372803669e+02 2.187292956455309536e+02
2.122965607333842684e+02 2.541243223834988498e+02 2.185088647822765608e+02
2.124282689075630230e+02 2.541648800611153547e+02 2.187151764705882329e+02
2.128521802902979232e+02 2.542435401069518832e+02 2.191060015278838762e+02
2.132997494270435368e+02 2.542666707410236882e+02 2.194115385790679795e+02
2.120614591291061970e+02 2.539937433155080271e+02 2.187322780748663149e+02
2.111476867838044313e+02 2.537351810542398880e+02 2.182862215431627249e+02
2.112147471352177206e+02 2.537354377387318607e+02 2.183510084033613339e+02
2.094298502673796918e+02 2.532040595874713631e+02 2.168242108479755643e+02
2.021827364400305669e+02 2.503401161191749509e+02 2.101664721161191665e+02
1.979433949579832017e+02 2.481541818181818257e+02 2.058775630252100939e+02
1.949837555385790608e+02 2.466300106951871669e+02 2.027560809778456701e+02
1.813634270435447036e+02 2.381739388846447696e+02 1.872228647822765595e+02
1.494045301757066397e+02 2.110417830404889230e+02 1.485063162719633283e+02
1.156856455309396523e+02 1.725428724216959608e+02 1.059097463712757872e+02
1.209534896867838114e+02 1.787427440794499489e+02 1.120711688311688334e+02
1.203237081741787620e+02 1.782118838808250700e+02 1.111686799083269648e+02
1.007418349885408730e+02 1.532992360580595914e+02 8.674973262032085586e+01
8.450719633307868150e+01 1.270725240641711196e+02 6.320900229182581853e+01
1.068019709702062698e+02 1.555396027501909941e+02 8.840578304048892733e+01
1.515336776165011372e+02 2.078562902979373632e+02 1.433619786096256803e+02
1.786062964094728898e+02 2.330636042780748767e+02 1.775752024446142059e+02
1.744069472880061085e+02 2.298197876241405595e+02 1.722925179526355919e+02
1.916298090145149047e+02 2.416473781512605115e+02 1.926260152788388211e+02
2.096341680672268808e+02 2.521873445378151359e+02 2.142304980901451472e+02
2.112087883880824961e+02 2.531638563789151988e+02 2.160494621848739598e+02
2.092992711993888406e+02 2.529963162719633374e+02 2.145589304812834257e+02
2.089668739495798206e+02 2.530849793735676201e+02 2.140354805194805294e+02
2.100396653934301128e+02 2.534986218487395035e+02 2.145462887700534793e+02
2.094345133689839713e+02 2.536243544690603642e+02 2.149723315508021528e+02
2.089693919022154205e+02 2.536678777692895324e+02 2.151663391902215494e+02
2.087259709702062764e+02 2.537024996180290373e+02 2.151956822001527883e+02
2.086751367456073467e+02 2.537399083269671394e+02 2.150678961038961177e+02
2.086708770053475916e+02 2.537579480519480626e+02 2.149704873949579849e+02
2.088084522536287295e+02 2.538372956455309293e+02 2.149612574484339120e+02
2.086140076394194125e+02 2.538163453017570532e+02 2.146515691367456213e+02
2.082967028265851752e+02 2.537029472880061007e+02 2.136335523300229227e+02
2.081169640947288144e+02 2.534570389610389611e+02 2.129713231474407849e+02
2.087443865546218547e+02 2.536388265851795154e+02 2.137304033613445426e+02
2.072926829640947233e+02 2.534223804430863254e+02 2.125916974789915912e+02
2.075684247517188794e+02 2.533572864782276497e+02 2.124474117647058904e+02
2.078077555385790731e+02 2.531635798319327648e+02 2.120131504965622753e+02
2.074767899159663784e+02 2.531154927425515666e+02 2.117229396485867028e+02
2.044831764705882335e+02 2.524046722689075750e+02 2.099527761650114712e+02
2.043384186401833347e+02 2.526285867074102498e+02 2.106994300993124511e+02
2.068146371275782940e+02 2.533246951871657870e+02 2.130918502673796695e+02
2.090348067226890691e+02 2.537792314744079363e+02 2.147397402597402731e+02
2.099799129106187934e+02 2.540539404125286467e+02 2.161642643239113966e+02
2.097156944232238232e+02 2.541356271963330755e+02 2.165049106187929624e+02
2.106046447669976942e+02 2.542191046600458435e+02 2.171700565317035796e+02
2.124173582887700604e+02 2.541847333842627847e+02 2.181111260504201539e+02
2.122006004583651588e+02 2.538779373567608957e+02 2.175569732620320735e+02
2.106166050420168006e+02 2.533685668449197976e+02 2.157939893048128397e+02
2.090594866310160569e+02 2.528736485867074180e+02 2.141251428571428619e+02
2.087006692131398040e+02 2.525119144385026857e+02 2.131202658517952671e+02
2.078544583651642483e+02 2.518713796791443826e+02 2.115318517952635489e+02
2.058214316271963469e+02 2.509709793735676158e+02 2.091909610389610350e+02
2.040554469060351437e+02 2.502789915966386616e+02 2.071772543926661569e+02
2.034986951871657652e+02 2.500667914438502635e+02 2.063841573720397378e+02
2.026877555385790686e+02 2.498346172650878430e+02 2.049797142857142944e+02
2.006762765469824217e+02 2.490887517188693607e+02 2.026190466004583755e+02
1.991611810542398757e+02 2.484663284950343893e+02 2.010015660809778524e+02
1.988257815126050332e+02 2.482474896867838083e+02 2.004772864782276542e+02
1.976832543926661572e+02 2.477695889992360492e+02 1.992033368983957189e+02
1.968300381970970250e+02 2.473813796791443735e+02 1.980693109243697450e+02
1.972667532467532396e+02 2.475087364400305603e+02 1.982859480519480542e+02
1.979656852559205618e+02 2.479377784568372931e+02 1.990027669977081644e+02
1.983003728036669315e+02 2.481762215431627112e+02 1.994505790679908444e+02
1.990601069518716599e+02 2.485885897631779926e+02 2.004066737967914378e+02
1.997064430863254358e+02 2.489741023682200023e+02 2.014880702826585264e+02
2.016042994652406435e+02 2.498618487394957981e+02 2.038922765469824299e+02
2.036687425515660834e+02 2.507086783804430752e+02 2.064889243697479060e+02
2.050515935828877048e+02 2.511996577540107012e+02 2.082292757830404923e+02
2.076178349885408636e+02 2.520465851795263461e+02 2.111558487394958092e+02
2.098545622612681427e+02 2.529982184873949507e+02 2.142592834224599017e+02
2.119942689075630256e+02 2.537503804430863283e+02 2.168831061879297124e+02
2.133914545454545362e+02 2.541255737203972558e+02 2.188063239113827478e+02
2.143075966386554683e+02 2.544170725744843367e+02 2.201574438502673843e+02
2.148351046600458290e+02 2.546672421695951130e+02 2.212869381207028141e+02
2.127803315508021456e+02 2.546049014514896953e+02 2.206228724216959449e+02
2.079293017570664688e+02 2.534920962566845049e+02 2.174471092436974686e+02
2.075853812070282629e+02 2.534461955691367336e+02 2.169808204736440018e+02
2.070288540870893712e+02 2.535531703590527002e+02 2.162113368983957287e+02
2.032101069518716656e+02 2.527528800611153486e+02 2.128279770817417784e+02
1.984095171886936555e+02 2.511188495034377297e+02 2.088205164247517303e+02
2.001502673796791498e+02 2.517988540870893814e+02 2.105271336898395589e+02
2.079584446142093270e+02 2.540834224598930575e+02 2.172651627196333095e+02
2.098318899923605727e+02 2.542876027501909846e+02 2.184729488158899926e+02
2.111852956455309425e+02 2.544202689075630133e+02 2.196032238349885404e+02
2.119663819709702182e+02 2.544981986249045178e+02 2.200122184873949607e+02
2.127190618792971861e+02 2.545879786096256794e+02 2.204315049656226222e+02
2.132081023682200112e+02 2.545976577540106973e+02 2.205712498090145175e+02
2.126058762414056673e+02 2.542970878533231485e+02 2.191811749427043594e+02
2.116380580595874790e+02 2.539487960275019134e+02 2.178636577540106884e+02
2.107864828113063425e+02 2.536417356760886150e+02 2.166458029029793693e+02
2.078049335370511983e+02 2.527487196333078714e+02 2.132643483575248240e+02
2.025868281130634045e+02 2.507399006875477596e+02 2.076220962566845003e+02
1.988027150496562285e+02 2.491239694423223909e+02 2.036731336898395739e+02
2.012556883116883171e+02 2.499282505729564434e+02 2.060755080213903625e+02
2.052789625668449105e+02 2.514433139801375034e+02 2.103304797555385903e+02
2.064815981665393565e+02 2.518856531703590633e+02 2.117034774637127441e+02
2.060963911382735034e+02 2.518054132925897761e+02 2.114045500381971010e+02
2.057509595110771556e+02 2.517417876241405565e+02 2.110703834988540848e+02
2.062884110007639435e+02 2.519951275783040501e+02 2.117288372803666903e+02
2.076108617265087730e+02 2.523508754774637168e+02 2.130045072574484379e+02
2.087636119174942735e+02 2.526499969442322424e+02 2.142105286478227697e+02
2.064149824293353674e+02 2.520091856378915338e+02 2.118227654698243043e+02
2.037819541634835616e+02 2.512324873949579853e+02 2.091924232238349930e+02
2.035153934300993228e+02 2.511159373567608952e+02 2.089183880825057429e+02
2.015356501145912773e+02 2.506380656990068871e+02 2.066909472880061003e+02
1.969982322383498854e+02 2.490920916730328543e+02 2.021786906035141271e+02
1.944418823529411782e+02 2.478973567608861686e+02 1.995842918258212251e+02
1.946722032085561409e+02 2.478967868601986311e+02 1.997626585179526444e+02
1.961086539343010031e+02 2.483856058059587610e+02 2.011470145148968811e+02
1.975734698242933405e+02 2.484678579067990825e+02 2.007184996180290284e+02
1.979328968678380534e+02 2.484887425515660766e+02 2.002977417876241475e+02
2.016240076394194034e+02 2.499943376623376707e+02 2.036598273491214570e+02
2.040839862490450685e+02 2.510542887700534891e+02 2.059611367456073197e+02
2.029217173414820365e+02 2.507717860962566760e+02 2.046446172650878452e+02
2.013947944996180297e+02 2.502220794499617966e+02 2.027972589763178064e+02
2.036766600458365133e+02 2.512605637891520303e+02 2.046878013750954892e+02
2.060079205500381931e+02 2.525323422459892981e+02 2.072291000763941895e+02
2.056531703590527229e+02 2.526984476699770710e+02 2.070257937356760749e+02
2.037370404889228439e+02 2.520359220779220664e+02 2.051847257448434050e+02
2.014086890756302637e+02 2.514318915202444487e+02 2.033363712757830513e+02
2.007177173414820572e+02 2.513991474407945077e+02 2.030311993888464599e+02
1.986737677616501117e+02 2.507663666921313848e+02 2.013055462184873932e+02
1.956654102368219981e+02 2.496120702826585216e+02 1.984338762414056418e+02
1.937293766233766235e+02 2.487487608861726471e+02 1.965337631779984804e+02
1.936147929717341469e+02 2.487860977845683692e+02 1.964016638655462259e+02
1.943905897631779851e+02 2.490966554621848843e+02 1.970476241405653184e+02
1.952087379679144306e+02 2.494304201680672293e+02 1.977183453017570685e+02
1.990805943468296277e+02 2.510424812834224610e+02 2.016370695187165722e+02
2.031193552330022953e+02 2.524390267379679074e+02 2.056437127578304001e+02
2.004906692131397961e+02 2.515923880825057211e+02 2.033429304812834175e+02
1.940160397249809137e+02 2.487266676852559328e+02 1.968108708938120799e+02
1.898964950343773808e+02 2.463143101604277945e+02 1.923445240641711109e+02
1.877446096256684598e+02 2.450517341482047300e+02 1.901332070282658435e+02
1.857162872421695852e+02 2.438135859434682970e+02 1.880091871657753870e+02
1.836211413292589896e+02 2.422162826585179403e+02 1.852880213903743254e+02
1.804229396485867198e+02 2.397944782276547073e+02 1.813562047364400200e+02
1.800587883880825188e+02 2.392951184110007716e+02 1.806427471352177179e+02
1.842159740259740204e+02 2.419330725744843278e+02 1.849452895339954068e+02
1.858733919022154453e+02 2.430368815889992220e+02 1.865754438502673906e+02
1.842666967150496475e+02 2.416353873185638008e+02 1.837726264323911494e+02
1.869236577540106907e+02 2.430901619556913715e+02 1.860956378915202549e+02
1.940311474407945127e+02 2.471590985485103147e+02 1.936281970970206316e+02
1.977985515660809881e+02 2.490432925897631833e+02 1.975620916730328531e+02
1.982111535523300176e+02 2.492201451489686690e+02 1.982193292589763303e+02
1.990939449961802836e+02 2.496839083269671562e+02 1.993004782276547076e+02
2.010797799847211706e+02 2.507807685255920660e+02 2.016475110771581285e+02
2.033433109243697459e+02 2.518764064171122925e+02 2.043385882352941110e+02
2.048019786096256780e+02 2.524730970206264260e+02 2.062189946524064226e+02
2.062432818945760005e+02 2.529475981665393363e+02 2.084175187165775469e+02
2.068223254392666206e+02 2.533726661573720378e+02 2.110636058059587583e+02
1.987587318563789154e+02 2.503505653170359153e+02 2.053731092436974848e+02
1.828078563789152042e+02 2.404240534759358354e+02 1.874074270435446863e+02
1.759339862490450628e+02 2.351461252864782239e+02 1.790778502673796879e+02
1.670872925897631660e+02 2.280637402597402570e+02 1.679182322383498729e+02
1.504297188693659280e+02 2.115455783040488882e+02 1.458683896103896132e+02
1.473650282658518051e+02 2.080272024446142041e+02 1.417209442322383381e+02
1.647434820473644095e+02 2.250605210084033558e+02 1.648023575248281247e+02
1.863089243697478992e+02 2.424029992360580650e+02 1.915199511077158263e+02
1.961033567608861858e+02 2.488536974789915917e+02 2.019050481283422585e+02
1.993179556913674446e+02 2.507173934300993210e+02 2.042385867074102350e+02
1.972987074102368297e+02 2.504115492742551510e+02 2.016585989304812756e+02
1.922001298701298708e+02 2.483996669213139796e+02 1.960018426279602863e+02
1.873155462184873841e+02 2.458382444614209419e+02 1.905314789915966287e+02
1.863376562261268248e+02 2.452768235294117574e+02 1.895740443086325513e+02
1.834518976317799854e+02 2.453332849503437672e+02 1.913812650878533361e+02
1.802746249045072489e+02 2.445207181054239811e+02 1.909010588235294108e+02
1.760659281894575940e+02 2.423876653934300975e+02 1.875564828113063527e+02
1.723674102368219963e+02 2.401245271199388753e+02 1.841592559205500379e+02
1.715489060351413286e+02 2.394161283422459974e+02 1.831396440030557642e+02
1.717634591291061952e+02 2.390185393430099339e+02 1.824287349121466661e+02
1.687869427043544590e+02 2.362639786096256671e+02 1.785400504201680576e+02
1.647122505729564637e+02 2.327514346829640886e+02 1.735531917494270431e+02
1.618266783804430986e+02 2.303250068754774702e+02 1.701362429335370621e+02
1.604968449197860991e+02 2.289533399541634822e+02 1.684521420932009050e+02
1.594903819709702191e+02 2.282969946524064255e+02 1.679356959511077036e+02
1.617109335370511758e+02 2.300607883880825000e+02 1.706683132161955712e+02
1.626748174178762554e+02 2.306518533231474350e+02 1.716725943468296407e+02
1.635965408708938185e+02 2.312959327731092571e+02 1.727613338426279483e+02
1.656856348357524951e+02 2.326656470588235379e+02 1.748210099312452144e+02
1.715508785332314687e+02 2.367270343773873265e+02 1.812754988540870897e+02
1.791562566844919786e+02 2.418363804430863127e+02 1.891789136745607323e+02
1.836414423223835115e+02 2.444852513368983864e+02 1.931914270435446781e+02
1.859459312452253528e+02 2.455276088617265202e+02 1.951527456073338556e+02
1.881478273491214566e+02 2.465246111535523426e+02 1.972694025974026033e+02
1.917658135981665453e+02 2.484847700534759269e+02 2.013060733384262733e+02
1.935439006875477332e+02 2.494488449197860973e+02 2.034249350649350561e+02
1.940964430863254506e+02 2.497850970206264378e+02 2.040247349121466698e+02
1.956624751718869391e+02 2.504379511077158043e+02 2.056715171886936560e+02
1.956933384262796096e+02 2.505090511841100067e+02 2.057112727272727284e+02
1.930534988540870813e+02 2.493936608097784529e+02 2.030115691367456066e+02
1.888109640947288028e+02 2.472376134453781447e+02 1.984638441558441571e+02
1.848129702062643105e+02 2.450122261268143689e+02 1.942298945760122137e+02
1.828556317799847193e+02 2.438920794499618125e+02 1.923347288006111455e+02
1.836568831168831082e+02 2.443891902215431742e+02 1.932146080977845770e+02
1.860978762414056575e+02 2.456669136745607318e+02 1.955477005347593717e+02
1.842506203208556030e+02 2.445852650878533154e+02 1.931597356760886157e+02
1.772145607333842747e+02 2.400856241405653293e+02 1.851955370511841181e+02
1.733130679908327068e+02 2.374508647822765397e+02 1.809178579067990711e+02
1.748272849503437669e+02 2.382048708938120569e+02 1.815974606569900800e+02
1.739134224598930416e+02 2.376220886172650921e+02 1.791500687547746509e+02
1.703385576776165067e+02 2.352187654698242909e+02 1.748279847211611866e+02
1.651996058059587540e+02 2.312939037433154965e+02 1.689208754774637100e+02
1.641904690603514041e+02 2.302953567608861647e+02 1.670264950343773762e+02
1.670007731092437098e+02 2.322439129106188034e+02 1.702719709702062687e+02
1.733159220779220675e+02 2.373603177998472233e+02 1.779545744843391901e+02
1.790820702826585205e+02 2.433882322383498717e+02 1.857901970970206378e+02
1.868008800611153504e+02 2.502769243697478885e+02 1.964113048128342314e+02
1.981620229182582023e+02 2.540704568372803749e+02 2.115779144385026598e+02
2.046548418640183229e+02 2.548601802902979330e+02 2.203842566844919872e+02
2.033193093964858633e+02 2.544493093964858588e+02 2.187581436210847983e+02
2.020064278074866309e+02 2.537755187165775510e+02 2.164494194041252797e+02
1.993470160427807514e+02 2.531746676852559119e+02 2.132922505729564477e+02
1.964355920550038093e+02 2.526115813598166540e+02 2.104366875477463736e+02
1.909407547746371279e+02 2.501271550802138961e+02 2.043160000000000025e+02
1.849024889228418544e+02 2.464945744843391822e+02 1.957994774637127477e+02
1.805752910618792839e+02 2.438622551566080858e+02 1.898389167303284921e+02
1.788689335370511913e+02 2.425893063407181103e+02 1.873061848739495758e+02
1.753969442322383543e+02 2.404758976317799863e+02 1.835937295645530867e+02
1.699368051948052027e+02 2.369842796027501777e+02 1.779883330786860256e+02
1.620999938884644678e+02 2.317709213139801250e+02 1.712925897631780003e+02
1.539331810542398671e+02 2.259053430099312436e+02 1.638197677616501267e+02
1.494214194041252881e+02 2.225633766233766266e+02 1.596054316271963387e+02
1.476449289533995284e+02 2.209786860198624936e+02 1.578365103132161948e+02
1.505867456073338531e+02 2.230036501145912951e+02 1.608073353705118507e+02
1.525513292589763239e+02 2.243335233002291886e+02 1.628554835752482859e+02
1.468942276546982555e+02 2.196636119174942792e+02 1.566033460656990144e+02
1.399497035905271218e+02 2.131007119938884671e+02 1.483821390374331486e+02
1.380243712757830394e+02 2.109695599694423152e+02 1.456060244461421007e+02
1.381087685255920690e+02 2.103557020626432461e+02 1.447096501145912839e+02
1.396812131398013719e+02 2.107552727272727395e+02 1.448193995416348230e+02
1.406881283422459887e+02 2.111779251336898255e+02 1.448676165011459034e+02
1.453901268143621053e+02 2.154877983193277373e+02 1.499227563025210088e+02
1.540354621848739498e+02 2.233170603514132893e+02 1.599677402597402534e+02
1.594402612681436153e+02 2.279773903743315486e+02 1.660394789915966385e+02
1.711803865546218617e+02 2.369317219251337008e+02 1.788343819709702132e+02
1.852670160427807389e+02 2.460035003819709800e+02 1.942290374331550709e+02
1.966265103132161869e+02 2.518061466768525634e+02 2.066722139037433124e+02
2.040820840336134552e+02 2.540121237585943561e+02 2.146294514896867724e+02
2.097505515660809863e+02 2.547362184873949502e+02 2.207063743315507907e+02
2.140124736440030517e+02 2.549655080213903773e+02 2.266734407944996121e+02
2.188173521772345396e+02 2.549999052711993954e+02 2.320476119174942653e+02
2.206571627196333054e+02 2.550000000000000000e+02 2.345721558441558443e+02
2.215066157372039584e+02 2.550000000000000000e+02 2.356784323911382728e+02
2.217496791443850270e+02 2.550000000000000000e+02 2.354152482811306299e+02
2.176751184110007671e+02 2.550000000000000000e+02 2.317918792971734092e+02
2.106822475171886992e+02 2.549930084033613582e+02 2.222360809778456883e+02
2.070405225362872557e+02 2.548855844155844181e+02 2.155570847975553761e+02
2.042282245989304954e+02 2.546386783804430820e+02 2.116041207028265774e+02
2.029227379679144292e+02 2.544378166539343056e+02 2.099513460656989992e+02
2.037565210084033538e+02 2.540870053475935890e+02 2.080345805958747007e+02
2.026078456837280442e+02 2.534124705882352941e+02 2.053789778456837212e+02
2.007778441558441500e+02 2.528789640947287864e+02 2.034887226890756438e+02
2.003223269671505022e+02 2.526113750954927468e+02 2.035827838044308749e+02
1.991324660045836481e+02 2.521448265851795156e+02 2.029339327731092339e+02
1.967678288770053427e+02 2.511255844155844272e+02 1.995253689839572075e+02
1.942890634071810609e+02 2.501855355233002172e+02 1.963791810542398650e+02
1.927007883880825148e+02 2.494598762414056523e+02 1.950371306340718149e+02
1.910494255156608006e+02 2.486320045836516499e+02 1.942215263559969571e+02
1.895708800611153606e+02 2.480059954163483553e+02 1.934279801375095360e+02
1.888629518716577422e+02 2.483554667685255879e+02 1.957996577540106955e+02
1.880559174942704317e+02 2.483830863254392796e+02 1.969484323911382830e+02
1.841635737203972383e+02 2.468061466768525634e+02 1.940124140565316964e+02
1.800572727272727320e+02 2.451021925133689763e+02 1.907013567608861706e+02
1.809429488158899915e+02 2.461440061115355320e+02 1.929007792207792136e+02
1.800748708938120615e+02 2.468800962566844817e+02 1.944178823529411773e+02
1.759890420168067351e+02 2.457222841864018221e+02 1.919340366692131283e+02
1.718812391138273483e+02 2.446331443850267249e+02 1.894520381970970107e+02
1.706952039724980921e+02 2.454952910618792998e+02 1.896443040488922804e+02
1.685767349121466907e+02 2.444145011459129080e+02 1.872455905271199299e+02
1.594205729564553167e+02 2.391643269671504868e+02 1.793315248281130607e+02
1.458715492742551589e+02 2.286190893812070328e+02 1.651001680672268890e+02
1.339247669977081614e+02 2.177086554621848791e+02 1.518675721925133644e+02
1.337932925897631833e+02 2.168484873949579708e+02 1.516268540870893844e+02
1.405859404125286574e+02 2.220875171886936528e+02 1.594944705882352878e+02
1.495866142093200892e+02 2.267378242933536967e+02 1.663086401833460570e+02
1.551984430863254261e+02 2.299391031321619607e+02 1.712222215431627319e+02
1.602027715813598263e+02 2.331398059587471323e+02 1.760595003819709632e+02
1.675779938884644764e+02 2.376467135217723410e+02 1.834453124522536314e+02
1.755605836516424745e+02 2.418553185637891545e+02 1.912165103132161903e+02
1.837747379679144331e+02 2.452017677616501032e+02 1.973255003819709827e+02
1.872730786860198577e+02 2.466338044308632504e+02 1.996957631779984581e+02
1.892194300993124614e+02 2.474273399541634717e+02 2.012028999236057984e+02
1.902482643239113713e+02 2.477802459893048024e+02 2.020084491978609549e+02
1.909620672268907526e+02 2.480193292589763132e+02 2.025835141329258988e+02
1.913101237585943579e+02 2.480973674560733286e+02 2.027920580595874753e+02
1.916926126814362021e+02 2.482849809014514904e+02 2.030718548510313326e+02
1.906088495034377388e+02 2.479080595874713424e+02 2.019342475171886804e+02
1.890284889228418592e+02 2.472100290297937306e+02 2.005066585179526442e+02
1.877874744079449840e+02 2.466327333842627922e+02 1.992999495798319458e+02
1.875344858670740962e+02 2.466515202444614090e+02 1.995487624140565401e+02
1.888339633307868723e+02 2.473334927425515559e+02 2.013101940412528563e+02
1.912670084033613307e+02 2.485339144385026771e+02 2.039574453781512489e+02
1.924434025974026099e+02 2.491001970970206401e+02 2.052729457601222407e+02
1.918397891520244514e+02 2.488617387318563772e+02 2.045309503437738670e+02
1.894318029029793706e+02 2.478484675324675379e+02 2.023481970970206305e+02
1.889788983957219273e+02 2.476503071046600439e+02 2.018891398013751086e+02
1.901972116119174814e+02 2.482195966386554744e+02 2.030747012987012852e+02
1.901297478991596677e+02 2.482511520244461281e+02 2.028389717341482026e+02
1.853704843391902273e+02 2.461183422459893109e+02 1.981165622612681432e+02
1.803556042780748783e+02 2.432256455309396586e+02 1.924027318563789208e+02
1.787780244461420978e+02 2.423005775401069570e+02 1.907433857906798949e+02
1.804321313980137518e+02 2.431434148204736516e+02 1.920423575248281054e+02
1.811146783804430811e+02 2.435026814362108496e+02 1.924856638655462291e+02
1.805805164247517212e+02 2.431043972498090113e+02 1.917301252864782271e+02
1.808520932009167268e+02 2.431714713521772353e+02 1.917487944996180431e+02
1.843590053475935804e+02 2.450415233002291870e+02 1.951140015278838860e+02
1.874621176470588182e+02 2.467526921313980210e+02 1.982004094728800681e+02
1.886824660045836595e+02 2.474283437738731948e+02 1.994908082505729681e+02
1.898936287242169669e+02 2.480237891520244489e+02 2.007061818181818182e+02
1.899993353705118295e+02 2.483551779984721293e+02 2.014515614973261961e+02
1.881466462948815774e+02 2.478122597402597478e+02 2.001729717341482058e+02
1.826817280366692273e+02 2.450480702826585286e+02 1.949413857906799024e+02
1.758494285714285752e+02 2.409828296409473012e+02 1.881423682200152712e+02
1.708469992360580534e+02 2.378359343009931308e+02 1.829475324675324543e+02
1.666147181054239752e+02 2.350364705882352894e+02 1.786106722689075639e+02
1.607418380443086221e+02 2.307672849503437646e+02 1.723130542398777720e+02
1.562269732620320895e+02 2.275017585943468248e+02 1.678622750190985471e+02
1.553513857906798989e+02 2.268135783040488889e+02 1.669292757830404810e+02
1.545431504965622480e+02 2.261510664629488190e+02 1.660948968678380311e+02
1.511407394957983286e+02 2.235461482047364541e+02 1.628522032085561477e+02
1.505833842627960166e+02 2.231473093964858663e+02 1.624275996944232361e+02
1.544513262032085663e+02 2.262991459129106318e+02 1.665418609625668580e+02
1.563064003055767728e+02 2.277983941940412649e+02 1.684649503437738645e+02
1.536757203972498189e+02 2.258454087089381233e+02 1.659248770053475823e+02
1.508356852559205379e+02 2.231819434682963958e+02 1.620919618029029721e+02
1.509493735676088590e+02 2.227466432391138369e+02 1.612899969442322288e+02
1.538258029029793761e+02 2.248107486631016059e+02 1.637105668449197822e+02
1.571350664629488278e+02 2.273005179526356017e+02 1.669819556913674603e+02
1.601414484339190096e+02 2.295793185637891440e+02 1.701951520244461449e+02
1.626004996180290334e+02 2.316119740259740354e+02 1.733714270435446849e+02
1.657054667685255822e+02 2.337626569900687628e+02 1.767293399541634926e+02
1.703779801375095531e+02 2.371001573720397175e+02 1.819371779984721229e+02
1.753196852559205468e+02 2.405537326203208579e+02 1.872706096256684418e+02
1.785070970206264462e+02 2.427167272727272689e+02 1.906911092436974684e+02
1.805079190221543115e+02 2.446868357524828070e+02 1.948869946524064289e+02
1.808928372803667060e+02 2.451797524828112955e+02 1.963501864018334686e+02
1.812399602750190866e+02 2.453677081741787731e+02 1.969534896867837972e+02
1.813693323147440708e+02 2.454678762414056621e+02 1.971270939648586591e+02
1.802869182582123813e+02 2.449016776165011322e+02 1.959167425515660739e+02
1.800278548510313215e+02 2.443613139801375098e+02 1.943167119938884753e+02
1.800108174178762397e+02 2.441806218487394915e+02 1.937483468296409512e+02
1.787443972498090261e+02 2.432591764705882440e+02 1.919563040488922923e+02
1.772670893812070290e+02 2.422300840336134513e+02 1.903028464476699639e+02
1.773037891520244500e+02 2.422300977845683860e+02 1.901998579067990818e+02
1.761104186401833545e+02 2.411587669977081703e+02 1.882718563789152029e+02
1.718622689075630205e+02 2.384994239877769360e+02 1.838017570664629545e+02
1.673206951871657679e+02 2.354090297937356695e+02 1.790778273491214634e+02
1.636893934300993010e+02 2.328460381970970161e+02 1.753736898395721937e+02
1.623381695951107702e+02 2.316883651642475286e+02 1.737256699770817363e+02
1.594847501909854941e+02 2.297622414056531568e+02 1.714986829640947406e+02
1.556468540870893946e+02 2.270140993124522595e+02 1.679349503437738633e+02
1.506451749427043580e+02 2.231161634835752352e+02 1.629965805958747183e+02
1.466819541634835673e+02 2.199631459129106190e+02 1.590494025974026044e+02
1.466054224598930489e+02 2.198739938884644687e+02 1.589807028265851727e+02
1.477824873949579967e+02 2.209185286478227681e+02 1.605137952635599561e+02
1.458396776165011488e+02 2.193579770817417796e+02 1.584539465240641789e+02
1.415477203972498046e+02 2.158843834988540777e+02 1.538679587471352193e+02
1.372383468296409603e+02 2.120760290297937445e+02 1.487169946524064130e+02
1.350450954927425471e+02 2.099970007639419407e+02 1.460482582123758561e+02
1.337672055003819764e+02 2.088705103132161867e+02 1.443662734912146561e+02
1.322666264323911491e+02 2.075950817417876237e+02 1.426265225362872400e+02
1.310419113827349236e+02 2.064728907563025189e+02 1.412947578304048761e+02
1.313366692131397997e+02 2.067089686783804439e+02 1.416762627960275154e+02
1.317018197097020504e+02 2.070593598166539380e+02 1.420101833460657019e+02
1.328030343773873199e+02 2.081705882352941046e+02 1.433664048892284200e+02
1.345109747899159629e+02 2.099287563025210090e+02 1.456661772345301813e+02
1.376459541634835659e+02 2.128426264323911425e+02 1.496054392666157469e+02
1.387950679908327061e+02 2.138843728036669347e+02 1.511777402597402613e+02
1.380981604278074997e+02 2.133214469060351348e+02 1.504994545454545403e+02
1.400241038961038953e+02 2.151070221543162688e+02 1.529642459893047999e+02
1.425333506493506377e+02 2.175818288770053357e+02 1.563847471352177365e+02
1.414669854851031232e+02 2.173832024446141986e+02 1.562215508021390349e+02
1.346754025974026092e+02 2.118740626432391139e+02 1.496783666921313909e+02
1.265908739495798301e+02 2.041706371275783169e+02 1.405887532467532424e+02
1.213885072574484383e+02 1.986763177998471974e+02 1.339908113063407313e+02
1.172787822765469770e+02 1.945243025210083943e+02 1.289901283422459812e+02
1.121785469824293386e+02 1.891420611153552329e+02 1.230712161955691357e+02
1.059761115355233017e+02 1.820739434682964202e+02 1.161121802902979425e+02
1.028537692895340001e+02 1.782867929717341440e+02 1.124355187165775334e+02
1.019418884644767047e+02 1.767114698242933457e+02 1.107959511077158083e+02
1.005544491978609614e+02 1.745458319327730976e+02 1.088094728800611222e+02
1.019691703590527112e+02 1.760672345301757105e+02 1.101563162719633340e+02
1.048895874713521721e+02 1.793155798319327801e+02 1.131224033613445386e+02
1.077848663101604245e+02 1.827072345301756968e+02 1.164460168067226959e+02
1.087704812834224555e+02 1.838436363636363637e+02 1.180629518716577593e+02
1.090595324675324633e+02 1.841748586707410311e+02 1.184760687547746301e+02
1.094439602750190943e+02 1.846567700534759240e+02 1.190100488922841890e+02
1.118787990832696693e+02 1.872518013750954822e+02 1.216790679908326922e+02
1.154927288006111468e+02 1.909562215431627124e+02 1.252131260504201720e+02
1.171263880825057271e+02 1.924468479755538510e+02 1.264276928953399590e+02
1.176615813598166511e+02 1.928158059587471485e+02 1.266797570664629546e+02
1.190749763177998517e+02 1.938924247517188633e+02 1.277091749427043510e+02
1.209078609625668435e+02 1.953042780748663176e+02 1.290981634835752345e+02
1.223144583651642421e+02 1.961837799847211556e+02 1.299263407181054220e+02
1.219466080977845621e+02 1.954435844155844109e+02 1.290955569136745567e+02
1.223652987012986983e+02 1.952079022154316306e+02 1.290399786096256776e+02
1.241980504201680731e+02 1.966922077922077960e+02 1.307350893812070183e+02
1.261471550802139063e+02 1.985063575248281040e+02 1.327656577540107037e+02
1.263501069518716520e+02 1.987641848739495742e+02 1.329572650878533295e+02
1.248852024446142082e+02 1.971994148204736348e+02 1.310649289533995443e+02
1.222369595110771598e+02 1.943858945760122197e+02 1.278417020626432361e+02
1.189980152788388068e+02 1.909284369747899177e+02 1.240249365928189462e+02
1.147086157372039708e+02 1.863965042016806706e+02 1.189886111535523270e+02
1.095327333842627979e+02 1.804192360580595960e+02 1.125057127578304090e+02
1.062355171886936631e+02 1.762075095492742491e+02 1.077286279602750199e+02
1.023383407181054281e+02 1.712256653934300914e+02 1.024210206264323944e+02
9.884071504965622523e+01 1.664739343009931360e+02 9.776376012223070688e+01
9.577573109243697047e+01 1.625259618029029696e+02 9.409305271199389153e+01
9.208013598166539282e+01 1.578235309396485775e+02 8.984213445378151164e+01
8.900860351413292904e+01 1.534268464476699876e+02 8.575703896103895829e+01
8.677327883880825254e+01 1.503884935064935178e+02 8.295096103896104012e+01
8.617240488922841735e+01 1.495760045836516383e+02 8.203575248281130428e+01
8.589474713521772742e+01 1.493740870893812200e+02 8.158357983193276652e+01
8.600310466004583532e+01 1.491268968678380418e+02 8.113570817417875958e+01
8.514535064935064668e+01 1.478057295645531042e+02 8.005889992360580720e+01
8.442511229946524054e+01 1.468434667685255874e+02 7.941312757830404223e+01
8.520379984721161293e+01 1.478173552330023028e+02 8.018000305576775588e+01
8.695643697478990930e+01 1.500563177998472213e+02 8.199520244461420759e+01
8.762730786860198862e+01 1.508043529411764609e+02 8.278914438502674500e+01
8.711729717341482626e+01 1.506004461420932046e+02 8.298701604278075195e+01
8.597942398777692574e+01 1.492842459893048215e+02 8.233357066462949092e+01
8.479504354469059990e+01 1.476019663865546079e+02 8.110839266615737131e+01
8.317402902979372925e+01 1.453631229946524002e+02 7.948999541634836419e+01
8.111167456073339110e+01 1.423967364400305655e+02 7.738360733384263312e+01
7.994947288006110853e+01 1.405841405653170284e+02 7.600590068754775075e+01
8.050493048128342366e+01 1.412462658517952718e+02 7.649588846447670676e+01
8.246214209320091015e+01 1.438716959511077107e+02 7.845563941940412178e+01
8.363778609625668992e+01 1.454297005347593483e+02 7.973646294881588403e+01
8.565036210847975440e+01 1.480752895339954023e+02 8.200622459893048699e+01
8.795916271963331212e+01 1.514825790679908266e+02 8.503272421695950811e+01
8.967912146676852103e+01 1.539985775401069645e+02 8.723193124522536834e+01
9.051314132925897127e+01 1.552526722689075598e+02 8.853029793735676378e+01
9.303913980137510009e+01 1.585863254392666022e+02 9.151374942704354964e+01
9.683429029793735765e+01 1.637222459893048097e+02 9.569346524064171433e+01
9.961168525592054834e+01 1.674972330022918356e+02 9.900310007639419041e+01
1.006279938884644736e+02 1.689853857906799135e+02 1.003226172650878567e+02
1.011033857906799085e+02 1.696213674560733295e+02 1.009129946524064110e+02
1.023383116883116912e+02 1.711306508785332312e+02 1.022616776165011458e+02
1.038373613445378112e+02 1.732963850267379655e+02 1.038686478227654675e+02
1.042456287242169566e+02 1.733654805194805135e+02 1.035356012223071076e+02
1.012140947288006174e+02 1.695877448433919028e+02 9.974201680672268822e+01
9.880087242169595640e+01 1.663427746371275759e+02 9.676111382734912070e+01
9.897063712757829990e+01 1.663210542398777818e+02 9.653345607333842793e+01
9.900966844919786070e+01 1.660183391902215533e+02 9.591102368220015251e+01
9.714603361344538257e+01 1.636853537051184162e+02 9.341427960275018449e+01
9.515223376623376339e+01 1.611386508785332410e+02 9.107568525592054698e+01
9.495906035141329937e+01 1.610429992360580513e+02 9.092139343009931451e+01
9.486520702826585705e+01 1.608854942704354585e+02 9.078505576776164787e+01
9.192907868601986365e+01 1.567221741787624012e+02 8.718574025974025687e+01
8.677226126814362317e+01 1.498222291825821344e+02 8.077621237585942993e+01
8.213547746371276048e+01 1.433159495798319369e+02 7.509834224598930064e+01
7.902989457601222512e+01 1.389383712757830267e+02 7.151311993888464258e+01
7.621814209320091038e+01 1.347315553857906707e+02 6.832250878533231742e+01
7.200690450725744540e+01 1.284566631016042777e+02 6.381813139801374746e+01
6.955119786096256007e+01 1.253633628724216891e+02 6.208307563025210385e+01
6.814242475171886326e+01 1.236731596638655475e+02 6.114944385026738161e+01
6.725289228418640164e+01 1.224872375859434612e+02 6.045725439266615808e+01
6.538769595110771604e+01 1.199197998472116069e+02 5.884785179526355847e+01
6.370669213139801457e+01 1.164700626432391175e+02 5.661040030557677483e+01
6.257568220015279081e+01 1.141833414820473678e+02 5.506235752482811563e+01
6.164308174178762556e+01 1.124460626432391166e+02 5.382778304048892437e+01
6.106333384262796216e+01 1.116652482811306299e+02 5.318381207028265578e+01
6.028447364400305730e+01 1.105400030557677553e+02 5.232442016806722762e+01
5.894477616501146144e+01 1.084867639419404099e+02 5.107233766233765948e+01
5.683116730328494981e+01 1.052246035141329230e+02 4.883309702062643254e+01
5.593099006875477386e+01 1.037694453781512607e+02 4.783203819709702032e+01
5.653316730328494799e+01 1.046233063407181021e+02 4.845335217723452814e+01
5.644767914438502743e+01 1.045215614973262035e+02 4.836530328495034325e+01
5.443416348357524726e+01 1.019623529411764764e+02 4.678652406417112530e+01
5.356436669213140078e+01 1.006718808250573005e+02 4.602652711993888346e+01
5.347582276546982172e+01 1.005363834988540930e+02 4.617204278074866153e+01
5.463325744843391618e+01 1.023941680672268859e+02 4.755607486631016201e+01
5.711310924369747966e+01 1.065702734912146639e+02 5.051155233002291567e+01
6.007878227654698122e+01 1.115538029029793705e+02 5.412742704354469225e+01
6.212381970970206169e+01 1.147081940412528667e+02 5.638314591291062072e+01
6.281526814362108269e+01 1.155616546982429327e+02 5.688874560733384556e+01
6.367503132161955648e+01 1.168365836516424707e+02 5.751057754010695078e+01
6.298765164247517134e+01 1.159140962566844877e+02 5.677324522536287077e+01
6.054913980137509810e+01 1.129195339954163444e+02 5.460534300993124646e+01
6.013924828113063370e+01 1.125315676088617209e+02 5.417094117647058482e+01
6.052634530175706828e+01 1.132254102368220003e+02 5.453657754010695413e+01
5.980977998472116042e+01 1.121908999236058122e+02 5.368366692131397855e+01
5.849315966386554777e+01 1.100959174942704379e+02 5.221133384262795829e+01
5.701805194805194787e+01 1.078129335370511797e+02 5.067752330022918272e+01
5.681895951107716058e+01 1.074075492742551603e+02 5.050564553093964548e+01
5.899921313980137683e+01 1.105913674560733426e+02 5.293059434682964337e+01
6.067308632543926450e+01 1.130109320091673055e+02 5.505700687547746242e+01
6.191979984721161401e+01 1.144376669213139763e+02 5.638468296409472913e+01
6.468457601222307574e+01 1.181876501145912925e+02 5.930339954163483895e+01
6.802067379679144210e+01 1.226818456837280422e+02 6.280112605042016583e+01
6.989881436210848165e+01 1.252480473644003069e+02 6.481651489686784373e+01
7.021915355233002742e+01 1.258418074866310121e+02 6.542988999236058589e+01
7.079577387318563808e+01 1.269500870893812134e+02 6.648037433155080578e+01
7.222494423223834303e+01 1.281461588999236199e+02 6.671397708174178831e+01
7.244142398777692904e+01 1.279483605805958746e+02 6.627716119174942833e+01
7.160415126050419588e+01 1.263164171122994617e+02 6.469844308632544028e+01
7.165158135981666021e+01 1.263121451489686820e+02 6.440718411000763410e+01
7.130552177234530120e+01 1.256707608861726442e+02 6.368443391902215467e+01
7.109169289533996050e+01 1.251951550802139081e+02 6.333691825821237842e+01
7.131298090145149615e+01 1.255234224598930410e+02 6.366067532467532430e+01
7.180406111535523905e+01 1.264863132161955690e+02 6.465934759358289341e+01
7.256645836516425163e+01 1.277744262796027499e+02 6.577447669977081546e+01
7.440905118411001240e+01 1.304117524828112948e+02 6.787527578304049314e+01
7.798374637127578524e+01 1.357273338426279565e+02 7.208638349885409013e+01
8.255362566844920025e+01 1.423225805958747117e+02 7.734449656226126990e+01
8.796108326967150504e+01 1.498969427043544727e+02 8.352238502673796461e+01
9.178585637891519866e+01 1.554252925897631883e+02 8.844396180290297593e+01
9.673251031321619564e+01 1.620449854851031262e+02 9.440207944996180345e+01
1.042047501909854788e+02 1.714207669977081707e+02 1.029322811306340668e+02
1.117319480519480521e+02 1.803120794499618000e+02 1.113027028265851754e+02
1.235742627960274973e+02 1.931274270435446851e+02 1.242165530939648619e+02
1.323058197097020638e+02 2.020485271199388819e+02 1.340468082505729512e+02
1.383235660809778551e+02 2.079879327731092360e+02 1.411020275019098449e+02
1.451800000000000068e+02 2.145225423987776878e+02 1.490933368983957337e+02
1.535423193277310929e+02 2.221986080977845575e+02 1.589884247517188669e+02
1.619855874713521757e+02 2.289249060351413334e+02 1.685811795263560100e+02
1.671392543926661460e+02 2.332110756302521111e+02 1.746070695187165711e+02
1.694739174942704381e+02 2.349924385026737923e+02 1.773168128342246064e+02
1.717423025210084120e+02 2.367174453781512682e+02 1.797167349121466771e+02
1.731015034377387281e+02 2.379081970970206328e+02 1.816456577540106991e+02
1.738252131398013773e+02 2.384798517952635564e+02 1.826472253628724332e+02
1.746197998472116240e+02 2.389653231474407846e+02 1.834163483575248392e+02
1.753009320091672976e+02 2.392536730328494912e+02 1.840739847211611959e+02
1.740671489686783673e+02 2.383108922841863944e+02 1.826742444614209262e+02
1.712793185637891611e+02 2.364147654698242889e+02 1.793362566844919854e+02
1.673718976317799729e+02 2.338078808250572820e+02 1.751636623376623447e+02
1.635500550038197218e+02 2.309805530939648577e+02 1.711175080213903641e+02
1.597244155844155955e+02 2.280142780748662972e+02 1.669904996180290198e+02
1.556092574484339082e+02 2.247769182582123619e+02 1.625251168831168798e+02
1.523934973262032031e+02 2.221650420168067228e+02 1.589942001527883804e+02
1.517902322383498870e+02 2.216648999236058160e+02 1.581627547746371363e+02
1.545528678380443068e+02 2.241711260504201562e+02 1.612987944996180261e+02
1.580464935064935048e+02 2.273316226126814286e+02 1.652940947288006157e+02
1.588532711993888427e+02 2.281932330022918336e+02 1.664911902215431496e+02
1.592902780748663076e+02 2.286467135217723410e+02 1.679250343773873055e+02
1.610181818181818301e+02 2.301776103896103791e+02 1.704367349121466759e+02
1.612611061879297267e+02 2.306838777692895235e+02 1.711551031321619689e+02
1.578175370511841038e+02 2.281206218487394892e+02 1.673748433919022034e+02
1.544456271963330778e+02 2.252955874713521780e+02 1.632097967914438641e+02
1.528240259740259717e+02 2.240499251336898396e+02 1.614158609625668532e+02
1.518179908326967222e+02 2.232612360580595805e+02 1.601533964858670629e+02
1.511219174942704342e+02 2.226674071810542443e+02 1.593194988540871009e+02
1.525806814362108526e+02 2.237242765469824235e+02 1.609268678380443021e+02
1.551136226126814393e+02 2.257666035141329246e+02 1.637378594346829743e+02
1.558288128342246068e+02 2.263086875477463593e+02 1.643905469824293277e+02
1.542513353705118391e+02 2.249029411764705912e+02 1.625271566080977834e+02
1.544903544690603496e+02 2.250216745607333735e+02 1.626832207792207896e+02
1.561195905271199251e+02 2.262343697478991658e+02 1.643934560733384274e+02
1.570061054239877762e+02 2.270027868601986256e+02 1.653389732620320842e+02
1.536719205500382088e+02 2.241630634071810562e+02 1.611937020626432400e+02
1.476004140565316902e+02 2.188803926661573769e+02 1.539605821237585985e+02
1.404261313980137516e+02 2.125515966386554680e+02 1.457486753246753324e+02
1.347919449961802911e+02 2.074178120702826504e+02 1.391063071046600328e+02
1.317599541634835703e+02 2.047721191749427021e+02 1.354291764705882315e+02
1.299808708938120674e+02 2.030079709702062587e+02 1.332235508021390444e+02
1.296631367456073463e+02 2.024363269671505066e+02 1.331436042780748608e+02
1.299061970970206232e+02 2.026061986249044935e+02 1.335240336134453685e+02
1.294118945760122301e+02 2.019181940412528604e+02 1.327692375859434719e+02
1.285506050420167981e+02 2.005903086325439233e+02 1.317287486631016122e+02
1.310917860962566976e+02 2.027674973262031983e+02 1.350813093964858638e+02
1.383772482811306475e+02 2.094913659281894525e+02 1.441102414056531700e+02
1.504408693659281937e+02 2.200881604278074803e+02 1.580750496562261276e+02
1.613664048892284200e+02 2.285758395721925069e+02 1.700855828877005251e+02
1.665924537815126030e+02 2.324141833460656983e+02 1.756321772345301895e+02
1.703149442322383607e+02 2.347403437738731782e+02 1.787895156608097693e+02
1.730814438502673909e+02 2.365397906799083216e+02 1.810414484339190153e+02
1.712494148204736462e+02 2.352794010695187126e+02 1.784254071810542257e+02
1.663516226126814388e+02 2.318383391902215465e+02 1.726884155844155941e+02
1.642611000763942002e+02 2.302735278838808313e+02 1.704512605042016844e+02
1.617743177998472106e+02 2.282739969442322376e+02 1.676648540870893953e+02
1.601611596638655328e+02 2.270587303284950451e+02 1.660518823529411634e+02
1.604836195569136805e+02 2.273251611917494301e+02 1.663868220015278894e+02
1.607643040488922850e+02 2.275644537815126114e+02 1.665240076394194091e+02
1.599470221543162722e+02 2.269347211611917601e+02 1.655179740259740129e+02
1.592421604278074767e+02 2.262128815889992381e+02 1.642968097784568329e+02
1.565232971734148180e+02 2.238624736440030460e+02 1.609752788388082365e+02
1.539520473644003005e+02 2.216649075630252241e+02 1.578459205500381870e+02
1.534316776165011333e+02 2.212924369747899220e+02 1.573569885408709013e+02
1.558255599694423097e+02 2.231826157372039745e+02 1.599805210084033718e+02
1.581094163483575130e+02 2.251491352177234546e+02 1.624019694423223825e+02
1.595845515660809895e+02 2.263911504965622612e+02 1.640552253628724202e+02
1.620404812834224515e+02 2.282568495034377349e+02 1.666896088617264979e+02
1.636319281894575965e+02 2.294691749427043419e+02 1.684310511841100038e+02
1.632749197860962624e+02 2.292851382734912136e+02 1.681638120702826598e+02
1.610893705118411106e+02 2.276273689839572114e+02 1.659639465240641698e+02
1.597172207792207814e+02 2.265972971734148302e+02 1.646568938120702796e+02
1.608470084033613432e+02 2.276793353705118363e+02 1.664467242169595238e+02
1.619873277310924493e+02 2.287603804430863192e+02 1.680557188693659327e+02
1.620090542398777700e+02 2.289474102368220088e+02 1.682066249045072652e+02
1.602580595874713651e+02 2.275846890756302514e+02 1.657803055767761577e+02
1.593710282658518054e+02 2.268901207028265787e+02 1.644260259740259755e+02
1.599280244461421034e+02 2.272625851795263543e+02 1.646302765469824294e+02
1.605788281130633948e+02 2.276080916730328454e+02 1.648368907563025232e+02
1.605474912146676729e+02 2.274172299465240599e+02 1.644631764705882233e+02
1.602778334606569786e+02 2.271333521772345421e+02 1.642450053475935761e+02
1.628608922841864057e+02 2.289101145912910624e+02 1.667782337662337682e+02
1.650790771581359877e+02 2.304688632543926587e+02 1.685601741787624235e+02
1.640527379679144246e+02 2.294649961802902851e+02 1.668998029029793599e+02
1.635018319327731149e+02 2.289378869365928324e+02 1.660925760122230770e+02
1.648308663101604168e+02 2.297652818945760202e+02 1.669227196333078780e+02
1.666004751718869272e+02 2.313495553857906941e+02 1.690313368983957218e+02
1.703150206264323856e+02 2.342711245225362973e+02 1.734702750190985512e+02
1.756722108479755491e+02 2.379781573720397319e+02 1.792655660809778340e+02
1.819356898395722055e+02 2.420103529411764782e+02 1.860960733384262937e+02
1.871617799847211643e+02 2.452461833460656919e+02 1.920408495034377268e+02
1.907251275783040398e+02 2.472552482811306334e+02 1.959881298701298817e+02
1.916681879297173339e+02 2.477790022918258330e+02 1.973247883880825100e+02
1.915534805194805301e+02 2.477684079449961700e+02 1.977073063407181053e+02
1.896669977081741649e+02 2.469586890756302466e+02 1.961595767761650109e+02
1.854778441558441671e+02 2.447821237585943379e+02 1.924900825057295606e+02
1.800149503437738758e+02 2.415034484339190328e+02 1.871519220779220802e+02
1.742497845683728031e+02 2.377168708938120574e+02 1.809199633307868567e+02
1.650957066462948717e+02 2.309416012223070993e+02 1.703242459893048135e+02
1.505826294881588865e+02 2.190344904507257411e+02 1.539336134453781426e+02
1.383280091673032928e+02 2.088106371275783033e+02 1.411330114591291078e+02
1.305915737203972640e+02 2.019823743315508011e+02 1.331555645530939671e+02
1.255721268143621074e+02 1.968915798319327735e+02 1.276079541634835692e+02
1.212765255920550089e+02 1.926430786860198623e+02 1.231494117647058886e+02
1.166780122230710504e+02 1.876660855614973400e+02 1.180937188693659294e+02
1.136403437738731839e+02 1.841430129870129804e+02 1.141124629488158888e+02
1.141858273491214675e+02 1.844459923605805898e+02 1.142201543162719588e+02
1.142470282658517959e+02 1.845301023682200139e+02 1.142498655462184871e+02
1.130330389610389545e+02 1.832619526355996982e+02 1.134593139801375088e+02
1.136536974789916030e+02 1.840329931245225339e+02 1.144884094728800648e+02
1.150757937356760863e+02 1.859588433919022066e+02 1.170483789152024485e+02
1.153343422459893048e+02 1.867334438502673777e+02 1.182411168831168879e+02
1.167410832696715062e+02 1.886330389610389489e+02 1.205644522536287297e+02
1.230396883116883089e+02 1.957433277310924495e+02 1.283178701298701299e+02
1.299149549274255264e+02 2.031537035905271296e+02 1.364250129870129911e+02
1.364439740259740290e+02 2.093115951107715773e+02 1.438222123758594364e+02
1.389285744843391797e+02 2.116091474407944872e+02 1.466501986249045046e+02
1.372677295645530933e+02 2.102500794499618166e+02 1.450603544690603428e+02
1.351418915202444566e+02 2.083415431627196313e+02 1.425913949579831979e+02
1.323084889228418604e+02 2.055089686783804552e+02 1.392240488922841735e+02
1.240412039724980957e+02 1.974208525592055139e+02 1.298912482811306290e+02
1.096394484339190285e+02 1.818356516424751703e+02 1.135000504201680656e+02
9.759476394194041404e+01 1.674046936592818895e+02 9.890164094728800137e+01
8.930583804430862926e+01 1.567128403361344624e+02 8.887237127578303841e+01
8.522292284186401901e+01 1.508894698242933430e+02 8.316995721925133012e+01
8.316818640183346645e+01 1.470878242933536910e+02 7.885112910618792625e+01
8.264230557677616673e+01 1.455792864782276581e+02 7.707158288770052934e+01
8.042966539343009913e+01 1.423930328495034416e+02 7.475553705118410619e+01
8.019817417876241450e+01 1.419806126814362131e+02 7.460167456073338599e+01
7.977256531703591236e+01 1.413694102368220058e+02 7.430476394194040779e+01
7.858526661573719707e+01 1.399596470588235206e+02 7.402038655462185091e+01
7.889213292589762716e+01 1.403719679144384997e+02 7.468581054239878370e+01
8.021356149732619656e+01 1.421061466768525463e+02 7.643214514896867229e+01
8.068735370511841154e+01 1.428675828877005358e+02 7.690875171886936812e+01
7.777988846447669857e+01 1.394812375859434610e+02 7.457530175706646958e+01
7.214459587471351654e+01 1.314608372803666896e+02 6.821091061879296547e+01
6.717067074102368451e+01 1.236414820473644056e+02 6.210888158899923894e+01
6.583429488158900256e+01 1.215023850267379686e+02 6.041216959511076823e+01
6.571853475935829181e+01 1.211799770817417823e+02 6.009117799847211927e+01
6.350783040488922637e+01 1.183712941176470537e+02 5.836739801375095738e+01
6.015566233766233495e+01 1.135785301757066463e+02 5.502030710466004848e+01
5.694368372803666745e+01 1.088885668449197794e+02 5.187177387318563859e+01
5.652504201680672224e+01 1.087811138273491167e+02 5.190140718105423900e+01
5.812843544690603181e+01 1.117521344537815082e+02 5.409052253628724571e+01
5.993792818945760104e+01 1.148726142093200906e+02 5.626201375095492807e+01
6.081619404125286366e+01 1.164908021390374273e+02 5.737378304048892375e+01
6.221728953399541950e+01 1.188598594346829600e+02 5.900823987776929158e+01
6.712162566844919809e+01 1.263717585943468293e+02 6.485018029029794207e+01
7.106271657754010107e+01 1.319471214667685217e+02 6.923498242933537483e+01
7.581185179526356421e+01 1.385993353705118523e+02 7.428577845683727787e+01
7.719525286478227599e+01 1.405463514132925980e+02 7.556041100076393491e+01
7.587769900687547420e+01 1.385923269671504841e+02 7.395486172650878132e+01
7.401414973262032504e+01 1.359833949579831938e+02 7.173911688311687840e+01
7.511898090145149354e+01 1.378645301757066477e+02 7.333845378151259808e+01
7.716891673032849042e+01 1.415590679908326877e+02 7.630121466768525806e+01
7.921340259740259171e+01 1.447585668449197840e+02 7.907605347593582223e+01
8.004449045072574620e+01 1.459930618792971870e+02 8.036755996944232550e+01
7.999644614209320537e+01 1.456213598166539214e+02 8.018812528647822546e+01
8.231166080977845922e+01 1.485007410236821954e+02 8.252870893812070108e+01
8.484912299465240437e+01 1.514848968678380459e+02 8.478335370511841518e+01
8.786171886936593012e+01 1.551615110771581385e+02 8.774865851795263438e+01
9.104885255920549980e+01 1.592305301757066331e+02 9.125514744079450224e+01
9.526732620320855460e+01 1.651047838044308662e+02 9.694306799083270221e+01
9.880134300993124441e+01 1.692021970970206155e+02 1.009112773109243761e+02
1.014999067990832629e+02 1.725496165011459198e+02 1.040000641711230003e+02
1.027604125286478194e+02 1.740827563025210054e+02 1.052208877005347603e+02
1.010087486631015992e+02 1.720962612681436212e+02 1.032849228418640166e+02
9.695394041252865236e+01 1.670502077922078001e+02 9.845789915966386729e+01
9.203499923605805577e+01 1.602811550802138925e+02 9.212927578304048382e+01
8.828171428571428692e+01 1.544643865546218535e+02 8.672385637891520105e+01
8.522000305576776213e+01 1.502661436210848080e+02 8.306401680672269094e+01
8.360680977845683515e+01 1.482521955691367452e+02 8.141189763177997918e+01
8.430702062643239003e+01 1.497699052711993772e+02 8.268962261268143266e+01
8.849727272727272975e+01 1.571439358288770052e+02 8.848414209320091572e+01
9.257574331550802071e+01 1.643429977081741811e+02 9.405194041252865134e+01
9.561113674560733955e+01 1.703282521008403307e+02 9.717091520244461833e+01
9.376919022154316963e+01 1.686682154316272033e+02 9.280328800611152928e+01
8.629970359052711615e+01 1.588137708174178897e+02 8.361532161955690867e+01
7.915882352941176237e+01 1.483686631016042838e+02 7.595242322383498390e+01
6.943129411764705594e+01 1.310139358288770097e+02 6.261596027501909845e+01
6.549994499618028954e+01 1.241914988540870866e+02 5.786930939648586758e+01
6.839590374331551459e+01 1.281308907563025343e+02 6.089358594346829534e+01
7.493706646294882034e+01 1.374802857142857135e+02 6.778825515660810197e+01
8.806653628724217242e+01 1.563717815126050539e+02 8.274851336898396426e+01
1.048162230710465934e+02 1.781515492742551601e+02 1.023876730328495057e+02
1.177360977845683720e+02 1.928519159663865423e+02 1.176206249045072525e+02
1.264973980137509528e+02 2.017023590527119836e+02 1.277398044308632592e+02
1.361696027501909896e+02 2.106710175706646169e+02 1.386810847975553997e+02
1.389777066462948767e+02 2.131096791443850407e+02 1.417459679144384950e+02
1.389141100076394082e+02 2.131897463712757883e+02 1.419908968678380461e+02
1.364351963330786930e+02 2.111661023682200096e+02 1.392388220015278932e+02
1.273322994652406379e+02 2.023846019862490380e+02 1.284873521772345271e+02
1.136261940412528588e+02 1.873484583651642481e+02 1.116028036669213179e+02
1.015371046600458413e+02 1.727414285714285711e+02 9.823862490450726170e+01
9.874455156608097184e+01 1.692740030557677642e+02 9.556967761650115278e+01
1.024394300993124460e+02 1.737203055767761555e+02 1.002232987012987024e+02
1.098874392666157433e+02 1.831340534759358150e+02 1.099179740259740328e+02
1.148600947288006182e+02 1.887750466004583529e+02 1.162317265087853286e+02
1.160079404125286544e+02 1.901862047364400325e+02 1.182043834988540851e+02
1.130902383498854107e+02 1.868839938884644880e+02 1.154210343773873149e+02
1.105193002291825763e+02 1.835888388082505855e+02 1.128945148968678325e+02
1.068891535523300291e+02 1.789123498854087018e+02 1.089833735676088651e+02
1.021087669977081731e+02 1.733456837280366756e+02 1.052569915966386560e+02
9.512940565317036601e+01 1.639602780748663235e+02 9.724748357524828180e+01
8.802689533995416582e+01 1.533404186401833442e+02 8.832881894576011916e+01
8.394785332314744153e+01 1.461259831932773068e+02 8.231581207028266078e+01
8.157335370511840722e+01 1.423159511077158186e+02 7.932543009931245592e+01
7.919878838808250521e+01 1.386053323147440892e+02 7.643241711229946134e+01
7.281945760122231093e+01 1.287313262032085674e+02 6.883920397249808332e+01
6.750356760886172935e+01 1.205298242933536983e+02 6.309180290297937432e+01
6.015585943468296648e+01 1.093898273491214610e+02 5.523134912146677067e+01
5.428902521008403426e+01 1.003011596638655476e+02 4.878491367456073391e+01
5.321117494270435344e+01 9.849020473644003459e+01 4.757395110771581415e+01
4.984993277310924498e+01 9.291207639419404529e+01 4.401377387318563450e+01
4.570275019098548341e+01 8.518963789152024901e+01 3.891641405653170693e+01
4.487741482047364627e+01 8.340112910618792341e+01 3.767195721925133967e+01
4.577510618792971542e+01 8.449128342245988676e+01 3.820416806722688818e+01
4.729478686019862721e+01 8.678852406417112775e+01 3.944288770053476156e+01
4.817716577540107181e+01 8.806802597402597144e+01 4.016353246753246964e+01
4.810681894576012496e+01 8.707304507257448734e+01 3.928131856378914932e+01
4.751635446906035298e+01 8.550172803666920629e+01 3.810283116883116605e+01
4.755568067226890605e+01 8.547205194805194139e+01 3.805741023682200108e+01
4.913041711229946173e+01 8.824714132925898014e+01 3.989989304812834092e+01
4.997609778456837404e+01 9.028215278838808899e+01 4.153466615737203682e+01
4.909718258212375730e+01 8.939902826585179696e+01 4.157535981665393621e+01
4.922439419404125260e+01 8.965443239113827190e+01 4.225111841100076049e+01
5.076733995416348222e+01 9.191161191749426962e+01 4.392215584415584573e+01
5.009705423987777095e+01 9.033994652406417458e+01 4.275887089381207318e+01
4.536850420168067188e+01 8.144033155080214215e+01 3.695412987012986861e+01
4.215611764705882081e+01 7.611537967914438241e+01 3.340328189457601127e+01
3.807143009931245103e+01 6.953509702062643782e+01 2.926445989304813011e+01
3.498295187165775388e+01 6.460104660045836056e+01 2.635467074102368201e+01
3.314668601986249286e+01 6.191961191749427229e+01 2.470211153552330074e+01
3.217247211611917379e+01 6.037853475935828840e+01 2.390723300229182513e+01
2.986899618029029924e+01 5.663122383498853907e+01 2.193824904507257401e+01
2.879207792207792238e+01 5.516437585943468491e+01 2.145284186401833537e+01
2.901719786096256826e+01 5.560898854087089660e+01 2.191204889228418651e+01
2.935861573720397288e+01 5.615797555385790929e+01 2.254670129870129713e+01
2.901671657754010525e+01 5.565819556913674404e+01 2.250807181054240047e+01
2.763623376623376515e+01 5.399774942704354430e+01 2.173914591291061882e+01
2.618043391902215333e+01 5.215670741023681956e+01 2.066994957983193260e+01
2.591146982429335210e+01 5.191523605805958397e+01 2.060449656226126791e+01
2.541023071046600634e+01 5.110490603514132602e+01 2.004980901451489572e+01
2.563051948051948159e+01 5.081293048128342349e+01 1.977503284950343598e+01
2.497304965622612727e+01 4.863911841100076572e+01 1.765198013750955042e+01
2.367730786860198577e+01 4.601371275783040460e+01 1.535757066462948828e+01
2.249265240641711117e+01 4.390435141329258784e+01 1.374960580595874760e+01
2.196749274255156692e+01 4.286120550038197052e+01 1.295219862490450780e+01
2.123731398013751104e+01 4.134857142857142520e+01 1.161881894576012186e+01
2.016381818181818275e+01 3.975660504201680823e+01 1.029827043544690568e+01
1.976127883880825209e+01 3.942584873949579816e+01 1.004531092436974760e+01
1.957267379679144526e+01 4.008359663865546452e+01 1.080381970970206318e+01
1.956612528647822913e+01 4.156821237585943152e+01 1.264237433155080126e+01
2.002953093964858766e+01 4.247333231474407711e+01 1.348852711993888498e+01
2.047808861726508667e+01 4.281506340718105719e+01 1.372579679144384990e+01
2.065651948051948139e+01 4.271293200916730370e+01 1.357451336898395766e+01
2.156457142857142983e+01 4.340117341482047664e+01 1.379579984721161168e+01
2.410462184873949454e+01 4.623150190985484898e+01 1.561625668449197946e+01
2.795934912146676865e+01 5.153528953399541734e+01 1.899586554621848578e+01
3.091887547746371112e+01 5.589093964858670915e+01 2.183941176470588275e+01
3.319572039724980783e+01 5.948941176470588488e+01 2.403367456073338460e+01
3.520075324675324424e+01 6.269435905271199516e+01 2.623701909854851166e+01
3.626325439266615547e+01 6.478254851031321948e+01 2.775133995416348398e+01
3.573916424751718779e+01 6.418361955691366916e+01 2.755833460656990042e+01
3.404245989304812525e+01 6.135269060351413373e+01 2.571612681436210934e+01
3.316642016806722637e+01 5.970960275019098873e+01 2.452643544690603505e+01
3.247568220015278939e+01 5.836696256684491857e+01 2.360506187929717470e+01
3.210455920550037945e+01 5.769867226890756484e+01 2.299597708174178834e+01
3.228705118411000541e+01 5.793997402597402413e+01 2.311879449961802990e+01
3.190850267379679295e+01 5.705661420932009520e+01 2.245154010695187097e+01
3.154740412528647653e+01 5.641358747135218010e+01 2.212800000000000011e+01
3.124368067226890844e+01 5.579866462948815808e+01 2.180056073338426259e+01
3.095829946524064269e+01 5.532700381970970227e+01 2.147737051184110157e+01
3.099835752482811202e+01 5.538987929717341530e+01 2.158429793735676228e+01
3.136631779984721291e+01 5.580560733384263017e+01 2.178514744079449983e+01
3.261338731856378814e+01 5.750493812070282473e+01 2.283062337662337526e+01
3.451207028265852017e+01 6.018389152024445821e+01 2.442552635599694355e+01
3.666063407181054146e+01 6.385462796027501753e+01 2.675143315508021402e+01
3.807468601986249013e+01 6.709342093200916679e+01 2.892480213903743191e+01
3.839465087853323411e+01 6.901583193277311068e+01 3.042366997708174026e+01
3.630220932009167001e+01 6.650506035141329164e+01 2.910056837280366793e+01
3.223870893812070193e+01 6.089760886172651055e+01 2.600983957219251508e+01
2.867013750954927431e+01 5.561746218487395055e+01 2.266235446906035023e+01
2.428574942704354456e+01 4.904097631779984567e+01 1.840935523300229093e+01
2.170505882352941285e+01 4.593334606569900558e+01 1.656948968678380396e+01
2.002705118411000740e+01 4.370411764705882263e+01 1.498655614973262118e+01
1.966064018334606445e+01 4.271514591291062146e+01 1.359049809014514842e+01
2.022434224598930541e+01 4.334237433155080055e+01 1.372474560733384230e+01
2.210945760122230652e+01 4.578578151260504114e+01 1.539045683728036629e+01
2.388121313980137472e+01 4.870943773873185734e+01 1.751927731092436957e+01
2.731708479755538477e+01 5.428357983193277647e+01 2.121061420932009156e+01
3.253104507257448574e+01 6.328425515660809708e+01 2.740471504965622529e+01
3.386280519480519757e+01 6.588324828113063347e+01 2.922335676088617262e+01
3.544711382734912064e+01 6.933793582887700779e+01 3.172847211611917473e+01
3.758705729564552911e+01 7.281553399541634519e+01 3.378815737203972702e+01
3.876520550038197399e+01 7.468104201680672816e+01 3.476018945760122136e+01
3.837444919786096165e+01 7.426797555385790872e+01 3.450283269671504627e+01
3.597777387318564024e+01 6.938115660809778262e+01 3.122924522536287384e+01
3.411687242169595180e+01 6.543285255920550014e+01 2.853591749427043567e+01
3.390421695951107495e+01 6.477059281894575804e+01 2.781972956455309287e+01
3.456859740259740477e+01 6.589682811306340682e+01 2.815621390374331412e+01
3.511724980901451687e+01 6.693099465240641166e+01 2.838938273491214659e+01
3.638286783804430513e+01 6.897267226890755865e+01 2.946749885408708991e+01
3.940763177998471889e+01 7.402502215431627519e+01 3.261445836516424635e+01
4.299799541634835975e+01 8.047395110771581983e+01 3.690276394194041387e+01
4.629698548510312861e+01 8.587006111535522734e+01 4.059251336898395834e+01
4.885826585179526660e+01 9.014720091673032698e+01 4.326135370511840961e+01
4.824027501909854720e+01 8.920682352941176418e+01 4.232635141329259199e+01
4.799479144385026785e+01 8.889239572192514061e+01 4.186148357524827901e+01
4.884117494270435600e+01 9.053490145148968793e+01 4.273357983193277221e+01
5.006222001527883947e+01 9.254193430099311968e+01 4.405314744079449696e+01
5.263080519480519825e+01 9.678836058059587799e+01 4.723767150496562550e+01
5.558005042016806385e+01 1.013242108479755501e+02 5.076184262796027724e+01
5.680245072574484055e+01 1.032538563789152022e+02 5.235078380443086132e+01
5.619861879297173601e+01 1.020725637891520279e+02 5.163029488158900193e+01
5.426276241405653167e+01 9.932711841100076811e+01 4.986122383498854305e+01
5.416380595874713322e+01 9.927909090909091105e+01 4.983654087089381335e+01
5.493806722689075883e+01 1.006021054239877799e+02 5.061571886936592790e+01
5.650272880061115188e+01 1.031700458365164224e+02 5.242972039724980959e+01
5.804379067990832652e+01 1.065011474407944974e+02 5.507508479755538389e+01
6.046205500381970666e+01 1.114748663101604222e+02 5.867783804430862915e+01
6.793638808250572936e+01 1.252641329258976270e+02 6.929811306340718602e+01
7.566046600458365390e+01 1.384578945760122224e+02 7.977375248281130382e+01
7.938650878533231037e+01 1.441659724980901558e+02 8.431566692131397645e+01
8.195079144385026382e+01 1.477740061115355275e+02 8.649344537815126444e+01
8.182773414820474045e+01 1.474194728800611074e+02 8.557780443086325306e+01
8.293365164247516930e+01 1.485309182582123810e+02 8.595046447669976430e+01
8.743377387318564331e+01 1.543319511077158097e+02 9.058385637891520048e+01
9.232898701298701383e+01 1.600225607333842675e+02 9.529049656226126785e+01
9.578252253628724588e+01 1.636459098548510269e+02 9.816121466768525750e+01
9.965963177998472133e+01 1.677536745607333728e+02 1.016014148204736500e+02
1.049925775401069501e+02 1.741428357524828243e+02 1.072233735676088600e+02
1.093851688311688264e+02 1.795433628724217101e+02 1.122000229182582132e+02
1.125547119938884606e+02 1.833610832696714965e+02 1.158213307868602016e+02
1.156680000000000064e+02 1.868871184110007562e+02 1.192161191749427047e+02
1.195915798319327763e+02 1.918322154316271906e+02 1.247954576012223100e+02
1.252695935828876941e+02 1.980915523300229211e+02 1.314727058823529546e+02
1.285286676852559253e+02 2.016280397249809084e+02 1.351594148204736427e+02
1.280298899923605802e+02 2.012476424751718866e+02 1.345333231474407967e+02
1.254216119174942747e+02 1.984941711229946577e+02 1.314862368220015298e+02
1.232274851031321674e+02 1.966655538579067866e+02 1.292057081741787670e+02
1.215412971734148186e+02 1.951778869365928131e+02 1.274175935828877044e+02
1.195785637891520281e+02 1.932349549274255196e+02 1.253873919022154269e+02
1.188096806722689109e+02 1.924844018334606517e+02 1.245856073338426313e+02
1.197630496562261300e+02 1.936269900687547647e+02 1.257668907563025158e+02
1.214943361344537749e+02 1.953130664629488251e+02 1.274320748663101597e+02
1.201994591291061880e+02 1.939238166539342956e+02 1.259658090145149032e+02
1.168472635599694485e+02 1.904677860962566740e+02 1.225035080213903740e+02
1.151115477463712722e+02 1.885749243697478903e+02 1.205851459129106189e+02
1.157367028265851729e+02 1.893307960275019184e+02 1.213382123758594417e+02
1.167831474407944938e+02 1.910644782276546891e+02 1.232687776928953411e+02
1.168724751718869328e+02 1.914932253628724084e+02 1.237395996944232195e+02
1.160755462184873892e+02 1.905938884644766915e+02 1.228499159663865612e+02
1.160138640183346013e+02 1.906040962566844996e+02 1.228534652406417109e+02
1.163544369747899196e+02 1.909384201680672390e+02 1.232204247517188662e+02
1.163326371275783089e+02 1.908106707410236709e+02 1.231177387318563774e+02
1.168262521008403354e+02 1.914112070282658635e+02 1.238662414056531702e+02
1.181735248281130595e+02 1.930526462948815833e+02 1.255983544690603537e+02
1.178423300229182615e+02 1.927787379679144522e+02 1.252514255156608129e+02
1.157695889992360634e+02 1.905713262032085424e+02 1.230769289533995448e+02
1.153626676852559143e+02 1.899833827349121407e+02 1.225407715813598202e+02
1.164791611917494265e+02 1.912317326203208552e+02 1.239651886936592859e+02
1.174419190221543232e+02 1.922759419404125367e+02 1.250176271963330805e+02
1.170985729564553139e+02 1.918894255156608040e+02 1.245612834224598942e+02
1.169809182582123697e+02 1.918710832696715158e+02 1.244772910618792991e+02
1.187061084797555424e+02 1.936218441558441441e+02 1.261697417876241474e+02
1.213272803666921362e+02 1.964529488158899824e+02 1.289174071810542443e+02
1.235172284186401868e+02 1.988600947288006182e+02 1.314207074102368153e+02
1.242997723453017613e+02 1.997900259740259798e+02 1.322921375095492635e+02
1.241867181054239921e+02 1.997149503437738645e+02 1.321237983193277330e+02
1.236359786096256670e+02 1.993370878533231405e+02 1.315591138273491083e+02
1.232628922841864068e+02 1.989035064935064838e+02 1.309334866310160521e+02
1.229450313216195525e+02 1.983542887700534720e+02 1.302622948815889856e+02
1.226851245225362845e+02 1.978987547746371263e+02 1.297797112299465141e+02
1.219698869365928147e+02 1.969540351413292569e+02 1.287612345301756989e+02
1.203947303284950294e+02 1.951285133689839597e+02 1.271155660809778425e+02
1.191354300993124582e+02 1.935683621084797608e+02 1.257574132925897601e+02
1.170616546982429327e+02 1.914305454545454666e+02 1.236808021390374392e+02
1.137351138273491244e+02 1.877173567608861617e+02 1.200087944996180340e+02
1.104110710466004548e+02 1.839558808250573065e+02 1.161320962566844912e+02
1.090945668449197825e+02 1.821542139037433117e+02 1.146505011459129122e+02
1.098817784568372815e+02 1.830467654698242939e+02 1.157142933537051164e+02
1.128081100076394137e+02 1.863943193277310968e+02 1.191283728036669203e+02
1.157078747135217753e+02 1.893437402597402581e+02 1.221914041252864820e+02
1.161263728036669249e+02 1.896584339190221442e+02 1.224818242933537107e+02
1.143851948051948000e+02 1.876382551566080963e+02 1.203580580595874778e+02
1.125575492742551518e+02 1.855594576012223058e+02 1.181789060351413241e+02
1.107296378915202411e+02 1.832570572956455237e+02 1.158116149732620386e+02
1.091480259740259697e+02 1.813007807486631009e+02 1.138439434682964162e+02
1.085756501145912978e+02 1.802982811306340807e+02 1.128026829640947284e+02
1.084876455309396448e+02 1.798926371275782969e+02 1.124937540106951843e+02
1.085947578304048875e+02 1.798119022154316156e+02 1.125066401833460645e+02
1.074316516424751740e+02 1.784780366692131395e+02 1.112586142093200863e+02
1.059981650114591361e+02 1.767584828113063509e+02 1.096721191749427078e+02
1.060455355233002308e+02 1.767858655462184743e+02 1.096587333842628027e+02
1.080905286478227652e+02 1.784930970206264362e+02 1.111881298701298704e+02
1.105639847211611908e+02 1.809240366692131374e+02 1.134299205500381902e+02
1.135074316271963397e+02 1.840681207028265760e+02 1.164371627196333066e+02
1.171506707410236885e+02 1.879431077158135963e+02 1.203051993888464466e+02
1.198535935828876973e+02 1.906955752482811306e+02 1.231587012987013026e+02
1.218943682200152807e+02 1.928420198624904458e+02 1.253493399541634830e+02
1.251139144385026754e+02 1.961483315508021406e+02 1.289576898395721969e+02
1.295474025974025949e+02 2.005861252864782216e+02 1.338406340718105412e+02
1.339653781512604951e+02 2.050158517952635577e+02 1.388244415584415492e+02
1.372163758594346916e+02 2.083796852559205490e+02 1.428651398013751077e+02
1.395935752482811267e+02 2.106192834224598869e+02 1.452821222307104563e+02
1.397191779984721052e+02 2.105543177998472117e+02 1.449539251336898360e+02
1.375574392666157451e+02 2.081965423987776944e+02 1.419115828877005470e+02
1.340437631779984713e+02 2.047524919786096120e+02 1.376356776165011411e+02
1.299572971734148155e+02 2.008266783804430986e+02 1.329033903743315648e+02
1.253658426279602764e+02 1.966679312452253612e+02 1.285700351413292708e+02
1.220719358288770025e+02 1.936941054239877644e+02 1.254906279602750203e+02
1.215718135981665426e+02 1.936113368983957344e+02 1.255439404125286416e+02
1.219162261268143652e+02 1.947138365164247489e+02 1.269398456837280378e+02
1.205457494270435461e+02 1.938719877769289610e+02 1.263750954927425454e+02
1.168506692131397955e+02 1.902390542398777598e+02 1.227985087853323165e+02
1.131511795263560032e+02 1.861027303284950278e+02 1.187350970206264265e+02
1.104252375859434636e+02 1.832453399541634838e+02 1.159493674560733325e+02
1.085040366692131357e+02 1.810906432391138310e+02 1.139259449961802915e+02
1.083323208556149666e+02 1.808975569136745492e+02 1.138479190221543149e+02
1.104191810542398713e+02 1.836122016806722570e+02 1.164165087853323115e+02
1.126547272727272713e+02 1.855790099312452242e+02 1.180501451489686815e+02
1.123463682200152789e+02 1.845379159663865494e+02 1.167614973262032123e+02
1.107046646294881640e+02 1.823024094728800719e+02 1.143415492742551578e+02
1.088644094728800553e+02 1.798631077158136122e+02 1.118268968678380446e+02
1.074407196333078645e+02 1.776218365164247643e+02 1.093206585179526371e+02
1.065380626432391153e+02 1.762649931245225332e+02 1.076344736440030516e+02
1.060959358288770034e+02 1.754045194805194683e+02 1.067089671504965622e+02
1.054596103896103898e+02 1.743282398777692777e+02 1.056492207792207836e+02
1.054217799847211552e+02 1.740447700534759292e+02 1.053665133689839593e+02
1.056598288770053529e+02 1.748049595110771577e+02 1.064605805958747169e+02
1.065093445378151245e+02 1.759266065699006845e+02 1.079213674560733409e+02
1.075151795263559933e+02 1.770869686783804298e+02 1.093216653934300950e+02
1.077277677616501137e+02 1.772129900687547774e+02 1.097013766233766177e+02
1.072938686019862473e+02 1.764787333842627959e+02 1.092541925133689773e+02
1.058659480519480525e+02 1.730028433919022177e+02 1.057863544690603561e+02
1.042093567608861662e+02 1.701310771581359802e+02 1.030185851795263545e+02
1.053092818945760172e+02 1.709678380443086212e+02 1.038369335370511806e+02
1.082691000763941958e+02 1.740408877005347676e+02 1.066540840336134437e+02
1.121867715813598210e+02 1.780215951107715853e+02 1.103960488922841847e+02
1.153880015278838869e+02 1.814386646294881587e+02 1.137284751718869416e+02
1.174101695951107729e+02 1.833933735676088759e+02 1.158841191749427111e+02
1.169779174942704287e+02 1.829675752482811220e+02 1.155998670741023631e+02
1.154060779220779267e+02 1.813487547746371149e+02 1.140868051948051942e+02
1.165186829640947224e+02 1.826332987012987132e+02 1.150502139037433125e+02
1.202227731092437040e+02 1.866497173414820452e+02 1.185506355996944166e+02
1.228450542398777685e+02 1.894754698242933557e+02 1.210982047364400245e+02
1.267857341482047389e+02 1.935536623376623311e+02 1.254163391902215494e+02
1.325972574484339077e+02 1.993064201680672340e+02 1.315996883116883112e+02
1.369822857142857231e+02 2.043581466768525559e+02 1.370545240641711189e+02
1.389170725744843367e+02 2.065249060351413277e+02 1.394065851795263598e+02
1.397936363636363524e+02 2.075071168831168791e+02 1.403729213139801288e+02
1.433846203208556176e+02 2.106441283422459776e+02 1.436372864782276508e+02
1.466954453781512484e+02 2.137642597402597460e+02 1.471855019098548496e+02
1.473389228418640187e+02 2.146375889992360442e+02 1.481410343773873137e+02
1.476768479755538692e+02 2.156253521772345323e+02 1.498574163483575319e+02
1.498629549274255055e+02 2.178644400305576880e+02 1.527670954927425555e+02
1.509692207792207910e+02 2.190402994652406505e+02 1.544092223071046703e+02
1.486128983957219134e+02 2.172992589763177875e+02 1.523987012987012974e+02
1.457743132161955657e+02 2.152260076394194073e+02 1.498283025210083963e+02
1.452603040488922943e+02 2.152353491214667827e+02 1.495707242169595190e+02
1.458519511077158199e+02 2.161223712757830526e+02 1.505652268907562927e+02
1.454755034377387233e+02 2.160399220779220855e+02 1.503916195569136676e+02
1.442101038961039023e+02 2.150321527883880890e+02 1.491470389610389589e+02
1.431040122230710381e+02 2.141796149732620336e+02 1.481088708938120817e+02
1.420115614973261984e+02 2.133359190221543145e+02 1.468402276546982534e+02
1.399124491978609512e+02 2.114174377387318486e+02 1.443539969442322501e+02
1.367426753246753321e+02 2.079630832696715004e+02 1.402642032085561539e+02
1.307004033613445415e+02 2.016530435446906040e+02 1.329553980137509654e+02
1.228348907563025278e+02 1.932356210847975433e+02 1.237415492742551635e+02
1.144571321619556983e+02 1.838126906035141417e+02 1.143280168067226867e+02
1.044606325439266641e+02 1.716520565317035789e+02 1.034114377387318626e+02
9.351496867838044125e+01 1.574756546982429199e+02 9.184827349121466966e+01
8.424656531703590190e+01 1.446508953399541610e+02 8.194097173414820645e+01
7.767906493506492893e+01 1.354010924369747784e+02 7.512021848739496477e+01
7.635057142857142765e+01 1.327728525592054893e+02 7.327209167303284687e+01
7.461379526355996461e+01 1.295065592055003947e+02 7.068166692131397610e+01
7.639016959511077687e+01 1.310300106951871726e+02 7.133418487394958163e+01
7.489284797555386319e+01 1.280687349121466809e+02 6.856425821237586149e+01
7.446119938884645251e+01 1.275662536287242119e+02 6.822974331550801708e+01
7.120744996180290798e+01 1.224078686019862516e+02 6.421612375859434962e+01
6.976321619556914300e+01 1.200358517952635538e+02 6.240493964858670495e+01
6.974372039724980255e+01 1.198534927425515662e+02 6.194986860198624612e+01
7.117252406417112809e+01 1.213480427807486564e+02 6.264555996944232419e+01
7.243560733384262562e+01 1.230830068754774658e+02 6.373673796791443635e+01
7.321552024446141615e+01 1.250735889992360512e+02 6.540507410236821784e+01
7.665521161191749400e+01 1.303231764705882370e+02 6.910110924369747920e+01
8.330359511077158174e+01 1.404883957219251442e+02 7.680767150496562579e+01
8.927588846447669368e+01 1.492942291825821144e+02 8.374409167303285528e+01
9.235971581359817151e+01 1.540746417112299582e+02 8.787149732620321174e+01
9.459086325439267284e+01 1.580699327731092296e+02 9.181033460656989575e+01
9.542067379679144778e+01 1.594991978609625676e+02 9.319088617265087748e+01
9.804911688311688067e+01 1.629220901451489567e+02 9.604940106951872281e+01
1.023034652406417138e+02 1.685573032849503363e+02 1.009106508785332323e+02
1.054260763941940411e+02 1.730077830404889312e+02 1.049669365928189393e+02
1.076127639419404147e+02 1.768812391138273483e+02 1.087608617265087787e+02
1.097841848739495845e+02 1.803747318563789293e+02 1.120750068754774702e+02
1.123026569900687548e+02 1.835786218487394876e+02 1.151171825821237604e+02
1.155003116883116832e+02 1.870595339954163592e+02 1.183644385026737922e+02
1.166231504965622605e+02 1.883307104660045752e+02 1.195505240641711282e+02
1.158290893812070266e+02 1.881622566844919788e+02 1.192666799083269638e+02
1.159419984721161256e+02 1.887417555385790706e+02 1.198276501145912931e+02
1.145981252864782221e+02 1.876755981665393449e+02 1.188601222307104592e+02
1.101968418640183387e+02 1.829373659281894504e+02 1.144550435446905965e+02
1.025423590527119870e+02 1.747747532467532494e+02 1.070606386554621849e+02
9.715641558441558345e+01 1.685051795263559882e+02 1.016055691367456006e+02
9.660504660045836545e+01 1.678518242933537010e+02 1.011288449197860899e+02
1.003052207792207753e+02 1.725856608097784601e+02 1.054577754010695116e+02
1.058556210847975620e+02 1.792344721161191785e+02 1.117683590527120003e+02
1.121563773873185568e+02 1.852675462184873822e+02 1.172836760886172698e+02
1.162657295645530979e+02 1.894091535523300251e+02 1.209706646294881551e+02
1.192581313980137452e+02 1.922571336898395771e+02 1.237334346829640879e+02
1.194305042016806766e+02 1.922504751718869329e+02 1.237133384262796056e+02
1.163367058823529447e+02 1.886917234530175733e+02 1.201182673796791391e+02
1.129815446906035135e+02 1.849791932773109124e+02 1.163375233002291793e+02
1.123213552330022935e+02 1.842529472880061121e+02 1.155831245225362807e+02
1.155644446142093216e+02 1.881894652406417094e+02 1.194304614209320050e+02
1.203248143621084836e+02 1.936918701298701251e+02 1.250439984721161153e+02
1.225980718105423932e+02 1.962495767761650143e+02 1.276754346829640951e+02
1.243565790679908361e+02 1.981285744843391967e+02 1.297281252864782175e+02
1.275004721161191696e+02 2.018407150496562394e+02 1.340972956455309486e+02
1.300247593582887760e+02 2.047396409472879952e+02 1.372891779984721268e+02
1.304026080977845652e+02 2.051997081741787667e+02 1.377226600458365056e+02
1.305458961038960979e+02 2.053160198624904638e+02 1.378931382734912177e+02
1.320514239877769285e+02 2.075490466004583539e+02 1.406496730328495062e+02
1.357874056531703673e+02 2.114879526355996973e+02 1.457759327731092469e+02
1.402928922841863937e+02 2.155113949579831853e+02 1.510900458365164241e+02
1.428654514896867909e+02 2.177807379679144333e+02 1.539487104660045702e+02
1.411779159663865642e+02 2.163989747899159681e+02 1.520605867074102378e+02
1.337951382734912045e+02 2.099722032085561523e+02 1.438454774637127684e+02
1.246895508021390384e+02 2.008357677616501178e+02 1.331024873949579899e+02
1.193020351413292559e+02 1.950115874713521862e+02 1.270639801375095459e+02
1.195197784568372867e+02 1.950768540870893730e+02 1.272726554621848720e+02
1.231299159663865481e+02 1.986856669213139810e+02 1.309052146676852431e+02
1.271990420168067288e+02 2.030985362872421831e+02 1.355399633307868612e+02
1.311541818181818257e+02 2.069405347593582860e+02 1.395148143621084671e+02
1.351702841864018296e+02 2.105238441558441593e+02 1.437533735676088611e+02
1.405310496562261164e+02 2.155043529411764780e+02 1.501134942704354387e+02
1.451172391138273383e+02 2.192257005347593690e+02 1.550682261268143520e+02
1.489656546982429290e+02 2.213191550802139034e+02 1.575469274255156620e+02
1.493246187929717337e+02 2.209149717341481960e+02 1.563071245225362986e+02
1.507631168831168793e+02 2.221717494270435509e+02 1.580909136745607384e+02
1.548379022154316260e+02 2.261355508021390506e+02 1.642003972498090150e+02
1.601993964858670836e+02 2.314963468296409417e+02 1.727734346829641083e+02
1.628255905271199424e+02 2.344107501909854818e+02 1.778598258212375924e+02
1.637518441558441680e+02 2.357982505729564480e+02 1.805127639419404204e+02
1.634525423987776946e+02 2.356834209320091702e+02 1.805975523300229213e+02
1.602861237585943570e+02 2.329023315508021312e+02 1.767510802139037480e+02
1.523067929717341542e+02 2.261088143621084896e+02 1.673289457601222239e+02
1.422176867838044245e+02 2.176319938884644785e+02 1.555470603514132790e+02
1.344031703590527229e+02 2.103587639419404240e+02 1.468799694423223912e+02
1.319072314744079506e+02 2.079180733384262680e+02 1.440707731092437029e+02
1.295321757066462851e+02 2.059335019098548401e+02 1.416346722689075648e+02
1.272204614209320113e+02 2.036729289533995484e+02 1.387580366692131406e+02
1.215385454545454564e+02 1.972127440794499478e+02 1.306100244461420914e+02
1.122029824293353641e+02 1.863325271199388737e+02 1.189369625668449260e+02
1.053882979373567679e+02 1.780476592818945676e+02 1.103356409472880131e+02
1.011242857142857190e+02 1.724802093200916602e+02 1.048423621084797617e+02
1.008736546982429303e+02 1.719694698242933555e+02 1.041475905271199451e+02
1.025419281894576073e+02 1.739872039724980937e+02 1.059703453017570638e+02
1.081713399541634857e+02 1.802953277310924420e+02 1.118850038197096950e+02
1.152863101604278029e+02 1.884736027501909916e+02 1.202005714285714220e+02
1.213929442322383494e+02 1.952352895339954273e+02 1.271645255920549999e+02
1.263573323147440846e+02 2.006900825057295776e+02 1.328894606569900816e+02
1.295577035905271259e+02 2.039310420168067139e+02 1.363998869365928215e+02
1.303237097020626436e+02 2.051986569900687414e+02 1.376279251336898426e+02
1.300546967150496585e+02 2.053219006875477533e+02 1.376253078686019933e+02
1.279222643239113779e+02 2.034385653170359092e+02 1.354350252100840351e+02
1.280460106951871637e+02 2.035836256684492014e+02 1.356287104660045770e+02
1.294704491978609724e+02 2.055911764705882376e+02 1.382704950343773760e+02
1.311945210084033704e+02 2.072695645530939714e+02 1.400684766997708266e+02
1.325770099312452146e+02 2.083248311688311674e+02 1.411483559969442183e+02
1.344915233002291757e+02 2.101652513368983932e+02 1.432996638655462220e+02
1.343917326203208518e+02 2.101247272727272843e+02 1.433410007639419348e+02
1.333278517952635696e+02 2.091088174178762529e+02 1.421763086325439360e+02
1.304408525592054957e+02 2.063681191749427057e+02 1.390097937356760838e+02
1.277496531703590534e+02 2.035663132161955673e+02 1.359602291825821112e+02
1.248725301757066433e+02 2.006285362872421558e+02 1.326084690603514105e+02
1.213178838808250504e+02 1.969048449197860862e+02 1.286631382734912279e+02
1.180292482811306343e+02 1.935717891520244507e+02 1.251917677616501123e+02
1.171839465240641687e+02 1.927108907563025184e+02 1.244793216195569130e+02
1.182616088617265149e+02 1.939160855614973400e+02 1.259659067990832710e+02
1.188992895339954146e+02 1.947497830404889214e+02 1.269060809778456900e+02
1.191780320855614974e+02 1.950966967150496600e+02 1.273174071810542358e+02
1.207535706646294926e+02 1.966101115355232878e+02 1.290007257448433791e+02
1.250467471352177284e+02 1.996477769289533910e+02 1.315810664629488258e+02
1.281003590527119798e+02 2.021323544690603455e+02 1.338543850267379582e+02
1.288746325439266514e+02 2.027779358288769913e+02 1.342964171122994514e+02
1.275392482811306394e+02 2.011999999999999886e+02 1.324779312452253635e+02
1.272514514896867865e+02 2.009069579831932799e+02 1.320566982429335496e+02
1.225799343009931306e+02 1.962606447669977001e+02 1.271711520244461440e+02
1.177631963330786817e+02 1.912095019098548505e+02 1.219018747135217779e+02
1.140488540870893814e+02 1.871714255156608147e+02 1.178918930481283383e+02
1.088900030557677638e+02 1.815839129106188068e+02 1.125434789915966434e+02
1.027914178762414110e+02 1.743861833460657067e+02 1.054822108479755514e+02
9.530649503437739156e+01 1.652013078686019867e+02 9.683273491214667672e+01
8.890441405653170648e+01 1.570519679144385066e+02 8.980804430863254595e+01
8.642294576012223217e+01 1.537477616501145974e+02 8.712245530939648575e+01
8.477750649350649326e+01 1.515554071810542496e+02 8.516166539343009845e+01
8.301308021390374847e+01 1.491494087089381253e+02 8.325378304048892630e+01
8.262048433919022727e+01 1.494876440030557774e+02 8.421808861726508155e+01
8.434168678380443396e+01 1.526933919022154384e+02 8.736120855614973379e+01
8.551982582123758903e+01 1.547312100840336200e+02 8.923617112299464793e+01
8.646626890756301975e+01 1.562122521008403453e+02 9.065345607333843247e+01
8.676927578304048438e+01 1.567471825821237701e+02 9.105083728036669299e+01
8.504510924369748182e+01 1.546996394194041216e+02 8.930856531703589951e+01
8.329546065699007329e+01 1.522113582887700431e+02 8.730583498854086599e+01
8.299507563025210288e+01 1.518481145912910506e+02 8.700254698242933671e+01
8.436763330786860138e+01 1.538278105423987654e+02 8.877628113063407511e+01
8.440172345301756707e+01 1.539575966386554740e+02 8.873661726508785819e+01
8.218992513368984021e+01 1.503836363636363558e+02 8.557108938120703101e+01
8.085245989304813463e+01 1.482280213903743231e+02 8.379136287242170056e+01
7.961887394957983588e+01 1.462739266615737108e+02 8.212247058823528789e+01
7.840266615737203892e+01 1.440452971734148093e+02 8.044930786860199134e+01
7.811220626432391612e+01 1.433718609625668421e+02 7.991234835752483434e+01
7.798633307868601605e+01 1.429547058823529539e+02 7.943966997708173494e+01
7.761402750190985955e+01 1.420942139037433094e+02 7.875312146676851910e+01
7.895033002291825142e+01 1.437320519480519465e+02 7.985821237585943777e+01
8.143027807486630820e+01 1.470572666157372055e+02 8.224059434682963854e+01
8.494376012223071370e+01 1.521002826585179548e+02 8.629200152788388323e+01
8.901142245989305479e+01 1.569977662337662423e+02 9.008117035905270598e+01
9.258613598166539305e+01 1.616775905271199463e+02 9.374748204736440016e+01
9.554681436210847778e+01 1.654192925897631881e+02 9.680019862490451032e+01
9.550907715813598031e+01 1.656760870893812125e+02 9.703198777692895760e+01
9.353411000763941274e+01 1.631594255156608142e+02 9.488288617265088476e+01
