2.231621359459920484e+02 3.923312617289366244e+01 3.440205698130681355e+01
2.232600570300504614e+02 3.933301649971972580e+01 3.448867929126758014e+01
2.233757939119202547e+02 3.945030342911456955e+01 3.459599327337866725e+01
2.239516073212936647e+02 4.005113207087324412e+01 3.519283468596914588e+01
2.240779459433111640e+02 4.026592088908386557e+01 3.476285247739514261e+01
2.233192025541663668e+02 3.978243279471619331e+01 3.341230289293461198e+01
2.203880968048548539e+02 3.790075796349101722e+01 3.135433209037069702e+01
2.194120006824108486e+02 3.719122127172138192e+01 3.076307669810631040e+01
2.190873680875435525e+02 3.672356510930760010e+01 3.037240622943627955e+01
2.194961419414588875e+02 3.677298140430406193e+01 3.046909897394652944e+01
2.202928419975140741e+02 3.721049937851868350e+01 3.098219882527844860e+01
2.206990714337939608e+02 3.763127391484487561e+01 3.110416514342814054e+01
2.208804026224074448e+02 3.787660549340742477e+01 3.131760863737174461e+01
2.210456825327191552e+02 3.794947722453754579e+01 3.151696034705466687e+01
2.211814725451487789e+02 3.817481903926299935e+01 3.157386366405888367e+01
2.210279885939899032e+02 3.818786283541712123e+01 3.134806365918451831e+01
2.206893617021276555e+02 3.792775218737052256e+01 3.129054129804294249e+01
2.204046452682118513e+02 3.767952523701591616e+01 3.108325899929321778e+01
2.203076454388145464e+02 3.745719577880139184e+01 3.105063001145475354e+01
2.203058906680314806e+02 3.739998050254685324e+01 3.107507006897224144e+01
2.204911798396334461e+02 3.753245107357851396e+01 3.125483171260754034e+01
2.207994443225853729e+02 3.780574687431454350e+01 3.151704321123053276e+01
2.211675026199702643e+02 3.806730033389388268e+01 3.179995613073042193e+01
2.215337427798493763e+02 3.834685481708951471e+01 3.206785113694523659e+01
2.218190343886329856e+02 3.865671809119933755e+01 3.225915527284248441e+01
2.220258584972337985e+02 3.888612512490556128e+01 3.241104530720674859e+01
2.221906460968536123e+02 3.917168969803319101e+01 3.247241841534449236e+01
2.223554239477468286e+02 3.933365991567351472e+01 3.236294509029757904e+01
2.224676902829567950e+02 3.955373741804977072e+01 3.226873339670005691e+01
2.225079671467914579e+02 3.969013672589017716e+01 3.225726401988740122e+01
2.226086373717433275e+02 3.978030757232336612e+01 3.231806195315736829e+01
2.227490872754746363e+02 3.991743316029343447e+01 3.233636031293412572e+01
2.228491287075625849e+02 4.012715264068631171e+01 3.237031512758645846e+01
2.229974653310911208e+02 4.028193804684263313e+01 3.247741463771294690e+01
2.231594696692744435e+02 4.044735443932636088e+01 3.270979503302380920e+01
2.233902902683337004e+02 4.065570422363578729e+01 3.286022763276547209e+01
2.235916989593234518e+02 4.088826984475152670e+01 3.287350539835733798e+01
2.237523238526967475e+02 4.107905729814043383e+01 3.305245789768711262e+01
2.238458385123443293e+02 4.127694669883746315e+01 3.311322658477736525e+01
2.236395749555214252e+02 4.122650678755087483e+01 3.284649655138797186e+01
2.220793692573907663e+02 4.014540225683020225e+01 3.189553264604811034e+01
2.199683653822719407e+02 3.814980380687772765e+01 3.070224951865662533e+01
2.185371304623333515e+02 3.666680802320196619e+01 2.987910604177329432e+01
2.180450244936755269e+02 3.590710925885306182e+01 2.956870658770198190e+01
2.182564938704881570e+02 3.585353025761010315e+01 2.986425873120323615e+01
2.188710145987180340e+02 3.622457653968950098e+01 3.018025395432721680e+01
2.194126294752747981e+02 3.666532134239965046e+01 3.038421193731568692e+01
2.197176183860983087e+02 3.685318905218005625e+01 3.061986790475494047e+01
2.199567790207404130e+02 3.699650995588701363e+01 3.076966196290609545e+01
2.201432234164412307e+02 3.716351539080207544e+01 3.084847066851892450e+01
2.200207160439667575e+02 3.716544076430016474e+01 3.067009334405693366e+01
2.196511710657795220e+02 3.675779776266725207e+01 3.049098973946528091e+01
2.192149594209256520e+02 3.632573907533328139e+01 3.030645121980941070e+01
2.188119616875045779e+02 3.597693451292924749e+01 3.006585752236114217e+01
2.186962784236309005e+02 3.583752284857790471e+01 3.005221417952279950e+01
2.188211108673929459e+02 3.595717871852988878e+01 3.016647900368014490e+01
2.191749116521654344e+02 3.625111257342009452e+01 3.035486339596890204e+01
2.195007335916745888e+02 3.651688235724208198e+01 3.061191781823499269e+01
2.197776023006994706e+02 3.685263337476541778e+01 3.080354366210913852e+01
2.200335209963198508e+02 3.716870171333869166e+01 3.093826618897906400e+01
2.202319806975213794e+02 3.732950208379030244e+01 3.096771221759157555e+01
2.204226901610977052e+02 3.751715044722283210e+01 3.104297726109527034e+01
2.205019034388633088e+02 3.764047671272940221e+01 3.124575564816845841e+01
2.205507201871755569e+02 3.777006166069557480e+01 3.116906729058516845e+01
2.205260315371304500e+02 3.789868148473105691e+01 3.109407521142550834e+01
2.205641344349394330e+02 3.791115498038068665e+01 3.116571372864419587e+01
2.206357973239745434e+02 3.803160049718505320e+01 3.109908118252053200e+01
2.206393556091735491e+02 3.801910262971899357e+01 3.121492530038263880e+01
2.207262606322049123e+02 3.804074480271014380e+01 3.126263069386561355e+01
2.208454290658282844e+02 3.827329580073602955e+01 3.120483049401671849e+01
2.210144281153274335e+02 3.839762618507957370e+01 3.136831176427579138e+01
2.211440228120201823e+02 3.853352830786478478e+01 3.148005654261412189e+01
2.213688284467841356e+02 3.867301308766542434e+01 3.162467890131851433e+01
2.215181935609660968e+02 3.880040457215276462e+01 3.171868099729472945e+01
2.215790841071384989e+02 3.889434817576953662e+01 3.179305403231702698e+01
2.207097024201213742e+02 3.816241865906265929e+01 3.118433379639784420e+01
2.186258974921400977e+02 3.647130218615193087e+01 2.989276888206477878e+01
2.168916380297823707e+02 3.486786088567180997e+01 2.887827740001462473e+01
2.160242060880797510e+02 3.394413004801247524e+01 2.845569934927249989e+01
2.158580926616460829e+02 3.375594550461845955e+01 2.827704906046647793e+01
2.162850820111623023e+02 3.382664814408617815e+01 2.866376642051131896e+01
2.169053106188004278e+02 3.429867661036777093e+01 2.902982622894884202e+01
2.174253856839950174e+02 3.458810655358144004e+01 2.945913090102605381e+01
2.178064634057176363e+02 3.487425117594014523e+01 2.981290243961882425e+01
2.182259657332261042e+02 3.523554385708366965e+01 2.995785138066339925e+01
2.182948112402817458e+02 3.527325193146645432e+01 2.998876459262508831e+01
2.179350929784796733e+02 3.509562038458726363e+01 2.974183909726792052e+01
2.173398016134142381e+02 3.471310472569520300e+01 2.945073724744705146e+01
2.169295069581535813e+02 3.436891618532329318e+01 2.910969754575808466e+01
2.167856839950281369e+02 3.422818356852135935e+01 2.907077088055372727e+01
2.169174477833832952e+02 3.439612488118739719e+01 2.916524578976871140e+01
2.173941605127830314e+02 3.466338622017499205e+01 2.948756793643830321e+01
2.179060563963832351e+02 3.508635421998001647e+01 2.993179790889815095e+01
2.184731544442007305e+02 3.536522141795227725e+01 3.034543150300991954e+01
2.188841217615948835e+02 3.565117106577952910e+01 3.052938022470814872e+01
2.192163778606419555e+02 3.602290950744558984e+01 3.074309180863249580e+01
2.194798176988130933e+02 3.631309985133191987e+01 3.075583339426287566e+01
2.196748848431673480e+02 3.649576661548584866e+01 3.097398552314103881e+01
2.198150374107382277e+02 3.668162121322902181e+01 3.105548975165119074e+01
2.199694767371012176e+02 3.681251736491920923e+01 3.112825424678901243e+01
2.200554263849284666e+02 3.696691282201262396e+01 3.117520898832589893e+01
2.202129414345251064e+02 3.719833296775608744e+01 3.108023201969242777e+01
2.203445882381613785e+02 3.728638346615973376e+01 3.122348955667665749e+01
2.205039847919865394e+02 3.753656016182885935e+01 3.132556359825497694e+01
2.206176939387292464e+02 3.773857327386610194e+01 3.152733299212790286e+01
2.209032633862201749e+02 3.804787112183471010e+01 3.160889083863420268e+01
2.211445492432551134e+02 3.834743486632059017e+01 3.181503253637493600e+01
2.214179864005264449e+02 3.859037800687285369e+01 3.183295557017864397e+01
2.216381711388949896e+02 3.886986424898247350e+01 3.191356779020740575e+01
2.213167020058004937e+02 3.870301966805585892e+01 3.166886013014550016e+01
2.195655626233823341e+02 3.742465452950208515e+01 3.051445004996222465e+01
2.175343325778070209e+02 3.566617435597475350e+01 2.935175355219224613e+01
2.162157685652311727e+02 3.438161390168409071e+01 2.863735712022617008e+01
2.159961151324608295e+02 3.397314713265579655e+01 2.855617459969291616e+01
2.163542053569252630e+02 3.408416563086446871e+01 2.881937071969974085e+01
2.170266042748166058e+02 3.455021325339377825e+01 2.921316078087299672e+01
2.175890814262386925e+02 3.500826204577027312e+01 2.968616411981184910e+01
2.179878238405108277e+02 3.529058516731252126e+01 2.984718383661134311e+01
2.183046623284833458e+02 3.556994955033998451e+01 2.995986449270064256e+01
2.185480295386415150e+02 3.581057736833125915e+01 2.999314664521946838e+01
2.185143281908800645e+02 3.572801540298798528e+01 2.978474811727718219e+01
2.181507055640856834e+02 3.555568228900099825e+01 2.977057834320391905e+01
2.177763300918817606e+02 3.524698398771660379e+01 2.946426847992981024e+01
2.175233555116862760e+02 3.499379493553654896e+01 2.944058394872169870e+01
2.175050084082766659e+02 3.491685798542565067e+01 2.954068387316906552e+01
2.177383393044283650e+02 3.509451390412127125e+01 2.962378689283712419e+01
2.181457190904438050e+02 3.534868270332187734e+01 2.999875216299870928e+01
2.185666886013014505e+02 3.569864248982476340e+01 3.009558626404425752e+01
2.189116521654358962e+02 3.605426141210304536e+01 3.024362555141234665e+01
2.191877214788818264e+02 3.627939362920718480e+01 3.041587092686017968e+01
2.194265409080938696e+02 3.659195242621432698e+01 3.051869562038458739e+01
2.195400453315785683e+02 3.669323194657697940e+01 3.062164217299115165e+01
2.196359289317832975e+02 3.687742926080280625e+01 3.069207184811483913e+01
2.197323292144963602e+02 3.699187443640174422e+01 3.065624040359728042e+01
2.198382442543442892e+02 3.717683215130023910e+01 3.065973532207355490e+01
2.199655480002924719e+02 3.732423777144110488e+01 3.070370695327922661e+01
2.200811922692598159e+02 3.741813750578830877e+01 3.076100509370963465e+01
2.201483853671614099e+02 3.763034291145719124e+01 3.076405157076357000e+01
2.202315858740952024e+02 3.784178304209012822e+01 3.081680680461114719e+01
2.204275450269308578e+02 3.794987692232702159e+01 3.101988252784479982e+01
2.206411639979527592e+02 3.826059321001194036e+01 3.101821062123759987e+01
2.209190075796349220e+02 3.845522166167044276e+01 3.128015402987984572e+01
2.211218980770636904e+02 3.870135751017523518e+01 3.143082059905924908e+01
2.213724793448855621e+02 3.889317345421754624e+01 3.157678828203065891e+01
2.216400233969437750e+02 3.895039847919865394e+01 3.178332480319758346e+01
2.214751431844215404e+02 3.888630060198386929e+01 3.151118910092369063e+01
2.198202188589115451e+02 3.770025102970924280e+01 3.056933538056591360e+01
2.175417074894591849e+02 3.572453510760156803e+01 2.922323608978577170e+01
2.158230606127074509e+02 3.421492042601935424e+01 2.833711583924349853e+01
2.151983475908459411e+02 3.346361044088615699e+01 2.799843045502181127e+01
2.152792815188516045e+02 3.346444883137139925e+01 2.804439570081158095e+01
2.159006458531354440e+02 3.371678486997635815e+01 2.852782530281982076e+01
2.166799444322585373e+02 3.415170968292267162e+01 2.905244814896054351e+01
2.170789256903316868e+02 3.444652579756769484e+01 2.937773878287148577e+01
2.172800565426141191e+02 3.464709122370890526e+01 2.954740074577758335e+01
2.175927810679729930e+02 3.489167215032536262e+01 2.975174867782896015e+01
2.176617094392045146e+02 3.494536326192390874e+01 2.989949550339986928e+01
2.174992469108722730e+02 3.481354098120932861e+01 2.954976968633472367e+01
2.172047232580244156e+02 3.458226706636445869e+01 2.942883185883843922e+01
2.169665082498598565e+02 3.432910726036411830e+01 2.920401160098462157e+01
2.167516853111062289e+02 3.423687455826082982e+01 2.917850893227072362e+01
2.169490482805683484e+02 3.435286490702151951e+01 2.924174892154712424e+01
2.173571445979868884e+02 3.465231166678852759e+01 2.942006775364967908e+01
2.178029782359679132e+02 3.504490750895664064e+01 2.968143598742414113e+01
2.181919767980307654e+02 3.541952669932489783e+01 2.990971704321123070e+01
2.185683507591820955e+02 3.578220369964173386e+01 3.007913528795301161e+01
2.188394823426189930e+02 3.599685116131705342e+01 3.021483756184348479e+01
2.190357778265214108e+02 3.620430893714508613e+01 3.032858082912919429e+01
2.192276620116497270e+02 3.643742048694889490e+01 3.042356267212595355e+01
2.193429065828276237e+02 3.654210718724866780e+01 3.059688040749676929e+01
2.194805732251224697e+02 3.672915112963369211e+01 3.065088347834564075e+01
2.195786405400794479e+02 3.680699958567912233e+01 3.067097072944846659e+01
2.196634983305305866e+02 3.692119129438717096e+01 3.075011576612805086e+01
2.197866978625916943e+02 3.725170724574102366e+01 3.061600740903219631e+01
2.198948161146450104e+02 3.754499281031415592e+01 3.056243328215251864e+01
2.200222855889449534e+02 3.763079135287952681e+01 3.071881260510345868e+01
2.202208330286856324e+02 3.788023201969242848e+01 3.079309790158660576e+01
2.204537593526845569e+02 3.812290219590065732e+01 3.084941142063318154e+01
2.207432916575272372e+02 3.835790499865954928e+01 3.107294972094270236e+01
2.210494552899027667e+02 3.867452901464746162e+01 3.127887694669883700e+01
2.213958714142964936e+02 3.894576295971338453e+01 3.148861592454485603e+01
2.216176013258268256e+02 3.917725134654286023e+01 3.166316199946382071e+01
2.216911213472740201e+02 3.934066925007920901e+01 3.172187370524725125e+01
2.209588749969535115e+02 3.888479929809168567e+01 3.127445589919816626e+01
2.188781652896590515e+02 3.715273817357607555e+01 3.009098973946528233e+01
2.168722429382661971e+02 3.531881260510346010e+01 2.888044649167702360e+01
2.157055933318710288e+02 3.416641563695742434e+01 2.833087177987375327e+01
2.155050620262728103e+02 3.386093928980526613e+01 2.825917964465891785e+01
2.160054446637907972e+02 3.390064585313543688e+01 2.853754478321269161e+01
2.167580317321049961e+02 3.430783066461943065e+01 2.905975969388998692e+01
2.173572762057956140e+02 3.470390680217396806e+01 2.944164655991811230e+01
2.176411639979527592e+02 3.496135604786624640e+01 2.961862006775364975e+01
2.179378177475567213e+02 3.511577587677609813e+01 2.977313738392922460e+01
2.180326338622017488e+02 3.537383441787916638e+01 2.975383490531549313e+01
2.178236991542979695e+02 3.530067997367844157e+01 2.955825595281616458e+01
2.173807170188394196e+02 3.496790719212302889e+01 2.931383588018815090e+01
2.170241086008140314e+02 3.468890838634203533e+01 2.901552484706685320e+01
2.168113085228242198e+02 3.446048109965635575e+01 2.879686578440691136e+01
2.168174404718383528e+02 3.446519948331749106e+01 2.891865662547829530e+01
2.170406424410811326e+02 3.462400136482172286e+01 2.922345543613365493e+01
2.174401793765689490e+02 3.489210596865784453e+01 2.950393117399039866e+01
2.178994808803100227e+02 3.521206892349686512e+01 2.966453169554726799e+01
2.182893665764909485e+02 3.558098510882015830e+01 2.985065925763447225e+01
2.185330652433525813e+02 3.580365577246472242e+01 3.008508688552557686e+01
2.188140430406278085e+02 3.605436377373205659e+01 3.016552362847603064e+01
2.189323584606760846e+02 3.623946771952913792e+01 3.029106285491457839e+01
2.190284760303185294e+02 3.628670517413662822e+01 3.025719090443810799e+01
2.190710097243547523e+02 3.641608052448148669e+01 3.032754746411249869e+01
2.191609953449830641e+02 3.659213765201920410e+01 3.024718383661134169e+01
2.191783919475518587e+02 3.664258243766907697e+01 3.036083936535790073e+01
2.192517901099168967e+02 3.678742901708464075e+01 3.035332309717043131e+01
2.193435012551485386e+02 3.688902537106090307e+01 3.034698155053496293e+01
2.194119373156881352e+02 3.694548999536935696e+01 3.038281786941580620e+01
2.195326314250200994e+02 3.711871024347444603e+01 3.041826911359703800e+01
2.196376593307499263e+02 3.720824742268041518e+01 3.046956203845872579e+01
2.198211498622992508e+02 3.745565060563964010e+01 3.044364992322877939e+01
2.200441666057371322e+02 3.766138285686432141e+01 3.065791231020448038e+01
2.202062245619165992e+02 3.774868757768516758e+01 3.089993907045892030e+01
2.203611415758816463e+02 3.778577173356730157e+01 3.110170846433184622e+01
2.203833101801077134e+02 3.784716921352148233e+01 3.102158368063171778e+01
2.196318637128025273e+02 3.731573200750651864e+01 3.062793497599376025e+01
2.175883502717457532e+02 3.560732129365601395e+01 2.947875508761667973e+01
2.156901854695230440e+02 3.402719894713752780e+01 2.835583339426287353e+01
2.145523238526967305e+02 3.292596329604445771e+01 2.763978942750603096e+01
2.142726328873290811e+02 3.258802368940557415e+01 2.756949136019107627e+01
2.145662937778752735e+02 3.265601130852282097e+01 2.769783334551924270e+01
2.150556896005459180e+02 3.300591260266627813e+01 2.802263166873827060e+01
2.155936389559113877e+02 3.337167994930662474e+01 2.849791620969510930e+01
2.160406375667178338e+02 3.366536033730594113e+01 2.868794813677463296e+01
2.164335161219565578e+02 3.394240452340913095e+01 2.892442787160927153e+01
2.165085276985693667e+02 3.407656162413784529e+01 2.891445979868879590e+01
2.161934049864736380e+02 3.385331091126221992e+01 2.863862445468060614e+01
2.156212376008383842e+02 3.341622188101679569e+01 2.845334503180522034e+01
2.151189003436426219e+02 3.308585216056152944e+01 2.813891447929614031e+01
2.148408422899758818e+02 3.284754941385781279e+01 2.802489824766639970e+01
2.148944749092149777e+02 3.280742852964831258e+01 2.805477322024810505e+01
2.151290877629109559e+02 3.301937559406302825e+01 2.823923862445468203e+01
2.155540688747532272e+02 3.336177524310886611e+01 2.840063366722721838e+01
2.160441373595573964e+02 3.376677633984061089e+01 2.869106772927786153e+01
2.164758450927347724e+02 3.412631425020106946e+01 2.901178621042626204e+01
2.168777850893227139e+02 3.438867197972265188e+01 2.910042163242426483e+01
2.170958007360288491e+02 3.470450634885818175e+01 2.925676683483219875e+01
2.173442421583680755e+02 3.490459408739733504e+01 2.940458190148911655e+01
2.175525821939509115e+02 3.512761570519850807e+01 2.938693670639272781e+01
2.177848894738124841e+02 3.529958811630230997e+01 2.965308181618776118e+01
2.180009358777509760e+02 3.550434549486973168e+01 2.973804684263118148e+01
2.182132582681387305e+02 3.558769223270210347e+01 2.980255904072530626e+01
2.184528039774804427e+02 3.578720967073675752e+01 2.987093660890546332e+01
2.186252492018230100e+02 3.590525212644098474e+01 3.014923350637322841e+01
2.188028320050693480e+02 3.613519046574540994e+01 3.013160780872998501e+01
2.189317247934488648e+02 3.619980015110526494e+01 3.022818356852136290e+01
2.190312300455752847e+02 3.633481026540908232e+01 3.023187833589237528e+01
2.190930467207720937e+02 3.652145938436791539e+01 3.022881723574857915e+01
2.189655626233823114e+02 3.657830420901269974e+01 3.019209378274962674e+01
2.185587482635080789e+02 3.628430211303648179e+01 2.995094928225000785e+01
2.168031390899563746e+02 3.493141283419853238e+01 2.892596817040774226e+01
2.145629548390241439e+02 3.332217591577100535e+01 2.767234529989520198e+01
2.129910360459165020e+02 3.188290804513660248e+01 2.682788135799761164e+01
2.122897272793741195e+02 3.117935707148253854e+01 2.630530574443713121e+01
2.123013185152689459e+02 3.111529818917403745e+01 2.623141527138017537e+01
2.128335258706831326e+02 3.149906168506738879e+01 2.654772732811776592e+01
2.135950573956276912e+02 3.197030537885988721e+01 2.694980380687772836e+01
2.141862640442592181e+02 3.224574102507860118e+01 2.754788330774292504e+01
2.147378323706465721e+02 3.251455728595452399e+01 2.811388949818429950e+01
2.152512295581389594e+02 3.286556993492725098e+01 2.843452511515683412e+01
2.154418025395432608e+02 3.298019058760449695e+01 2.860710194730813427e+01
2.152368989300772455e+02 3.280601496429528652e+01 2.848890351197874793e+01
2.147247983232190336e+02 3.259719724111037920e+01 2.789474787355901597e+01
2.143188613487363341e+02 3.230838146767078456e+01 2.751996782920231155e+01
2.143259486729545813e+02 3.232976042504447634e+01 2.737855280154029813e+01
2.146411786210426271e+02 3.261598791157904742e+01 2.752312154224854268e+01
2.151839048524286397e+02 3.302938753625307555e+01 2.788158709268601854e+01
2.158649557651531836e+02 3.346441958519168480e+01 2.831571251005337331e+01
2.164208379030489198e+02 3.386392240013648092e+01 2.863749847676147198e+01
2.168664034510491945e+02 3.421876629865224118e+01 2.893602398186736835e+01
2.172052058199897715e+02 3.462520533255343480e+01 2.907941312666033085e+01
2.174242450829860331e+02 3.475904072530525468e+01 2.929092637274256106e+01
2.176019351222246598e+02 3.499202554166362233e+01 2.944565816090273103e+01
2.178056396383222477e+02 3.521723574858034311e+01 2.958738027345178168e+01
2.179614779069484030e+02 3.532777168482366648e+01 2.974880456240403603e+01
2.181286685676683419e+02 3.543256074675245770e+01 2.980890546172406275e+01
2.182757183592893284e+02 3.558334430065072951e+01 2.987238916916477649e+01
2.184155248470668482e+02 3.577230386780726690e+01 2.990942458141405424e+01
2.186352172747434963e+02 3.598925690331700622e+01 3.000196436840437642e+01
2.189526991786697749e+02 3.617464356218469135e+01 3.025626477541371173e+01
2.192740123321391081e+02 3.650623187346153031e+01 3.035463430089444614e+01
2.195016353488825587e+02 3.675097365406643490e+01 3.049550339986839376e+01
2.196374984767614649e+02 3.706074431527381563e+01 3.049330506202627333e+01
2.190149594209256350e+02 3.664664765664984714e+01 3.023089371450854301e+01
2.169652409154054169e+02 3.521261485218493448e+01 2.900715556530428074e+01
2.149643781531037519e+02 3.353649192074285423e+01 2.786334235090541256e+01
2.138963759108966372e+02 3.252656284272866571e+01 2.733825644025249346e+01
2.137377787526504278e+02 3.222380151592697928e+01 2.730038751188126156e+01
2.142660427481660292e+02 3.238807730740172275e+01 2.776434890692403457e+01
2.151006019838658574e+02 3.285879456995930070e+01 2.826130974141502605e+01
2.156361190319514378e+02 3.328912285832662832e+01 2.851684336233579486e+01
2.159412298018571335e+02 3.352576832151300579e+01 2.881475957203090488e+01
2.162179669030732896e+02 3.376676659111403467e+01 2.887423655285028445e+01
2.164030416026906494e+02 3.404506836294508787e+01 2.884622358704394074e+01
2.163341278545489956e+02 3.404958202334820072e+01 2.865005971095025572e+01
2.161138456289147314e+02 3.386463893153956661e+01 2.842355779776266900e+01
2.158270478418756682e+02 3.369327581584655462e+01 2.827423655285028303e+01
2.156362311423070253e+02 3.351165216543589054e+01 2.830459896176062173e+01
2.157407667373449272e+02 3.356004484414223299e+01 2.834788330774292575e+01
2.160026808998074728e+02 3.369509882771563269e+01 2.852030416026906323e+01
2.163689405571397231e+02 3.402228558894494626e+01 2.871865175111501145e+01
2.168380249079963846e+02 3.438091686773415034e+01 2.899359996100509207e+01
2.172697765104433358e+02 3.469227169700958058e+01 2.915099315151958237e+01
2.176439813799322565e+02 3.503001632911701080e+01 2.941499841583193131e+01
2.179142843216104950e+02 3.533521971192512723e+01 2.969326606711998195e+01
2.181510808900587222e+02 3.555015963539762680e+01 2.980604908483829263e+01
2.183574711803270816e+02 3.572328727060028086e+01 2.984802710145987348e+01
2.184743145426628530e+02 3.575720796470960750e+01 3.014495868977114768e+01
2.186323365260412857e+02 3.588691964612122831e+01 3.019747995418098441e+01
2.188064097877214920e+02 3.611309010260534791e+01 3.019892276571372847e+01
2.189748531598060026e+02 3.629778460188637723e+01 3.030236162901221064e+01
2.191345373010650519e+02 3.641714801004118840e+01 3.045570909799907255e+01
2.192662230996076005e+02 3.676076137554532153e+01 3.046070044600423898e+01
2.194825814627964178e+02 3.694861446223587365e+01 3.045296483146888988e+01
2.196638054154176132e+02 3.717706124637469145e+01 3.049691696522141626e+01
2.198091589286149485e+02 3.738153103750822481e+01 3.051878335892374139e+01
2.198786283541712407e+02 3.758070727011283907e+01 3.052646535546294260e+01
2.193240281738197837e+02 3.714482708196241845e+01 3.021089420194487118e+01
2.173593673076454422e+02 3.565612829324169297e+01 2.925417367356389065e+01
2.154399795276742111e+02 3.413291901245399629e+01 2.798622504935292810e+01
2.143345567985182072e+02 3.305155614047914980e+01 2.742420121371645791e+01
2.141326704199263986e+02 3.267860885671809257e+01 2.732850771367990106e+01
2.144955082742316677e+02 3.293071092588530746e+01 2.763415466354707561e+01
2.153156881382369363e+02 3.333997221612926865e+01 2.823637249884233924e+01
2.159572323365260331e+02 3.370781116716629100e+01 2.868620798908142788e+01
2.163893738880358626e+02 3.401813263142501853e+01 2.896010821086495568e+01
2.167759011479125490e+02 3.428838682947039729e+01 2.914604567278399117e+01
2.170104018912529682e+02 3.451872486656430539e+01 2.920001949745314462e+01
2.169146060295873895e+02 3.446307426092466386e+01 2.918465063001145410e+01
2.165192123028929245e+02 3.420317808486266387e+01 2.892759133338207533e+01
2.161276157051985081e+02 3.393076941824474346e+01 2.863803465672296511e+01
2.158267407569886132e+02 3.363802490799639600e+01 2.846314250201067608e+01
2.157475908459457514e+02 3.364083254124930278e+01 2.844235821695790989e+01
2.159248031975823210e+02 3.376733201725524935e+01 2.852065024006239113e+01
2.162824108600813986e+02 3.397658355877263858e+01 2.862582437669079383e+01
2.166270917111452263e+02 3.435871901732836164e+01 2.865692768882064811e+01
2.169685847286198168e+02 3.461091369939801865e+01 2.892411591235894974e+01
2.172610660232507200e+02 3.480790621725036971e+01 2.921274645999366371e+01
2.174591162779362037e+02 3.498825278448002507e+01 2.941602203212205424e+01
2.176583412541736777e+02 3.516080524481489533e+01 2.961648509663425344e+01
2.178140869098973837e+02 3.529177938631766409e+01 2.980057030050449640e+01
2.179382759377056402e+02 3.537125100533742739e+01 2.978656138041968404e+01
2.180153688674416799e+02 3.543587531378713607e+01 2.989467475810972275e+01
2.180496746362506428e+02 3.558946650093831465e+01 2.970604664765664893e+01
2.181201676780970615e+02 3.567500182788623420e+01 2.976825327191635751e+01
2.182137993224635011e+02 3.581825449050717936e+01 2.981912700153542417e+01
2.183551802295825155e+02 3.598809193049157784e+01 2.990250298554751396e+01
2.185258121907825739e+02 3.611443542687236175e+01 2.999908361970217641e+01
2.187184129073139900e+02 3.625573834417879482e+01 3.015066169481611524e+01
2.189066364456142821e+02 3.642688211352392358e+01 3.015242133996246565e+01
2.190285637688576799e+02 3.652406716872608428e+01 3.025578708781165460e+01
2.189069873997709124e+02 3.653570714825375632e+01 3.012924861689941736e+01
2.176390095293802176e+02 3.560657551607321381e+01 2.945214106407350485e+01
2.155960176451951043e+02 3.406804123711340537e+01 2.823434476371523871e+01
2.141772221003631387e+02 3.285706904535594930e+01 2.731932928761180435e+01
2.135347712705028016e+02 3.212450098705856760e+01 2.694466622797397193e+01
2.135734054739099577e+02 3.213806146572103728e+01 2.713683312617289189e+01
2.141643147863810270e+02 3.228708050010967412e+01 2.744619921522751227e+01
2.147854548999536917e+02 3.269054129804294462e+01 2.791233457629597225e+01
2.152708927396358831e+02 3.286167044429821260e+01 2.808090955618922280e+01
2.155287611805707968e+02 3.315529721430138466e+01 2.834006482903170721e+01
2.157581730886402909e+02 3.331445004996222536e+01 2.845117594014281792e+01
2.156751870536911042e+02 3.335665716165825501e+01 2.841337525285759469e+01
2.152202968487241321e+02 3.313185640125758624e+01 2.830658282761814348e+01
2.147155467817016472e+02 3.273177841144500633e+01 2.797692963856596293e+01
2.144124003802003244e+02 3.250098705856547809e+01 2.776236991542979737e+01
2.143473373790548635e+02 3.246801686529697406e+01 2.774857546732958014e+01
2.145739903975043319e+02 3.250727011284151047e+01 2.782588774341351723e+01
2.149853037946918164e+02 3.269416782432794832e+01 2.792683093270941441e+01
2.153635543857083690e+02 3.302430844970875512e+01 2.819286393214886388e+01
2.158052155687163349e+02 3.331030196680558930e+01 2.839186956203845824e+01
2.161589529867661099e+02 3.355498038068777333e+01 2.870250785991079923e+01
2.163527284248495164e+02 3.385070800126733559e+01 2.886738807243303739e+01
2.165596743925324859e+02 3.403914113718895607e+01 2.898188686602812680e+01
2.167256757086105665e+02 3.425790256147790558e+01 2.911784260680948577e+01
2.169097852842972429e+02 3.446649118958836056e+01 2.919961979966366883e+01
2.171056323267773109e+02 3.456398332967756204e+01 2.938676122931441981e+01
2.171676780970485652e+02 3.469485510955131247e+01 2.927611805707879356e+01
2.172797592064536616e+02 3.486847992980916899e+01 2.924458092661646091e+01
2.174205795617947388e+02 3.494291145719090252e+01 2.930555921132802055e+01
2.176526967414881426e+02 3.522261217128512811e+01 2.939641734298457365e+01
2.179689746776827235e+02 3.543260949038531749e+01 2.968001754770783052e+01
2.183248714386683105e+02 3.567713679900563051e+01 2.997710999000755550e+01
2.185910701664595024e+02 3.600500597109502365e+01 2.999333187102434906e+01
2.187102678462625818e+02 3.612679681216641114e+01 3.011707245741025218e+01
2.181008067071238941e+02 3.563301406253808068e+01 2.968469693646267515e+01
2.162834539738246633e+02 3.421482293875362757e+01 2.874988667105359497e+01
2.149282883673320157e+02 3.321969730203991844e+01 2.779988788964441682e+01
2.143188759718261736e+02 3.259797226487290089e+01 2.738948599839146070e+01
2.144622017498964226e+02 3.253911920255416845e+01 2.743355999122614719e+01
2.150894981842996856e+02 3.302609246667154252e+01 2.777771441105505446e+01
2.158411542492262072e+02 3.354557285954522428e+01 2.831109648802125278e+01
2.164048402427432904e+02 3.395819258609343905e+01 2.880392873680875354e+01
2.169329970022665748e+02 3.424682313372815656e+01 2.914643074748360974e+01
2.173645390070921906e+02 3.460002437181643131e+01 2.939408252297043589e+01
2.174522726718822412e+02 3.472483244376203260e+01 2.946250396042017172e+01
2.172862664814408618e+02 3.458592771319246140e+01 2.935947454363773801e+01
2.169307060515220087e+02 3.443099607613755353e+01 2.910181082596085744e+01
2.166979015866052407e+02 3.435937705637201134e+01 2.892898052691867150e+01
2.167292632399892796e+02 3.441882479101167291e+01 2.886154858521605604e+01
2.171051010211791095e+02 3.475149521093807437e+01 2.895129048768004765e+01
2.175749555214350153e+02 3.515355706660817248e+01 2.929666349833053118e+01
2.182090711900758038e+02 3.551046769515731683e+01 2.982379664156369614e+01
2.187488191854938862e+02 3.587099510126489577e+01 3.031694572396480680e+01
2.193085130754795102e+02 3.624918719992201233e+01 3.066403938485535363e+01
2.197365211669225573e+02 3.664955765153176515e+01 3.097768516487533930e+01
2.201391045794643162e+02 3.695680826692013454e+01 3.137091954863396026e+01
2.203529477711973925e+02 3.742438156515805048e+01 3.125267236967171058e+01
2.205367112670907375e+02 3.773473227559649956e+01 3.131542492261948141e+01
2.204958007360288548e+02 3.775378616168263335e+01 3.119677804586775949e+01
2.205760327557212861e+02 3.788415588213789675e+01 3.127539177694913519e+01
2.206145792205893201e+02 3.814057176281347949e+01 3.119670493041846271e+01
2.207715580902244596e+02 3.835310862518583264e+01 3.117686627184324166e+01
2.209027856986181177e+02 3.847910116741000763e+01 3.112248787502132430e+01
2.210862372352611374e+02 3.872492018230119015e+01 3.128732909263727535e+01
2.213945212156662024e+02 3.894611391387000054e+01 3.131244181228827017e+01
2.216841461334113319e+02 3.920803295069581651e+01 3.154959908361970378e+01
2.218624357193341723e+02 3.948254246789013422e+01 3.173851478150666594e+01
2.217927664448831422e+02 3.940185713241207566e+01 3.177070020228607561e+01
2.203737661767931684e+02 3.831981672394043414e+01 3.093621408203553358e+01
2.182741341912212647e+02 3.649789671224196042e+01 2.969618581072847263e+01
2.168635616972532887e+02 3.523854646486802977e+01 2.877589627354926805e+01
2.164528624698398858e+02 3.453436182398674248e+01 2.870230801101606133e+01
2.166966050059710938e+02 3.447983232190295411e+01 2.888014915551655903e+01
2.173432819088006624e+02 3.475103702078916257e+01 2.931596110258097454e+01
2.179468743145426686e+02 3.512020179864005343e+01 2.972453023323828347e+01
2.182603933611171954e+02 3.535794399356583995e+01 2.986039823548049199e+01
2.183006361044088521e+02 3.550443810777217379e+01 2.963511491311447443e+01
2.184659550096268674e+02 3.566201652409154121e+01 2.963705490970242096e+01
2.183856839950281596e+02 3.558257415125149237e+01 2.956376398332967881e+01
2.182666227973970763e+02 3.557907435841192978e+01 2.944760790621725022e+01
2.180468670029977432e+02 3.544345007433403794e+01 2.928308839657819718e+01
2.178826253320659987e+02 3.527690770393117248e+01 2.917335185591382185e+01
2.179471813994296951e+02 3.538317857229899488e+01 2.934753235358631329e+01
2.181934732275596502e+02 3.557112427189198200e+01 2.960771611708220519e+01
2.184517706124637471e+02 3.595803660646828348e+01 2.971156442689673582e+01
2.188712241963393410e+02 3.634152713801759660e+01 2.989985620628305441e+01
2.193026540908093978e+02 3.658806268431186481e+01 3.020693134459311224e+01
2.196670956106358688e+02 3.697780214959421130e+01 3.046327898418268987e+01
2.200019692427676716e+02 3.725044966001316027e+01 3.062772537837244968e+01
2.202584728619823977e+02 3.753692086471204448e+01 3.075940630255172792e+01
2.203947551851039464e+02 3.766763666496063934e+01 3.085859472106455925e+01
2.204879725085910707e+02 3.793361117204064925e+01 3.089182812995052529e+01
2.205788891326070598e+02 3.811516170700202366e+01 3.105283809802344663e+01
2.207049694133703781e+02 3.821411615607711099e+01 3.124019399965879629e+01
2.208420316346177401e+02 3.828775803660646915e+01 3.138959323438376003e+01
2.209575540445029276e+02 3.848067558675148092e+01 3.142553678925690264e+01
2.210994857546732817e+02 3.866363968706587428e+01 3.153041358972484076e+01
2.212954400331456668e+02 3.894139553020886524e+01 3.140721405766371888e+01
2.214929297360532416e+02 3.910478418756549956e+01 3.158202822256342657e+01
2.217215130023640768e+02 3.941255148546220965e+01 3.167907192123028892e+01
2.219644171480100283e+02 3.957943018693183035e+01 3.187078550364358520e+01
2.221615412736711335e+02 3.977436572347737354e+01 3.207730252735736087e+01
2.221891740391411361e+02 3.983744485876532337e+01 3.208156759523287604e+01
2.211716263313104776e+02 3.900132095245058395e+01 3.136592332626550572e+01
2.190870805001096642e+02 3.724744705222880015e+01 3.016401257585727791e+01
2.173781531037508330e+02 3.569398259852307120e+01 2.909060953912895187e+01
2.167149179888376977e+02 3.475617459969291190e+01 2.874593356242840869e+01
2.168314103970168958e+02 3.469752138626891735e+01 2.883593868050985876e+01
2.174256001559796232e+02 3.506139747995418077e+01 2.923277521873705354e+01
2.181962759864492796e+02 3.550716775121249924e+01 2.980672174697180310e+01
2.186674514391557693e+02 3.591558090224464195e+01 3.005081036289634611e+01
2.189257829446028722e+02 3.619633447880870847e+01 3.014080085788793895e+01
2.191706027150203511e+02 3.647909629304672308e+01 3.040169627842363198e+01
2.192451512271209708e+02 3.654020131120372383e+01 3.049907630815724602e+01
2.190592820062879298e+02 3.642868562793984921e+01 3.026932806902098250e+01
2.186680851063829891e+02 3.611385050327800883e+01 3.002333845141478363e+01
2.183010991689210698e+02 3.577970802563915242e+01 2.979412151787672869e+01
2.181645048865491958e+02 3.562749628329799378e+01 2.974821963880967957e+01
2.183223318953961609e+02 3.577881114279447416e+01 2.977094879481367684e+01
2.186331944139796803e+02 3.599470156710779634e+01 2.997512124978674564e+01
2.190089590797201993e+02 3.635717871852989447e+01 3.022266091491798790e+01
2.193606102702834448e+02 3.664883624576539489e+01 3.034626014476858913e+01
2.197027613268016921e+02 3.703678681972167652e+01 3.053012112792766430e+01
2.199498671736004383e+02 3.729528892788379579e+01 3.066983500280275976e+01
2.201577782652141195e+02 3.737636908678803849e+01 3.072049913480051586e+01
2.202176793156394012e+02 3.753073529770173877e+01 3.086381028978089702e+01
2.202952791791572338e+02 3.780292949233506050e+01 3.075251882722819374e+01
2.203199142112061679e+02 3.790788428261558352e+01 3.075426384928468693e+01
2.203684482464477981e+02 3.801804001852258352e+01 3.089753600935877742e+01
2.204616801930247902e+02 3.810419926397114665e+01 3.091933903633837843e+01
2.205130121127927794e+02 3.822341156686407970e+01 3.086156808266920137e+01
2.205315444420072595e+02 3.824684263118130190e+01 3.107630815724695950e+01
2.206528917160195817e+02 3.827330554946259866e+01 3.126378104360118115e+01
2.208194925787819045e+02 3.839932733786648811e+01 3.141747459238137097e+01
2.210116497282542412e+02 3.855708610562745520e+01 3.156356900879822547e+01
2.211953206112451653e+02 3.869665374960396065e+01 3.166009602495674002e+01
2.213827008846969306e+02 3.904174892154712495e+01 3.162157880626843109e+01
2.215487265725914483e+02 3.921978016621579144e+01 3.169800394823426259e+01
2.215993712071360733e+02 3.950673393288001733e+01 3.154347688333211508e+01
2.213160780872998430e+02 3.925585045453437516e+01 3.137600838390485336e+01
2.195136701518364077e+02 3.781648509663425273e+01 3.035175355219224613e+01
2.173456021057249359e+02 3.583098145304769844e+01 2.908725597718797928e+01
2.160134239964904452e+02 3.449195486339596783e+01 2.834191708708049973e+01
2.155697838219882669e+02 3.389896907216494526e+01 2.812671394799054525e+01
2.157602495674002512e+02 3.388097779727522862e+01 2.830751870536911241e+01
2.163550339986839219e+02 3.425235066169481257e+01 2.876034218030269685e+01
2.170587214545099926e+02 3.456783407667373353e+01 2.917041748921547040e+01
2.174768784577514680e+02 3.480962686749043655e+01 2.949443103994540749e+01
2.178181618776047515e+02 3.505619165996441922e+01 2.970766493626770099e+01
2.180083156637664104e+02 3.521657283517340886e+01 2.989083863420340847e+01
2.178003899490628896e+02 3.508938607394409104e+01 2.975942092564158870e+01
2.172798713168092490e+02 3.469762862226122024e+01 2.933524895810484878e+01
2.167055153420584475e+02 3.430681192269259583e+01 2.895132460822305021e+01
2.163720455265530802e+02 3.403904852428651395e+01 2.875012551485462353e+01
2.162729692183958434e+02 3.405503643586556706e+01 2.863894128829421604e+01
2.164900002437181570e+02 3.410471107211620279e+01 2.889173064268479862e+01
2.168866710535936306e+02 3.432828349296872972e+01 2.915002802758889544e+01
2.173494479783578299e+02 3.469530842533693971e+01 2.929383636762447907e+01
2.177344300650727575e+02 3.498991006799737136e+01 2.953089127732689789e+01
2.179801710901513445e+02 3.526672028466281716e+01 2.978389510370207915e+01
2.181321391143281971e+02 3.544182203699642031e+01 2.985712266335210074e+01
2.182572152762545272e+02 3.557276693231946751e+01 3.003457873315298343e+01
2.183350198630303964e+02 3.561231751602446849e+01 3.006232360897857703e+01
2.184475104189515378e+02 3.576528478467500349e+01 3.013395725183398000e+01
2.185198898393897196e+02 3.580637079281518709e+01 3.014453949452852655e+01
2.186249567400258229e+02 3.585655236284760150e+01 3.027811167166288797e+01
2.187323292144963602e+02 3.593122760839365526e+01 3.031450366795837326e+01
2.188474665496819398e+02 3.606764641368721414e+01 3.028936657649094499e+01
2.190263898028320000e+02 3.621757695401038291e+01 3.037408788477005217e+01
2.192520533255343480e+02 3.639061685067387941e+01 3.043280446491677083e+01
2.195829446028612608e+02 3.669475762228558580e+01 3.054854134678657474e+01
2.198377421949257950e+02 3.699328800175477028e+01 3.084401062611196309e+01
2.201737418049767143e+02 3.717690526674952878e+01 3.111228583266310821e+01
2.204402768638346686e+02 3.748742657990300131e+01 3.134251663376471342e+01
2.204764982574151304e+02 3.757244034997928139e+01 3.131418195998147880e+01
2.193400794521215573e+02 3.672320928078769953e+01 3.054028904974287784e+01
2.172286905023031238e+02 3.521619263483707130e+01 2.924093002851502376e+01
2.157416636201896267e+02 3.401760132582681706e+01 2.830970729448465661e+01
2.152090614413492347e+02 3.342599010504252988e+01 2.792981404304062920e+01
2.153964612122541382e+02 3.347828227437791071e+01 2.800711657039799007e+01
2.161437400989495643e+02 3.388369281762570040e+01 2.860058004923106978e+01
2.169592405741999812e+02 3.439418488459944712e+01 2.917535521922448893e+01
2.175928590577855744e+02 3.481079671467914238e+01 2.960422119860593071e+01
2.180338573273866132e+02 3.524210475006702126e+01 2.981593916794618693e+01
2.185276108308352150e+02 3.551952426214325698e+01 3.005802929492335096e+01
2.184740610757719708e+02 3.558639077770466486e+01 3.002440593697448179e+01
2.181075089566425333e+02 3.537733908508201353e+01 2.987263776169237772e+01
2.176163534888255242e+02 3.503293119836221337e+01 2.949714118593258760e+01
2.171532743535375687e+02 3.471777924008676308e+01 2.923022592673832065e+01
2.171209621993127143e+02 3.464536082474226930e+01 2.935402987984694434e+01
2.173968560356803437e+02 3.486281104530720398e+01 2.939230825473422470e+01
2.178234456874070872e+02 3.526668616411981105e+01 2.959441397967390586e+01
2.183879213277765530e+02 3.557181643147863781e+01 2.988345884818795639e+01
2.189432526626209494e+02 3.601093319685116256e+01 3.017157758767761067e+01
2.193160634642099751e+02 3.643534400818892749e+01 3.040482561965343322e+01
2.196806024713021941e+02 3.679225951110136350e+01 3.057079281518851488e+01
2.199064560941727109e+02 3.715024737393677867e+01 3.072693329433842635e+01
2.201376227730252708e+02 3.746388827959347623e+01 3.088318100948063716e+01
2.202724622846140790e+02 3.770290268333698691e+01 3.097517486778289708e+01
2.204569715580902312e+02 3.793669176963759071e+01 3.103435451244181209e+01
2.205662596573322674e+02 3.817412200531305899e+01 3.100967073676001107e+01
2.207351612195656969e+02 3.834399844020374815e+01 3.111925617216251183e+01
2.209163997952767318e+02 3.846414662084765013e+01 3.127557700275401587e+01
2.210413930930272102e+02 3.867624479052423681e+01 3.138537203577782719e+01
2.212756891131095927e+02 3.889174526577465940e+01 3.163596792668957747e+01
2.216013404499037449e+02 3.914843411079427682e+01 3.180909068752893987e+01
2.218810362896346646e+02 3.944402524920182174e+01 3.200043381833248191e+01
2.221930589066803066e+02 3.975887012259023834e+01 3.209088737783626755e+01
2.224579854256537601e+02 4.002751090638785314e+01 3.226432209792595529e+01
2.223634666471692185e+02 4.008871341181058057e+01 3.215959152835660717e+01
2.207364285540201365e+02 3.894335502424996065e+01 3.118916916477785151e+01
2.185060710194730689e+02 3.690226414174648539e+01 2.999033413760327704e+01
2.169279471619019830e+02 3.542964587750724803e+01 2.894071799371207021e+01
2.163356291584411792e+02 3.473829056079549815e+01 2.858681972167385510e+01
2.165732641173746629e+02 3.471827642514196555e+01 2.870541298042943268e+01
2.173437498476761505e+02 3.521184957714898189e+01 2.926351295362043459e+01
2.181677755843142847e+02 3.563148838682946717e+01 2.982845653286539545e+01
2.186111964124686153e+02 3.584937242572689087e+01 3.004646730520825670e+01
2.188752357973239668e+02 3.600700446004240973e+01 3.028377568180156487e+01
2.191229119446272193e+02 3.621792790816699892e+01 3.042155443445199836e+01
2.192628646633033611e+02 3.633964075942579797e+01 3.057968852818600425e+01
2.190986327410981858e+02 3.640001949745314391e+01 3.036474373035022367e+01
2.187716019594940349e+02 3.629621505690818850e+01 3.006364456142916453e+01
2.184726718822353746e+02 3.599510126489727213e+01 2.988691477175794020e+01
2.183652604128585608e+02 3.597868440934902878e+01 2.979689503058662936e+01
2.185236138529404570e+02 3.605494382296312494e+01 2.990998513319197727e+01
2.188911505934537161e+02 3.623427164826594549e+01 3.026679827447539495e+01
2.192996173624820244e+02 3.657758767760961405e+01 3.049380224708147580e+01
2.197143038190636446e+02 3.694549486973264152e+01 3.073421071872486721e+01
2.200960444541931622e+02 3.732265847773634704e+01 3.100710682167141741e+01
2.204203602154468626e+02 3.758686359094343032e+01 3.121835685213618916e+01
2.206724915307937920e+02 3.798177475567253936e+01 3.121255635982549848e+01
2.209123833199288356e+02 3.827279861568082708e+01 3.129061928785552382e+01
2.211598986132436551e+02 3.848809436767322012e+01 3.149165265287221871e+01
2.212559089468938112e+02 3.870894201944870616e+01 3.146211888572055315e+01
2.213543028441909826e+02 3.893045745899441812e+01 3.149319782603397400e+01
2.214978479686091077e+02 3.901687017133387059e+01 3.164710584679876249e+01
2.215789866198727793e+02 3.917620823279958842e+01 3.180337793375740318e+01
2.217792254636738107e+02 3.939226925982793404e+01 3.193016987156052622e+01
2.219040189125295512e+02 3.958332967756086873e+01 3.205136604031098102e+01
2.221396797543320929e+02 3.973768126538470824e+01 3.217172869293948168e+01
2.223665082498598622e+02 4.000629767736589315e+01 3.212022129609319876e+01
2.226618166751968033e+02 4.033446905997904253e+01 3.231133045745899324e+01
2.230417099266408343e+02 4.067122419633935237e+01 3.246770490604664872e+01
2.233366040310984317e+02 4.104550218127756978e+01 3.254395944529746032e+01
2.235575540445029503e+02 4.125822914381809170e+01 3.272815675952328718e+01
2.231832273159318447e+02 4.119265433452755332e+01 3.246442933391825392e+01
2.210600814018668814e+02 3.969926153396212953e+01 3.128496502644341959e+01
2.186910823523677152e+02 3.758896444151982763e+01 2.978081450610514125e+01
2.172449708756793711e+02 3.587493358680022482e+01 2.893817357607662544e+01
2.167798591309010305e+02 3.524493188077307337e+01 2.858751188126051090e+01
2.170597206989836820e+02 3.528210864955764947e+01 2.887759011479125704e+01
2.179223172723063158e+02 3.563019668055860478e+01 2.953522946065170274e+01
2.187372523214155251e+02 3.597234773707684496e+01 3.003507591820818234e+01
2.190909702420121334e+02 3.630334137603275479e+01 3.036020082376739637e+01
2.193426823621164488e+02 3.648458970047037297e+01 3.047652262923155675e+01
2.195325144403012416e+02 3.688993687699544211e+01 3.037851380663400747e+01
2.195245594794180022e+02 3.689275425897491800e+01 3.048777753405961377e+01
2.192847554288221090e+02 3.677655431259291419e+01 3.033358680022422149e+01
2.189300675099315185e+02 3.648701713338694930e+01 3.014787355901635379e+01
2.186044600424069699e+02 3.620747239891789349e+01 2.994352075260169244e+01
2.185167604981599254e+02 3.606908922521995464e+01 2.993384026711510870e+01
2.187114571909044400e+02 3.610617825546538029e+01 3.012553435207525965e+01
2.190799103117155369e+02 3.640315371304623682e+01 3.044650142575126139e+01
2.195289610294655347e+02 3.680844239721186284e+01 3.070665106870415073e+01
2.199054373522458548e+02 3.715485364724232653e+01 3.092695279179157097e+01
2.203177597426336263e+02 3.753231459140649662e+01 3.110122102800321642e+01
2.205953742292413153e+02 3.792622163729862450e+01 3.120291974360848997e+01
2.208384294801491592e+02 3.820494747873559049e+01 3.134169286636933194e+01
2.210853062318734601e+02 3.839060222758401864e+01 3.151802783261436502e+01
2.212162560015597990e+02 3.862405985718115886e+01 3.154801004118836971e+01
2.213768955180229625e+02 3.892015792937047536e+01 3.147773147132655680e+01
2.215099997562818430e+02 3.900719456021057141e+01 3.158974921400891844e+01
2.215951646316200083e+02 3.921053349906168251e+01 3.164360117959591534e+01
2.217704028661256075e+02 3.940606370792815483e+01 3.158726816309619423e+01
2.218771319246423559e+02 3.950033876824839751e+01 3.166256732714289157e+01
2.220274329165752647e+02 3.964266530184494997e+01 3.191026784626258106e+01
2.222527162389412752e+02 3.985708366844581008e+01 3.208142623869756704e+01
2.224253564378153101e+02 4.006625234578733341e+01 3.224829519144061862e+01
2.227216348614462333e+02 4.031399185981331357e+01 3.245299407764860433e+01
2.229674733737905399e+02 4.060283200506933809e+01 3.259308815286003380e+01
2.231877312276083956e+02 4.091244181228827159e+01 3.259679754332090340e+01
2.235119397528697789e+02 4.125453437644707577e+01 3.275180717018839260e+01
2.238101338012722010e+02 4.154280909556189272e+01 3.288769954424703457e+01
2.239910116741000650e+02 4.177394165387146074e+01 3.298970534473934180e+01
2.235750578830640336e+02 4.172171285125880758e+01 3.269239843045502170e+01
2.214886451707245669e+02 4.030695815359118939e+01 3.128414613341132267e+01
2.191213716458287593e+02 3.805803904364992007e+01 2.989367063927274515e+01
2.174547342253418094e+02 3.625250176695669069e+01 2.894313567790207387e+01
2.170365284784674884e+02 3.548789451877848222e+01 2.879475518510394494e+01
2.173549755063244788e+02 3.562297774853159638e+01 2.891651190563232632e+01
2.182699178669786306e+02 3.590625137091467423e+01 2.965135629158441333e+01
2.190889327581584780e+02 3.641264409836465177e+01 3.017895249932977464e+01
2.195174380346567204e+02 3.680892983354049619e+01 3.042300212034803053e+01
2.198461260997782176e+02 3.699103604591650196e+01 3.064188052935585205e+01
2.201200896882844802e+02 3.714240939777241834e+01 3.088243523189783346e+01
2.200732129365601679e+02 3.741417952279983439e+01 3.075303550973654154e+01
2.197285515829494784e+02 3.726991299261533896e+01 3.063453486388340608e+01
2.192945236528478574e+02 3.700839852794229046e+01 3.029004898735102813e+01
2.189667617167507387e+02 3.678899368769954492e+01 3.005244327459725540e+01
2.189248178206721889e+02 3.670888840145256182e+01 3.007166288903512097e+01
2.191654212668470052e+02 3.681947308132875207e+01 3.023826375179742243e+01
2.195323925812190851e+02 3.702069167215032763e+01 3.055273817357607768e+01
2.199760522531744300e+02 3.740586873339670149e+01 3.082489824766639686e+01
2.204909409958324318e+02 3.768587165801466909e+01 3.112635811947064468e+01
2.208356023494430929e+02 3.800639516463161982e+01 3.145944773463966371e+01
2.210988667105359298e+02 3.846211888572054960e+01 3.151107699056810674e+01
2.212869440179376568e+02 3.876849211571738607e+01 3.164166605737125693e+01
2.214854329653188927e+02 3.903186858716580332e+01 3.166406375667178352e+01
2.215919183056713280e+02 3.920643903390119789e+01 3.165280397748044194e+01
2.217392849309059102e+02 3.939130413589725066e+01 3.179114328190880201e+01
2.217846701274646080e+02 3.966193853427895988e+01 3.159594940410908848e+01
2.218939631010699145e+02 3.985121006068582261e+01 3.164522921693353652e+01
2.220881772318491016e+02 3.999261533962125981e+01 3.177171894421291043e+01
2.221429894470034867e+02 4.015810484755429144e+01 3.189615656454875747e+01
2.222681630961955648e+02 4.037060758938363847e+01 3.203079135287953250e+01
2.224899222539055756e+02 4.052719163559260096e+01 3.212325802442055789e+01
2.227684969900806777e+02 4.079000268089981063e+01 3.226606224561916747e+01
2.230086227486534654e+02 4.092001169847188891e+01 3.252462772050400730e+01
2.232440398722916939e+02 4.115813896809729044e+01 3.268463844410323560e+01
2.235274304793936153e+02 4.148255221661670333e+01 3.287743413516609081e+01
2.238117374667934030e+02 4.184286027637639904e+01 3.290208379030489283e+01
2.240458482610708870e+02 4.217863079135288018e+01 3.295812434500743393e+01
2.241627939850357052e+02 4.241901489117984170e+01 3.301929760425044691e+01
2.238112159099217706e+02 4.226899173795423081e+01 3.270376544563866616e+01
2.217075674490019708e+02 4.087085861909287843e+01 3.142838341741610009e+01
2.194161487655674989e+02 3.859208403402305265e+01 3.004143208793351505e+01
2.177072506153883751e+02 3.674124929931027594e+01 2.912889766274280490e+01
2.171708318100947963e+02 3.585626477541371315e+01 2.885635738831615171e+01
2.174825668397065499e+02 3.581925860934415340e+01 2.909577148984913819e+01
2.183338743876581134e+02 3.628166995686188301e+01 2.967064414710828402e+01
2.191545026930857034e+02 3.678176013258268284e+01 3.026954741536886573e+01
2.196798469449928177e+02 3.705576271599522187e+01 3.069716068338573223e+01
2.199522702347005918e+02 3.735477078306646348e+01 3.087684433720845334e+01
2.202344130048012403e+02 3.748841120128683002e+01 3.118772635324510745e+01
2.201258365625990052e+02 3.747698081938046499e+01 3.104300163291170023e+01
2.196326582340181801e+02 3.730258584972337843e+01 3.051283663571446070e+01
2.191039555458068264e+02 3.698457264019887702e+01 2.996647900368014561e+01
2.186098510882015944e+02 3.660913943116180747e+01 2.963875606248933892e+01
2.183945407131193406e+02 3.639376081499354143e+01 2.948173332358460641e+01
2.184645463186371330e+02 3.644974775169993109e+01 2.952424752016767684e+01
2.187485852160561421e+02 3.655076405644512505e+01 2.979979527674197470e+01
2.191587482635080733e+02 3.679924447369062079e+01 3.026529209621993033e+01
2.195247057103165957e+02 3.707175062757427497e+01 3.053407423655285058e+01
2.198066242597060693e+02 3.728167483122517467e+01 3.072412078672223501e+01
2.199946235772952150e+02 3.749800394823426331e+01 3.082288026126587255e+01
2.201727425605030248e+02 3.767234042553191387e+01 3.092721113304574487e+01
2.202467548926421443e+02 3.783671370427237690e+01 3.091868587165801330e+01
2.203170675830469634e+02 3.792912675781725795e+01 3.096647412931685750e+01
2.203535765640613135e+02 3.804115912358948037e+01 3.093854402768638323e+01
2.203478930564695020e+02 3.807837976164363880e+01 3.105083960907606411e+01
2.203837537471667645e+02 3.815772952158124554e+01 3.095427359801125888e+01
2.203892325315005678e+02 3.816570885428090776e+01 3.096645950622700028e+01
2.204578635665716035e+02 3.823244376203358286e+01 3.093384026711510870e+01
2.205193731568813860e+02 3.832173722307523889e+01 3.105471960225195716e+01
2.206279447247203223e+02 3.850862031147181597e+01 3.102809582998220961e+01
2.207584850478906162e+02 3.869153566815334955e+01 3.122714045477809464e+01
2.209092149837927366e+02 3.887441690429187702e+01 3.127865760035095377e+01
2.210692062099388409e+02 3.910030464770539282e+01 3.132330676805342407e+01
2.212402573663815133e+02 3.932052838098023528e+01 3.146673978211596179e+01
2.214107723428627139e+02 3.956813141283419810e+01 3.150952206867977878e+01
2.214859252760108177e+02 3.962698447515293054e+01 3.159206941093319543e+01
2.205180814506105094e+02 3.892326289878384671e+01 3.105454899953693726e+01
2.182886646681777165e+02 3.714180985108820465e+01 2.956531890521800676e+01
2.164308644683288207e+02 3.526228461407228565e+01 2.840980721893202698e+01
2.152278423630913267e+02 3.403718164314786065e+01 2.793116424167093115e+01
2.150990421876142307e+02 3.354988179669030757e+01 2.781429163315542041e+01
2.155706173381101962e+02 3.369840364602373484e+01 2.802706733932879857e+01
2.162970924422997143e+02 3.425424678901318742e+01 2.857477029563013460e+01
2.169935853379152206e+02 3.477208452145938367e+01 2.896770734322829099e+01
2.174988228412663602e+02 3.517369306134386164e+01 2.931712120104311481e+01
2.179304574589944252e+02 3.559179644658916430e+01 2.956575272355048511e+01
2.180100411883697689e+02 3.581049450415539326e+01 2.955467329580073610e+01
2.176570154273597950e+02 3.566046647656649782e+01 2.927635202651653756e+01
2.169278301771830968e+02 3.514325753698422972e+01 2.880601496429529007e+01
2.163556676659111417e+02 3.458365138553776319e+01 2.856608905461724035e+01
2.160567424630157802e+02 3.430958543540250361e+01 2.850828885476834529e+01
2.160715166581365168e+02 3.428120201798640210e+01 2.864680851063829792e+01
2.163696814603592316e+02 3.450863980892496130e+01 2.886101240525456291e+01
2.167737759255197432e+02 3.482767663473958919e+01 2.907285223367697569e+01
2.173141088445321714e+02 3.514955033998683831e+01 2.940853013575101826e+01
2.177695206063708042e+02 3.559980502546854808e+01 2.947565011820330838e+01
2.181549755063244902e+02 3.593840754551436589e+01 2.964117374667933902e+01
2.183826277692476481e+02 3.623339426287441256e+01 2.972326289878384742e+01
2.185807657624722822e+02 3.637901586605249804e+01 2.977109502571226685e+01
2.186652823474933598e+02 3.653139333674538847e+01 2.988611537617898506e+01
2.187135629158441077e+02 3.675028636884307076e+01 2.980390923935560821e+01
2.188311033121298408e+02 3.696513855377641278e+01 2.980916380297823665e+01
2.189281811313397270e+02 3.717704662328483067e+01 2.985006458531354312e+01
2.191076698106309948e+02 3.730772342862713487e+01 3.007044917257683281e+01
2.192973020399210213e+02 3.746246496551388105e+01 3.020601008993200409e+01
2.194975213862689145e+02 3.776207257926933636e+01 3.025864833906070928e+01
2.197880041919524388e+02 3.798951037020788846e+01 3.048055860203260892e+01
2.201515585776607793e+02 3.826394677195291649e+01 3.076242840778923338e+01
2.205946382003850772e+02 3.878258389997806432e+01 3.095585289171602028e+01
2.211673710121615386e+02 3.921221515439545868e+01 3.129247154590431634e+01
2.214668616411981077e+02 3.940212522239282578e+01 3.164066193853427933e+01
2.207020350466720231e+02 3.895762715995223147e+01 3.114159050474031787e+01
2.186244108113377820e+02 3.729968560356803664e+01 3.004705222880261317e+01
2.167677219663181631e+02 3.579123102044795246e+01 2.887875996197996642e+01
2.160252297043698775e+02 3.481911725280885150e+01 2.836462187126806711e+01
2.160519168433623349e+02 3.464507811167166551e+01 2.821068460432356062e+01
2.167332504691574684e+02 3.503727425605030277e+01 2.861344836830689076e+01
2.178102849065340934e+02 3.578962735492676472e+01 2.916808266920133619e+01
2.186642879773829407e+02 3.644032073310423669e+01 2.970752357973239910e+01
2.191170870805001130e+02 3.685684482464478151e+01 3.000180838877921730e+01
2.195017230874217091e+02 3.726597938144330158e+01 3.030995588701225785e+01
2.196351636567473236e+02 3.743980892495918056e+01 3.048959567156540018e+01
2.194082815432234099e+02 3.738238892544661240e+01 3.032085496332041785e+01
2.188808461894664958e+02 3.703470059223513999e+01 3.005694231191050747e+01
2.184381565158051330e+02 3.674466622797397264e+01 2.974122005313056150e+01
2.183390558358314308e+02 3.670412614852185129e+01 2.959115303063537183e+01
2.185664497575004361e+02 3.693968950305866628e+01 2.956970095781238683e+01
2.188619872779118225e+02 3.722588286905023125e+01 2.977104628207940351e+01
2.193729082888547737e+02 3.761895639882040143e+01 3.009065340839852709e+01
2.198336964733981631e+02 3.812720625868245605e+01 3.039204503911676625e+01
2.203311739903975024e+02 3.862337257195778761e+01 3.068521849333430751e+01
2.207447588408764148e+02 3.909773585825351461e+01 3.087213570227389070e+01
2.209088591552728360e+02 3.945097121688479547e+01 3.104726182642392374e+01
2.209960761375545246e+02 3.960514245326704241e+01 3.103323828324925060e+01
2.210734127854549058e+02 3.991728692939484802e+01 3.113925568472618366e+01
2.213004362555141142e+02 4.010994613828568589e+01 3.127667860885671658e+01
2.214671736004484330e+02 4.035741268796763137e+01 3.129466988374643677e+01
2.214664131997757863e+02 4.042894396919402311e+01 3.138757524798323217e+01
2.215091516170700174e+02 4.048214764446394298e+01 3.121867856011308362e+01
2.214333406448782569e+02 4.052841997514074990e+01 3.125245302332382735e+01
2.212815334746898657e+02 4.052059174770295868e+01 3.123758621530062740e+01
2.212303721576369071e+02 4.054125417367356476e+01 3.141942921205917472e+01
2.213905047403183062e+02 4.067356876508006280e+01 3.158988569618093578e+01
2.215279812824449834e+02 4.081813263142502279e+01 3.165717140698496124e+01
2.212121859082157300e+02 4.068765567497745650e+01 3.141133289464063694e+01
2.194180692647022966e+02 3.945425166337647482e+01 3.036823864882649815e+01
2.169154005508030423e+02 3.705547025419804186e+01 2.884043284345982272e+01
2.148258243766908038e+02 3.503196120006823833e+01 2.764943579244961214e+01
2.135308230362408892e+02 3.368172357485803303e+01 2.689563500767712156e+01
2.130470229826229058e+02 3.297485315980600262e+01 2.653565353025760842e+01
2.130193414735200292e+02 3.262271453291413792e+01 2.663938485535327061e+01
2.131707148253759385e+02 3.253217323487119472e+01 2.668360995344983166e+01
2.131192756696156607e+02 3.257325924301137832e+01 2.663943359898613394e+01
2.129757597913772429e+02 3.242821281470107664e+01 2.655452706490214609e+01
2.130115376178986537e+02 3.243584606760742162e+01 2.661845921376520252e+01
2.131579634910189895e+02 3.252962881723574640e+01 2.669165265287221800e+01
2.131435889936877004e+02 3.253725719577879971e+01 2.665023518802856373e+01
2.130302551729180323e+02 3.238088274719115134e+01 2.668450683629450992e+01
2.128351587823840418e+02 3.220704832931198069e+01 2.661037264507323741e+01
2.128749969535229525e+02 3.220636104408861655e+01 2.659470156710779776e+01
2.129803953108625194e+02 3.228449221320465057e+01 2.652598766786088547e+01
2.131578270088469651e+02 3.237695401038239140e+01 2.668381467670785412e+01
2.134871682386488203e+02 3.262523457873315635e+01 2.670028027588896080e+01
2.138925446613536110e+02 3.304809046818259333e+01 2.696876508006141648e+01
2.143680582973848914e+02 3.344696936462674586e+01 2.719858156028368867e+01
2.148225244327459791e+02 3.377227462162755245e+01 2.757702712583168747e+01
2.151698081938046982e+02 3.410690940995832676e+01 2.776956935000365689e+01
2.153697497014452438e+02 3.430327800931003424e+01 2.797968365382271827e+01
2.153640954400331395e+02 3.436191659964416800e+01 2.798736077599863492e+01
2.149807511393824200e+02 3.422718432404766986e+01 2.778265214106407299e+01
2.144505568960054518e+02 3.381690916624015841e+01 2.740771611708220590e+01
2.138305866296215072e+02 3.349779435061294919e+01 2.695105651824230364e+01
2.137040725305257070e+02 3.320601008993200054e+01 2.694924812946308990e+01
2.140930126002290876e+02 3.350414077161170923e+01 2.721097706612073708e+01
2.149531183739124174e+02 3.398057566230411197e+01 2.766016426604274869e+01
2.157953352343350275e+02 3.453973824669152748e+01 2.808369281762569614e+01
2.165905583583144391e+02 3.513797860154517139e+01 2.862337257195778761e+01
2.173999805025468675e+02 3.579194755185103816e+01 2.903777631546879334e+01
2.182331456703468007e+02 3.634681582218322404e+01 2.956838000536179933e+01
2.183837293753503559e+02 3.647801905876045225e+01 2.963786405400794521e+01
2.168692305817552608e+02 3.597117301552484747e+01 2.869117009090687631e+01
2.152446004240696027e+02 3.479516463161999695e+01 2.765090785016207420e+01
2.144634788330774313e+02 3.400004386926957523e+01 2.721079671467914451e+01
2.145333479564231993e+02 3.394453462016524270e+01 2.727219419463332528e+01
2.153398308595939739e+02 3.430818161877604666e+01 2.767468986863590885e+01
2.161958909117496432e+02 3.490509127245253751e+01 2.822132533937754317e+01
2.168621383831736864e+02 3.521089907630815929e+01 2.882332382832492357e+01
2.171655869951987654e+02 3.540586385903341693e+01 2.894623577295215711e+01
2.173655723721088862e+02 3.560554215105651821e+01 2.905781482293875229e+01
2.174727791182276917e+02 3.585269186712485379e+01 2.898939825985230812e+01
2.171442665301844954e+02 3.567159464794911372e+01 2.897114864370841403e+01
2.164082620457702717e+02 3.527742926080280483e+01 2.859321488630547492e+01
2.155237698325656197e+02 3.457716848236699292e+01 2.823511491311447585e+01
2.146193609709731618e+02 3.391134020618556377e+01 2.766780239331237468e+01
2.139782603397431160e+02 3.341492042601934997e+01 2.727472398917891283e+01
2.135117935219711853e+02 3.294063512953620432e+01 2.694864858277887620e+01
2.130352124003802032e+02 3.258890594916039163e+01 2.673161755745655555e+01
2.125376568935682826e+02 3.239007092198581717e+01 2.633772026029100033e+01
2.120927201384319289e+02 3.210052886841656061e+01 2.597849430918086355e+01
2.117442470327313515e+02 3.193966025687894472e+01 2.581867856011308504e+01
2.115891106724184283e+02 3.167257926933294243e+01 2.591578075113938340e+01
2.114969023421315626e+02 3.146635958177963133e+01 2.591593185640125796e+01
2.114517462406473101e+02 3.140806219687553380e+01 2.577869903243888672e+01
2.114032853208549625e+02 3.132171772562209000e+01 2.579443347712705048e+01
2.114376885769296450e+02 3.130611001437937091e+01 2.585953547317881629e+01
2.114476322780336943e+02 3.131723331139869870e+01 2.584773951402598158e+01
2.114342229046330885e+02 3.126107577197728560e+01 2.578677585240427916e+01
2.111001925373498125e+02 3.102102312885379476e+01 2.567498720479637342e+01
2.109115498038068779e+02 3.093549267626916333e+01 2.552104993785186693e+01
2.108438741439399564e+02 3.082260242255855331e+01 2.546334722526869854e+01
2.107091467427067357e+02 3.079510126489727284e+01 2.537828958592283968e+01
2.106074870220077457e+02 3.079432136677146659e+01 2.532536374936023904e+01
2.107200848139211757e+02 3.092000194974531624e+01 2.536972045526552932e+01
2.106466525310131317e+02 3.089999268845507174e+01 2.532320440642440929e+01
2.099064902147156886e+02 3.033868050985839915e+01 2.495377641295605642e+01
2.084117130949769603e+02 2.913937754380834022e+01 2.429043893641393126e+01
2.071179352197119385e+02 2.813273378664911917e+01 2.355065194608954116e+01
2.064266968877190322e+02 2.736497769978796413e+01 2.319739221564183040e+01
2.064314688893763332e+02 2.720236406619385505e+01 2.312217591577100251e+01
2.068601398942263074e+02 2.744603348687577693e+01 2.345240427969096686e+01
2.077362043333089616e+02 2.787614242889522487e+01 2.383311642416709475e+01
2.086010138675635517e+02 2.823385732738660892e+01 2.443059637834807774e+01
2.094619482830055404e+02 2.869670249323682043e+01 2.501196656186785461e+01
2.101997709049255434e+02 2.920026321561746130e+01 2.540248105091272279e+01
2.104007262801296463e+02 2.930788428261558209e+01 2.546919646121225256e+01
2.101924252394530868e+02 2.913505885793668071e+01 2.545447100972435450e+01
2.098311033121298408e+02 2.914438351490336743e+01 2.501791328507713530e+01
2.096483195632570471e+02 2.911930491579537517e+01 2.472288269844751696e+01
2.097742487387585015e+02 2.924927006409787822e+01 2.490682654578245803e+01
2.102227681509102979e+02 2.963813701835197634e+01 2.519031951451341556e+01
2.110451073578513785e+02 3.014999878140917744e+01 2.560354366210913568e+01
2.119765933074992006e+02 3.079415076405644669e+01 2.609558626404425752e+01
2.129014598718042350e+02 3.139129438717067444e+01 2.661805951597572673e+01
2.136506348858180502e+02 3.189007335916745944e+01 2.701296093197825954e+01
2.143281567595232957e+02 3.243125929175501199e+01 2.750431624869001368e+01
2.149711388949818343e+02 3.303565596743925425e+01 2.786974238990032049e+01
2.155039604201701025e+02 3.347238429480149335e+01 2.824141746484365356e+01
2.159450074334040153e+02 3.386743681606590428e+01 2.844130048012478440e+01
2.163329580073602756e+02 3.423768370256635052e+01 2.868502839316614228e+01
2.166310691915868460e+02 3.460401647534790470e+01 2.880463064512198201e+01
2.169477127050278966e+02 3.492304842679924803e+01 2.893741317540396452e+01
2.171696034705466616e+02 3.526438059028539129e+01 2.899151860788184720e+01
2.173715873364041897e+02 3.544071555653042793e+01 2.899555458068289937e+01
2.175520118934464051e+02 3.561349711193975054e+01 2.925237015914796146e+01
2.177277326899173886e+02 3.581939021715288618e+01 2.928457995174380457e+01
2.171928005654261540e+02 3.568651507396846512e+01 2.885439301991177530e+01
2.149916550900538539e+02 3.416174599692914882e+01 2.766386878214033374e+01
2.129024298700982172e+02 3.260650727498720158e+01 2.644247520167678189e+01
2.117891252955082848e+02 3.150248348809436649e+01 2.588824059857181226e+01
2.114885233116424104e+02 3.115582851989958968e+01 2.570445760522531842e+01
2.118606858229143768e+02 3.115582364553630157e+01 2.594182447417805903e+01
2.124412419877653520e+02 3.136248690014866725e+01 2.646128536959859545e+01
2.128604226072969254e+02 3.159494041090882632e+01 2.668958592283883036e+01
2.130499963442275373e+02 3.171359216202383635e+01 2.680871536155589752e+01
2.131818429967585473e+02 3.181924398625429617e+01 2.683324803197582398e+01
2.132729204747629979e+02 3.193517096829226531e+01 2.689370963417903582e+01
2.130218810167921788e+02 3.182024323072798566e+01 2.673124710584679775e+01
2.126301186907460306e+02 3.159255197289854067e+01 2.652767907192123076e+01
2.121576027881357902e+02 3.122518583510029089e+01 2.616095635007676989e+01
2.119132363335039315e+02 3.104304550218127901e+01 2.606984962589261912e+01
2.117975823158099900e+02 3.090462820794033760e+01 2.608934707903780037e+01
2.120321513002363929e+02 3.105219955643294227e+01 2.615107601569544826e+01
2.124956593794935600e+02 3.137414637712948817e+01 2.646331310472569598e+01
2.130020813531232591e+02 3.176241378469937260e+01 2.672302892934610341e+01
2.136091979235212364e+02 3.221337525285759540e+01 2.713933854890204955e+01
2.143270210328775818e+02 3.270735785138066376e+01 2.754986717360044679e+01
2.149004411298774073e+02 3.306360556652287386e+01 2.797928395603324248e+01
2.152938168701713266e+02 3.343663571445979699e+01 2.811936340815481117e+01
2.156701908313226568e+02 3.374910677292778871e+01 2.835294777119738896e+01
2.159604201701152704e+02 3.400435768077795018e+01 2.849946138285686459e+01
2.160638102897808892e+02 3.424178304209012680e+01 2.847449001974117166e+01
2.161535765640613249e+02 3.441350686066632392e+01 2.846962540518144991e+01
2.162968779703151370e+02 3.459408739733372329e+01 2.857026638395359441e+01
2.165764665740537680e+02 3.491746728083644058e+01 2.869206697375155457e+01
2.169102629718993001e+02 3.513437644707659757e+01 2.880706295240184289e+01
2.171655236284760235e+02 3.547986156808266855e+01 2.910562745241402993e+01
2.174608174307231252e+02 3.579635885062513978e+01 2.927545514367185930e+01
2.176963807852599189e+02 3.601679218152128925e+01 2.932050400916380184e+01
2.175250566644731975e+02 3.594658185274548856e+01 2.929213521483756111e+01
2.158214910677292835e+02 3.475145134166849203e+01 2.835117837732446233e+01
2.136292120591747619e+02 3.321334113231458929e+01 2.700370451609758504e+01
2.123582413297262974e+02 3.191517145572859704e+01 2.627101947308132779e+01
2.118978187224293777e+02 3.129247154590431634e+01 2.608598864273354323e+01
2.121344398137993323e+02 3.127357851380663334e+01 2.612596817040774155e+01
2.125588018815042233e+02 3.163410591991421228e+01 2.651130608564256264e+01
2.130403792254636812e+02 3.186719797226487216e+01 2.694096171187638689e+01
2.133202505422729018e+02 3.189877897199678358e+01 2.707381735760766261e+01
2.135203918988082137e+02 3.195764178304208869e+01 2.726923058175525938e+01
2.137952474957958486e+02 3.219003192707952365e+01 2.737723672345299875e+01
2.138199946382003986e+02 3.222817381979479023e+01 2.734453462016524128e+01
2.135812726962540467e+02 3.212471545904315917e+01 2.702720869586410402e+01
2.132552070385805791e+02 3.197705149764811949e+01 2.682788623236089620e+01
2.130256196534327842e+02 3.178549389485998233e+01 2.665464161243937369e+01
2.129502132533937697e+02 3.177508225488045568e+01 2.661212741585630326e+01
2.130178742901708517e+02 3.179357071482537478e+01 2.658886207989081285e+01
2.131526991786697920e+02 3.192661158636153118e+01 2.671790597353220775e+01
2.133379054860958774e+02 3.211434281396992674e+01 2.678477248909361208e+01
2.134311764275791461e+02 3.218151641441836830e+01 2.693575589188662178e+01
2.135000755526309320e+02 3.236389071677512419e+01 2.698415831931954045e+01
2.135640905656698578e+02 3.243246813385001559e+01 2.690263459335624319e+01
2.135587385147815098e+02 3.243060612707465395e+01 2.706663254612366387e+01
2.134350856669347536e+02 3.231483025029855582e+01 2.707226243571933466e+01
2.132639418975896319e+02 3.231791572225878184e+01 2.698794569959299139e+01
2.130378396821915032e+02 3.215802685774171010e+01 2.685002071604396789e+01
2.127241695303550841e+02 3.192215154395456977e+01 2.663622626794375137e+01
2.123586020326094967e+02 3.168985888718286148e+01 2.632617776802905141e+01
2.119423119105067030e+02 3.141809363651872999e+01 2.609741415027662015e+01
2.115853964075942599e+02 3.114768833321147312e+01 2.574924325509980250e+01
2.111036972045526454e+02 3.078849162828105435e+01 2.554458336379810390e+01
2.107194121517876795e+02 3.051064317223562838e+01 2.537169944675976652e+01
2.103621456947186346e+02 3.013249494284809060e+01 2.518375862153006395e+01
2.100677633984060719e+02 2.984205113207087479e+01 2.512683580707270181e+01
2.098717165070312660e+02 2.969523530988764648e+01 2.493700860325120061e+01
2.096541395530208831e+02 2.951245643537813024e+01 2.491287563062074994e+01
2.094347152153249851e+02 2.937048085593819380e+01 2.471666301089420159e+01
2.085014598718042578e+02 2.881176183860983286e+01 2.434858034169286611e+01
2.064620262728181217e+02 2.729544490750895491e+01 2.337613511735029448e+01
2.039994784431283676e+02 2.543806390290268382e+01 2.224160756501181879e+01
2.021636177524310938e+02 2.402244156857010537e+01 2.114956496307669909e+01
2.011909775535570759e+02 2.318641027515780806e+01 2.086761229314420873e+01
2.010807633252906328e+02 2.282531256854573343e+01 2.087903292632399754e+01
2.014634690843508622e+02 2.278429967585484306e+01 2.114802953864151647e+01
2.019773537081718757e+02 2.291646316199946298e+01 2.141397479954180838e+01
2.025345080548853218e+02 2.306786576003509381e+01 2.175623796641563601e+01
2.029677902074041640e+02 2.324303087909141752e+01 2.200678023933123839e+01
2.031166142672613262e+02 2.348850381418927213e+01 2.204314298944700212e+01
2.028898686359094370e+02 2.342770100655601695e+01 2.189597621310716136e+01
2.024190197655431120e+02 2.312322390387755533e+01 2.164820745290146320e+01
2.019993955789524875e+02 2.286788525748823986e+01 2.147095610635860652e+01
2.017743852209305260e+02 2.275758816504594151e+01 2.137684190002680751e+01
2.018375667178474941e+02 2.276294996466086573e+01 2.139625161463283831e+01
2.017600350954156738e+02 2.271404060344617548e+01 2.141490092856620464e+01
2.017544052058199782e+02 2.274369135531671304e+01 2.143481270259072247e+01
2.018478077551120009e+02 2.280605395920158074e+01 2.145349126270381035e+01
2.019370719699739141e+02 2.281136214082035707e+01 2.149258853062318764e+01
2.021322219785040488e+02 2.286002778387073064e+01 2.151113060856425463e+01
2.023724257268894178e+02 2.284302113036484627e+01 2.166176305720065187e+01
2.026719699739221596e+02 2.283237064658429105e+01 2.182649216446101903e+01
2.029445004996222508e+02 2.292954107869659452e+01 2.190963417903536481e+01
2.032685335478053048e+02 2.306637907923277453e+01 2.208869391435743879e+01
2.036324583851234422e+02 2.324845117106578130e+01 2.229310033876824804e+01
2.038247666398576712e+02 2.341329726304501335e+01 2.240266627671760347e+01
2.039015817308863916e+02 2.336931588311276897e+01 2.248987838463600752e+01
2.036398527942287444e+02 2.327407569886183580e+01 2.239953206112451412e+01
2.033845190222027384e+02 2.310128439472594053e+01 2.232010431137432604e+01
2.031440666812897575e+02 2.317117301552484676e+01 2.202224171967536748e+01
2.030003509541566018e+02 2.330295630133313978e+01 2.193526358119470743e+01
2.030929297360532360e+02 2.337648607150691049e+01 2.185695693500036541e+01
2.031250274182934845e+02 2.342229046330822939e+01 2.182867100484999057e+01
2.022811435256269590e+02 2.282919256172162648e+01 2.136532865394458014e+01
2.007123443250225421e+02 2.175763690867880484e+01 2.072265847773634562e+01
1.993495942092564235e+02 2.080678998805780822e+01 2.013260217884038994e+01
1.986924812946308805e+02 2.027104871926104579e+01 1.982462040895908117e+01
1.985835149033657387e+02 2.005704954790280681e+01 1.976547001047988061e+01
1.986873875849967135e+02 2.019476005946723163e+01 1.980591747702956340e+01
1.989162633131047357e+02 2.035655480002924733e+01 1.997610587117057790e+01
1.989876873583388033e+02 2.050090906875289321e+01 2.009876922327021020e+01
1.989932051375789115e+02 2.053379152348224679e+01 2.009124320635616812e+01
1.992988813336257863e+02 2.060310984377665733e+01 2.018389997806536584e+01
1.996826253320660101e+02 2.070136238453851973e+01 2.032850771367990106e+01
1.997401964368404492e+02 2.078353927518217859e+01 2.038056103921425333e+01
1.996728034900441173e+02 2.082712583168823528e+01 2.032745972557334824e+01
1.995690087982257239e+02 2.089444078867197874e+01 2.023688430698739893e+01
1.994998757037361941e+02 2.098295435158782496e+01 2.023429602008237538e+01
1.994281543223416406e+02 2.096149740440154829e+01 2.019534985742487265e+01
1.991029221807901308e+02 2.088211839828422356e+01 2.017815797811410761e+01
1.985796349101898670e+02 2.079406302551729269e+01 1.992907313982111006e+01
1.977305110769905809e+02 2.061878092174209698e+01 1.962948502351880364e+01
1.967859667080987549e+02 2.041984840730179585e+01 1.925418342229046331e+01
1.961144208037825081e+02 2.029265189734590891e+01 1.891205673758865302e+01
1.955615412736711392e+02 2.010043625551412205e+01 1.856108308352221314e+01
1.951552630937583785e+02 1.981485705929662799e+01 1.828201603665521091e+01
1.948954302844190920e+02 1.962957276205795765e+01 1.809248129463088972e+01
1.946865638176013249e+02 1.951882722819331661e+01 1.808636884306987369e+01
1.947146109039506712e+02 1.949790646096853663e+01 1.801603178084862833e+01
1.951845677658355953e+02 1.944891910994126505e+01 1.828906436596719587e+01
1.961700031683361374e+02 1.950431624869001368e+01 1.868377568180156345e+01
1.972217152884404356e+02 1.969308084131510483e+01 1.921494479783578413e+01
1.982580731641929219e+02 2.002612658721454508e+01 1.962051619507201750e+01
1.988921888328337104e+02 2.039883015281128920e+01 2.004487826277692619e+01
1.997220686797787152e+02 2.079293217323487042e+01 2.053420584436157981e+01
2.010568984426409429e+02 2.122125709829153450e+01 2.108543296531890476e+01
2.024697472642636171e+02 2.153953839779678603e+01 2.166891862250493617e+01
2.036105140016085500e+02 2.187996392971168191e+01 2.227238429480149051e+01
2.036379664156369529e+02 2.187774122005313160e+01 2.227312519802100965e+01
2.024667641539323881e+02 2.150993151519582725e+01 2.167464112500304552e+01
2.017712412566108640e+02 2.120076040067266376e+01 2.134891667275962135e+01
2.016873339670005691e+02 2.111755501937559387e+01 2.128372693816870154e+01
2.021010455509249084e+02 2.123195145134166850e+01 2.160721405766371817e+01
2.028939436036167763e+02 2.151891984109575517e+01 2.185744437132899520e+01
2.037242621432575334e+02 2.195878238405108362e+01 2.229123345762959829e+01
2.046122444005751788e+02 2.250883478345641109e+01 2.268873778362701543e+01
2.053749652701615958e+02 2.290285881406741098e+01 2.324057419999512675e+01
2.059885793668202041e+02 2.324800272964343861e+01 2.350546659842558128e+01
2.060371231507884318e+02 2.335002802758889473e+01 2.352104018912529426e+01
2.054608807974458387e+02 2.316212619726548283e+01 2.319741658745826385e+01
2.048190831322658596e+02 2.286354219980015046e+01 2.285950622699909829e+01
2.042228071458165743e+02 2.269163802978236077e+01 2.260486948892300774e+01
2.039910701664595081e+02 2.258426555531183766e+01 2.239313202212960974e+01
2.038983646511174470e+02 2.258268138724379170e+01 2.243117642757914609e+01
2.040454778094611470e+02 2.272933635543856923e+01 2.258342716482659540e+01
2.044537691014111260e+02 2.291678974433964555e+01 2.275940142818844336e+01
2.050066047622529197e+02 2.316760498159927906e+01 2.304496112695279209e+01
2.056166215788062743e+02 2.350083107894031187e+01 2.331572225877994597e+01
2.060661499841583293e+02 2.370117228437035450e+01 2.369630766981063275e+01
2.063904511223221334e+02 2.391305110769905795e+01 2.365890180595159720e+01
2.066324583851234422e+02 2.404724720333406296e+01 2.369560088713411972e+01
2.067674879968804191e+02 2.418546464868026646e+01 2.388322487875021238e+01
2.067658648339060790e+02 2.429769686334722678e+01 2.379791864687675229e+01
2.067625405181448173e+02 2.433829056079549602e+01 2.371136945236528604e+01
2.068138773122760767e+02 2.440430893714508542e+01 2.384976237478979399e+01
2.069539665131242145e+02 2.448857692963856536e+01 2.398665399332212189e+01
2.072860568838195547e+02 2.466704686700299831e+01 2.421318515268943017e+01
2.076354756159976489e+02 2.479722648729009649e+01 2.435452706490214680e+01
2.078970485730301618e+02 2.492376983256562184e+01 2.449973922156418382e+01
2.081255343520752490e+02 2.498045380322195541e+01 2.454996953522946157e+01
2.079082157393190471e+02 2.478553776412956111e+01 2.441919036825814615e+01
2.067981087470449211e+02 2.414625527040530173e+01 2.390246886500450785e+01
2.056894543150301047e+02 2.339049499159172285e+01 2.320239331237356950e+01
2.051083424727644910e+02 2.295253345031805381e+01 2.300821817650069434e+01
2.050287148741195722e+02 2.283529526455606629e+01 2.296739050961468109e+01
2.055664497575004361e+02 2.312554897516512042e+01 2.316836538227193998e+01
2.067445736150715447e+02 2.368748994662572116e+01 2.377683215130023697e+01
2.084167190660720053e+02 2.432590967804830484e+01 2.459694864858277796e+01
2.100368306889912446e+02 2.498915454168799144e+01 2.541642660427481815e+01
2.111408301040676463e+02 2.571252467646413820e+01 2.608231824717896075e+01
2.117459579342448421e+02 2.623158099973191071e+01 2.643881455484877208e+01
2.119136896492895517e+02 2.650625624527796020e+01 2.654788818210621315e+01
2.117931710170358883e+02 2.654379371694572498e+01 2.642520533255343551e+01
2.113611513246082154e+02 2.636188735346445355e+01 2.628550120640491272e+01
2.108195851916843253e+02 2.625513392313128946e+01 2.592816650824985913e+01
2.106696546513611565e+02 2.637544783212692678e+01 2.582997245984743273e+01
2.109466793400112010e+02 2.655508274231678456e+01 2.599453583875606100e+01
2.114821817650069420e+02 2.693086203114718202e+01 2.630893714508542303e+01
2.121509687797031631e+02 2.743360873485901053e+01 2.660035095415661388e+01
2.128200385074699739e+02 2.790471107211620350e+01 2.700824254831712778e+01
2.137018351977772852e+02 2.837492627525529443e+01 2.748973702810070563e+01
2.147661962906095425e+02 2.895557505300870105e+01 2.804769077039311753e+01
2.157404840242743376e+02 2.954914576783407654e+01 2.849970022665789315e+01
2.164253320659988731e+02 3.005741512514927649e+01 2.897418049767249215e+01
2.171543418390972704e+02 3.055788062684311868e+01 2.949009285662060265e+01
2.179550876166800606e+02 3.106726133898759556e+01 2.994126879676342412e+01
2.186087641051887545e+02 3.158397796787794576e+01 3.032029441154249128e+01
2.193926445858009799e+02 3.207547464112500535e+01 3.071307547951548855e+01
2.200673003338938827e+02 3.244554605054715068e+01 3.119038775559942422e+01
2.205855475128561238e+02 3.310965855085179754e+01 3.135847042480076041e+01
2.210305720065316564e+02 3.348668567668348572e+01 3.166543345275523436e+01
2.206219053886086101e+02 3.349544490750895420e+01 3.134346226024225501e+01
2.186795154882893542e+02 3.247980795008651711e+01 3.015403475421022961e+01
2.169521678730715735e+02 3.098518680997294794e+01 2.914237040286612412e+01
2.160455168043674234e+02 3.018988569618093720e+01 2.865990592478857479e+01
2.159600155979625242e+02 2.999751894908727579e+01 2.857701737710511480e+01
2.165267285710804117e+02 3.023779093855864986e+01 2.880150130389218077e+01
2.174646096853598465e+02 3.087915478540615766e+01 2.938891569788696501e+01
2.183224440057517484e+02 3.141513977236723321e+01 2.987341278545489942e+01
2.187400745777582927e+02 3.173917769491360019e+01 3.018291048231824547e+01
2.189779678779459573e+02 3.193635056420755092e+01 3.041512027491408787e+01
2.191965099558870236e+02 3.249798932514440253e+01 3.047799468694401881e+01
2.192707075138310131e+02 3.258748750944408101e+01 3.056287684921157322e+01
2.189884038897419032e+02 3.247742926080280768e+01 3.039194267748775147e+01
2.185513294825863397e+02 3.220829616631327497e+01 3.007936925739075207e+01
2.179798493821744501e+02 3.202857839194755485e+01 2.951627306183129917e+01
2.176484462967025024e+02 3.187113158343691310e+01 2.945882869050230468e+01
2.176577855767590393e+02 3.177835295264556237e+01 2.948427286685676663e+01
2.177630669493797484e+02 3.186866028125076156e+01 2.957162633131047258e+01
2.180378494309180724e+02 3.211922692598279383e+01 2.972413053544880768e+01
2.183963588506251483e+02 3.233383051838853817e+01 2.990315615022787554e+01
2.186237478979308264e+02 3.264510248348809540e+01 3.008061222002875823e+01
2.188025395432721609e+02 3.295133923131290743e+01 3.016306694937973631e+01
2.190351197874777540e+02 3.313447393434232424e+01 3.035768565231166605e+01
2.191150593453729982e+02 3.327745850698252639e+01 3.046630596378347988e+01
2.190624649655138683e+02 3.337840657064170813e+01 3.053243157612536862e+01
2.191223757646657475e+02 3.342113036484609268e+01 3.059538397796787734e+01
2.191146109039506769e+02 3.356813628719748266e+01 3.058247178962248114e+01
2.191864590187906572e+02 3.375479515488289195e+01 3.061017767054178407e+01
2.192438838926665312e+02 3.391071141332163563e+01 3.061427701006556035e+01
2.193392800565426057e+02 3.407189198410957687e+01 3.051886134873632273e+01
2.193404060344617506e+02 3.421922936316443753e+01 3.048544758840876412e+01
2.184984377665667523e+02 3.371996782920231084e+01 2.999720211547366588e+01
2.162903950671443454e+02 3.217337622773025174e+01 2.855949404109088263e+01
2.144588823084984597e+02 3.064355243596305201e+01 2.741583193195388901e+01
2.133873607759986442e+02 2.944184640881285020e+01 2.681075771977285527e+01
2.128850235188028535e+02 2.880544466379079083e+01 2.652817625697643322e+01
2.130291876873583305e+02 2.863460797933269930e+01 2.659501352635811955e+01
2.134177573054519712e+02 2.868577417074894598e+01 2.687856011308522852e+01
2.134433964563378936e+02 2.855147571348492619e+01 2.703490044112987789e+01
2.130100996807292120e+02 2.828581804001852262e+01 2.679977577928882937e+01
2.123635153908020641e+02 2.797311788647607855e+01 2.639130413589724711e+01
2.117939216689819943e+02 2.764628695376666556e+01 2.605609904706197710e+01
2.111803953108625080e+02 2.756485584070580686e+01 2.549132607053203614e+01
2.105189442129121744e+02 2.742111086739294734e+01 2.511987034193658630e+01
2.104696692744510358e+02 2.778181862494211529e+01 2.516158026857741703e+01
2.107568082669201317e+02 2.830519850844483543e+01 2.537118763861470683e+01
2.108847066851892578e+02 2.874675245546050562e+01 2.537025663522702246e+01
2.114945772708439904e+02 2.938378299334649313e+01 2.577200165728351777e+01
2.122829275425897606e+02 3.039453096439277502e+01 2.622178840388974308e+01
2.129414296507518713e+02 3.106935244083741665e+01 2.646385415905047367e+01
2.134178401696278513e+02 3.148750456971558265e+01 2.670049474787355948e+01
2.138908825034729944e+02 3.201022641417464598e+01 2.676845799517437996e+01
2.142945870195705709e+02 3.232690404815870977e+01 2.710661207379785864e+01
2.146854378396821801e+02 3.272535887499695662e+01 2.736152665058126843e+01
2.149565791718456751e+02 3.298556213594599029e+01 2.746005703005045007e+01
2.151227998342716603e+02 3.319177207477273583e+01 2.754520728229875104e+01
2.152059077283030035e+02 3.333811995808047612e+01 2.762254393019911802e+01
2.152762984085203755e+02 3.344944554117618196e+01 2.770441861031902775e+01
2.153236577222100436e+02 3.359081182520533559e+01 2.758140917842606754e+01
2.154183471034096158e+02 3.366634495868976984e+01 2.742478613731081438e+01
2.152967853574126877e+02 3.343954570934171500e+01 2.741462308985888541e+01
2.143054471009724296e+02 3.254275060320245672e+01 2.681436474860471364e+01
2.123437108527698456e+02 3.084658916429041398e+01 2.591107699056810532e+01
2.108772001657283397e+02 2.951602446930369794e+01 2.500595647193585336e+01
2.103051400160854030e+02 2.886898686359094413e+01 2.473261680193024858e+01
2.103049694133703724e+02 2.870431624869001652e+01 2.466711023372571887e+01
2.102539202066730013e+02 2.883255587238916817e+01 2.476359825497794276e+01
2.106129463088884108e+02 2.916559186956203931e+01 2.489399722161292772e+01
2.108655309400209603e+02 2.942423045989617592e+01 2.516167775584314370e+01
2.109650898101435530e+02 2.961195681314128336e+01 2.521891740391411219e+01
2.110407789232531570e+02 2.971076015695449613e+01 2.524111525431990444e+01
2.110848334186347017e+02 2.982835904559966878e+01 2.537443396456338007e+01
2.110648241573444466e+02 2.967239404352806531e+01 2.526714435426872285e+01
2.108582583899978147e+02 2.942959225951110014e+01 2.528242060880797482e+01
2.107226389802831932e+02 2.930714337939606651e+01 2.521164972825424755e+01
2.107684677439009420e+02 2.922461066023250709e+01 2.524413248519412178e+01
2.108926372742560602e+02 2.933277278155540913e+01 2.535687650800614179e+01
2.112762301674343917e+02 2.959136750261997051e+01 2.547271087714167237e+01
2.116779556920377274e+02 2.982599985376910112e+01 2.576627428042212031e+01
2.121770027540152626e+02 3.027309595184129165e+01 2.605016694694255719e+01
2.126152518827228164e+02 3.074981355560429819e+01 2.630114303819063792e+01
2.129687699544247153e+02 3.111325583095707970e+01 2.647571348492603249e+01
2.133434768833321016e+02 3.140370451609758362e+01 2.671514708391216431e+01
2.136844239721186511e+02 3.169696083449099433e+01 2.692535400063366779e+01
2.140533840267115124e+02 3.195771002412809736e+01 2.708020277351270977e+01
2.143130364846091993e+02 3.216793643830274618e+01 2.719038775559942422e+01
2.145462114011357357e+02 3.241444761278057740e+01 2.734756159976603129e+01
2.148573176378835399e+02 3.275757841631936884e+01 2.742751578075113983e+01
2.150841705052277462e+02 3.298592283882917542e+01 2.755718359289317831e+01
2.149578660037532529e+02 3.298758012234652170e+01 2.741323389632229279e+01
2.137392264385464671e+02 3.215319636372498735e+01 2.688057322512246827e+01
2.120307523579732276e+02 3.067952036265262805e+01 2.605616241378469766e+01
2.113651580512295709e+02 2.930187906704686540e+01 2.565481708951768169e+01
2.110528868416563171e+02 2.833041846408812958e+01 2.542650191318758957e+01
2.111874680119909442e+02 2.787114133216348577e+01 2.558729740927591223e+01
2.116846238210133890e+02 2.807332992127903282e+01 2.580935390314640188e+01
2.124274621627549777e+02 2.848720235919182997e+01 2.619588603738636579e+01
2.129213423996490349e+02 2.887223806390290193e+01 2.655463917525773354e+01
2.132944359143087070e+02 2.914205844361580233e+01 2.678841363846847656e+01
2.135716555774901906e+02 2.944593599961005026e+01 2.703190270770880588e+01
2.138209451390412141e+02 2.963352587068314037e+01 2.717465818527454857e+01
2.137728692939484745e+02 2.962990909312470933e+01 2.718985157563793109e+01
2.135198264726670061e+02 2.941017767054178478e+01 2.709234968682216049e+01
2.131694913601910741e+02 2.921564670614900905e+01 2.692297043698667025e+01
2.129392069410933175e+02 2.910335112475932817e+01 2.676242840778923338e+01
2.130007750237625146e+02 2.909078501620725632e+01 2.685892617776802993e+01
2.132660573712558687e+02 2.925627452414028440e+01 2.696648387804343017e+01
2.136636348127025826e+02 2.961517876727352316e+01 2.715658892057225060e+01
2.141147571348492704e+02 3.002386975701298866e+01 2.733976749287124264e+01
