2.211700487372618511e+02 3.360742241070109770e+01 3.474928370993944782e+01
2.209604194358292659e+02 3.340128700128700245e+01 3.460173428698018938e+01
2.198818785999113743e+02 3.239769605671244790e+01 3.394778572483490819e+01
2.187012553537143731e+02 3.132835411523936031e+01 3.316683334388252291e+01
2.174952929510306490e+02 3.036070215414477858e+01 3.217354684895668271e+01
2.173101208937274578e+02 3.021395446969217602e+01 3.172815579045087375e+01
2.172931029390045694e+02 3.036262632656075411e+01 3.075832647635926165e+01
2.174925037449627609e+02 3.044369896828913369e+01 3.054135493807624968e+01
2.180896132666624396e+02 3.047125345486001180e+01 3.065866194062915540e+01
2.186948287866320584e+02 3.059544274954111032e+01 3.097151296495558626e+01
2.188514505137455899e+02 3.070277865687701890e+01 3.099730784648817306e+01
2.185629470219634243e+02 3.047713146401671125e+01 3.085238306221912907e+01
2.181246576787560514e+02 3.015445281346920581e+01 3.047189484566533579e+01
2.177909192564930265e+02 2.991226448931367088e+01 3.023016224655568962e+01
2.178428592526953196e+02 2.988062113635884032e+01 3.015694664219254406e+01
2.181630103171086716e+02 3.011551785978015516e+01 3.039151001118214168e+01
2.188021942317024298e+02 3.060567968436820863e+01 3.077184209971095186e+01
2.196661518661518642e+02 3.106876806548937608e+01 3.134262506065784848e+01
2.205705340000421870e+02 3.176355043568158365e+01 3.203269827204253772e+01
2.213878853091967756e+02 3.239963710783382567e+01 3.256845369960124259e+01
2.220775196742409889e+02 3.292180095786653027e+01 3.291937464396480806e+01
2.225084667805979279e+02 3.331501571829440422e+01 3.331583855518281467e+01
2.228397788889592164e+02 3.371126864569487225e+01 3.350188408549064434e+01
2.230607675591282089e+02 3.397684241618667755e+01 3.359590269426335141e+01
2.232149967297508226e+02 3.423330590543704943e+01 3.369379074624976056e+01
2.233656813722387540e+02 3.449813279321475790e+01 3.374648606451884802e+01
2.235444521805177658e+02 3.461577736987572962e+01 3.384598603287128071e+01
2.237432453530814200e+02 3.499263244509145920e+01 3.391268645694875516e+01
2.240086883136063420e+02 3.528405173323206157e+01 3.421225815979914131e+01
2.242548853302951670e+02 3.563743696858450960e+01 3.427658712576745614e+01
2.242044137814629607e+02 3.554641433002088746e+01 3.428670168998037582e+01
2.228339304175369762e+02 3.471352195286621622e+01 3.329833533767960319e+01
2.202271156402303802e+02 3.280843091334894268e+01 3.158512142118699373e+01
2.181811886828280365e+02 3.094904740806380161e+01 3.035660906808447734e+01
2.171498702449522114e+02 2.989392999556934072e+01 2.960161191636601430e+01
2.170013967128721220e+02 2.963193029094668418e+01 2.954695022891744216e+01
2.175655885393590268e+02 3.003752136211152646e+01 2.989364305757748497e+01
2.185640441378146193e+02 3.045554359980589609e+01 3.057690571133193913e+01
2.192293605080490408e+02 3.090080384834483240e+01 3.106040044728569427e+01
2.196935249066396523e+02 3.121557482541089001e+01 3.141354516108614447e+01
2.201015254130008145e+02 3.150847100027428027e+01 3.164524758950988570e+01
2.203467434647762389e+02 3.172010042829715104e+01 3.182003924299006314e+01
2.201425448868071726e+02 3.165617233158216592e+01 3.172220182711986070e+01
2.197391775850792328e+02 3.152105829482878718e+01 3.131003650020043594e+01
2.193079055636432599e+02 3.128941916155030967e+01 3.111258940439268272e+01
2.190284153005464418e+02 3.105237884254277603e+01 3.102218283857628123e+01
2.190331497774120635e+02 3.105427769690064821e+01 3.101741460429985153e+01
2.191082642361330954e+02 3.114881110618815541e+01 3.097774542692575395e+01
2.191726649365993751e+02 3.104061016520033078e+01 3.108698440829588350e+01
2.190202755448657115e+02 3.094895879486043455e+01 3.102183260543916177e+01
2.188942338122666058e+02 3.094664641222018275e+01 3.088317404055108994e+01
2.189469755469755512e+02 3.101365909234761631e+01 3.098346308838112151e+01
2.191354347321560567e+02 3.100054433824925582e+01 3.101773529970251175e+01
2.193167879823617454e+02 3.109693018545477727e+01 3.114996307783193075e+01
2.195106399139185953e+02 3.135264257231470353e+01 3.112340443487984487e+01
2.198299554824145048e+02 3.156732704601557060e+01 3.132611346709707334e+01
2.202225879275059697e+02 3.187456168111905797e+01 3.158347152773382405e+01
2.205002552904192328e+02 3.205166571723948721e+01 3.186952760723252354e+01
2.207592379264510498e+02 3.230247062050340645e+01 3.198590206131189717e+01
2.210491128130472305e+02 3.252972129037702587e+01 3.210401924172415988e+01
2.214408127096651810e+02 3.285140409730573907e+01 3.230218790218790303e+01
2.217876236892630288e+02 3.319985231132772441e+01 3.259259024832795149e+01
2.220216089625925804e+02 3.344866130767770329e+01 3.285167415659218904e+01
2.219487267126611414e+02 3.339031584277486076e+01 3.278934109753782167e+01
2.203335611958562765e+02 3.231921007658712597e+01 3.174825410890984756e+01
2.183112475473131155e+02 3.060245163195982698e+01 3.062849969407346507e+01
2.167254509779099862e+02 2.937517564402810422e+01 2.963134797561027156e+01
2.161822014051522274e+02 2.873910163090490855e+01 2.945750574930902843e+01
2.163748380699200311e+02 2.877691837036099187e+01 2.958193556554212122e+01
2.171308352849336529e+02 2.914824144988079269e+01 3.016884190982551672e+01
2.179050361837247181e+02 2.960829588370571841e+01 3.063781673945608475e+01
2.180908791695676996e+02 2.979126105027744487e+01 3.070956811612549231e+01
2.180541173491993163e+02 2.986137519252273265e+01 3.067480642234740529e+01
2.181472878030255060e+02 2.996422558389771496e+01 3.070385889402282942e+01
2.180909129269784898e+02 2.999348481971432889e+01 3.058630293056522476e+01
2.178093592421461153e+02 2.982941536384159420e+01 3.042225879275059697e+01
2.173714412304576342e+02 2.942845327763360430e+01 3.017724328544000656e+01
2.170454923307382273e+02 2.909331392282211937e+01 3.010795619975947801e+01
2.168667637192227460e+02 2.892159841340169280e+01 2.991665295271852543e+01
2.169558832837521436e+02 2.894530455514061984e+01 3.000161191636601643e+01
2.172059581830073682e+02 2.911881764668649808e+01 3.020432516825959368e+01
2.177633436715403832e+02 2.940726628267611886e+01 3.054444374116505401e+01
2.184961115682427248e+02 2.994875625039559353e+01 3.106043842437285107e+01
2.192059919404181585e+02 3.040105069941135341e+01 3.145352237483384883e+01
2.197783994767601428e+02 3.088592526953182826e+01 3.173274679832056933e+01
2.201628077726438448e+02 3.114562525054328290e+01 3.193697491402409483e+01
2.204226934194147418e+02 3.133113488195455432e+01 3.215094204274532075e+01
2.205199822773593326e+02 3.159788594214823831e+01 3.214143933160326583e+01
2.207091208304323118e+02 3.182122075236829417e+01 3.228165495706479504e+01
2.208028356225077573e+02 3.198452644682152979e+01 3.236347870118361669e+01
2.207478912167436818e+02 3.191918475852902048e+01 3.234996307783193004e+01
2.206338291453045599e+02 3.193340084815494606e+01 3.229674030001898899e+01
2.205330674937232232e+02 3.186125704158490990e+01 3.217447517775386956e+01
2.203631242483701556e+02 3.188175622929721342e+01 3.199747663354220606e+01
2.202151739561575710e+02 3.184756841150283790e+01 3.180263729771926506e+01
2.202092410912082983e+02 3.184261451146696942e+01 3.175305610059708528e+01
2.202593075511108225e+02 3.188123720910606096e+01 3.174530455514062055e+01
2.202831487224929958e+02 3.186127813996666447e+01 3.188608983690950893e+01
2.202872586872586851e+02 3.194711479629512496e+01 3.180859126105027812e+01
2.195244593539675577e+02 3.144185918940017288e+01 3.130666075911977586e+01
2.171900795408992053e+02 2.990533578074561660e+01 2.995216996856341041e+01
2.146828871025592207e+02 2.814060805536215426e+01 2.850788868493786410e+01
2.128925121843154500e+02 2.668716163470261904e+01 2.750763550435681637e+01
2.122236808236808372e+02 2.602937316707808435e+01 2.719769183703609983e+01
2.124073928729666534e+02 2.599450598139122803e+01 2.735627149397641134e+01
2.129543852986475940e+02 2.620478511298183477e+01 2.765846361584066671e+01
2.134942422516193119e+02 2.647162056670253349e+01 2.788507711458531091e+01
2.136683798552651012e+02 2.655676519610945974e+01 2.807990801105555079e+01
2.138293562883726793e+02 2.661081925016351235e+01 2.824372850602358653e+01
2.139917674114395538e+02 2.672423149144460552e+01 2.847709770660590323e+01
2.139604489735637287e+02 2.664590585902061193e+01 2.846446399561153484e+01
2.137886153132054687e+02 2.655103487562503872e+01 2.828564255121632343e+01
2.136455345275017521e+02 2.644258919340886393e+01 2.823747916534801661e+01
2.136127856193429864e+02 2.642235584530666515e+01 2.818081313163280299e+01
2.139135177331898774e+02 2.659207122813680257e+01 2.838167394560837309e+01
2.145301263793066937e+02 2.698015908179842626e+01 2.883622170179547339e+01
2.155498702449522170e+02 2.751680064139080528e+01 2.948334282760512437e+01
2.167413211806654374e+02 2.825989408612359455e+01 3.011010401502204914e+01
2.178538346308838243e+02 2.898515095892145155e+01 3.082075236829335196e+01
2.187698799502078089e+02 2.963477435280713834e+01 3.137777918433656055e+01
2.196116336476992217e+02 3.005137033989493034e+01 3.180013924931957803e+01
2.201678207481486140e+02 3.055921260839293652e+01 3.213319830369010788e+01
2.205640356984619359e+02 3.101492921492921440e+01 3.236321708124987140e+01
2.208490874949891349e+02 3.137766525307509013e+01 3.249134755364263327e+01
2.210736080342637706e+02 3.166150178281325722e+01 3.259709264299428355e+01
2.215726058611304552e+02 3.196119585627782200e+01 3.292213853197459628e+01
2.221356921324134532e+02 3.241170960187353955e+01 3.332351836614131457e+01
2.227976833976833859e+02 3.281635124585944396e+01 3.373340928750764789e+01
2.233979534569698444e+02 3.354064603244930964e+01 3.412434120302972929e+01
2.239019136232251128e+02 3.400027849863915463e+01 3.441288689157541825e+01
2.242935460050214260e+02 3.434805578412135674e+01 3.469747452370403096e+01
2.247918686836719644e+02 3.477064793130367093e+01 3.498991919319788479e+01
2.253801000063295135e+02 3.516582906091102956e+01 3.546232883937801716e+01
2.260146338375846540e+02 3.578179631622254675e+01 3.572349726775956213e+01
2.263872565774205157e+02 3.611894845665337783e+01 3.596137730236090846e+01
2.263716606536278562e+02 3.625093149355444666e+01 3.599759056480368002e+01
2.259008924615482101e+02 3.597772010886765059e+01 3.554446061987045624e+01
2.236504209127159868e+02 3.462984577082937676e+01 3.389688798869126884e+01
2.209859189400173136e+02 3.255818300736333271e+01 3.221223706141739029e+01
2.190938287233369124e+02 3.096575732641306544e+01 3.096049117032723430e+01
2.180385551828174755e+02 2.985595712808827429e+01 3.032248876511171432e+01
2.178185243791801042e+02 2.958727345612591364e+01 3.019937548790007753e+01
2.182107517353418871e+02 2.966478891069055024e+01 3.056542397198134964e+01
2.186767812308795840e+02 2.977935312361541875e+01 3.101116948330063039e+01
2.188038230267738413e+02 2.982442348671856891e+01 3.117910838238707072e+01
2.188135029643226233e+02 2.978099457771589087e+01 3.120527881511488033e+01
2.190170601514863904e+02 2.992351836614131599e+01 3.128648226681013611e+01
2.192049834377703235e+02 3.000051480051480013e+01 3.144660632529485156e+01
2.191792265333249077e+02 3.008572694474333886e+01 3.140289047830031421e+01
2.190353524484671937e+02 2.992350570711226609e+01 3.131172859041711476e+01
2.188278667426208415e+02 2.978222672321032860e+01 3.119086440070046606e+01
2.186765069519167923e+02 2.970911661075595589e+01 3.109107749435618118e+01
2.187672890689284202e+02 2.955555414899677302e+01 3.102736038145874176e+01
2.189133658248412360e+02 2.959730362681182214e+01 3.114379813068337555e+01
2.191694495432200256e+02 2.968267611874169276e+01 3.119726986940101554e+01
2.193741840200856643e+02 2.983896871109985938e+01 3.138229845770829485e+01
2.196094267569677356e+02 2.996755912821486589e+01 3.147838470789290355e+01
2.199539548916598051e+02 3.024536574044770632e+01 3.165676730594763555e+01
2.203253117285904068e+02 3.049066396607380369e+01 3.200110977488026975e+01
2.207429837331476676e+02 3.079872987741840262e+01 3.234134227904719694e+01
2.212516572778867783e+02 3.110968626706331719e+01 3.274243095554570715e+01
2.216001898854357819e+02 3.144133594953267163e+01 3.309018714264615824e+01
2.219930966094900384e+02 3.169371057239909817e+01 3.307580226596620321e+01
2.221347933413507292e+02 3.189173154419055933e+01 3.309447011414224704e+01
2.221595797202354561e+02 3.204530244530244687e+01 3.301378146296178784e+01
2.222587505538325274e+02 3.210925586007553534e+01 3.317401101335527613e+01
2.224593666265797367e+02 3.228891702006455944e+01 3.324382555857965826e+01
2.226681013566259537e+02 3.243123404434879831e+01 3.346105871679642263e+01
2.230054560415216258e+02 3.270219634154060628e+01 3.364902841952022072e+01
2.234528894233812366e+02 3.293013059898305528e+01 3.405132814313142120e+01
2.238762959680992424e+02 3.336953815642340260e+01 3.431220119416840930e+01
2.244778952254362139e+02 3.376727219022301085e+01 3.475973162858408472e+01
2.250069624659788587e+02 3.438732409224212461e+01 3.508903939067873523e+01
2.254955165938772552e+02 3.493367090744139603e+01 3.534220309302276775e+01
2.257533050615017771e+02 3.535725045888980134e+01 3.555807329577821463e+01
2.247686773424478304e+02 3.468164229803574017e+01 3.488868071818891536e+01
2.222284574973099609e+02 3.292798278372048770e+01 3.328054518218452529e+01
2.202624849674029974e+02 3.107697955566808190e+01 3.199340886554001173e+01
2.191998396522986639e+02 2.991625208346519926e+01 3.114107221976074413e+01
2.188935417853450645e+02 2.958823976201025374e+01 3.096871531953499002e+01
2.192091482583285824e+02 2.960485684747979818e+01 3.116854231280460752e+01
2.196176635652045377e+02 2.996970694347743702e+01 3.142179040867565476e+01
2.200483532713040802e+02 3.020353186910563892e+01 3.184407451948435508e+01
2.203695550351287977e+02 3.045115091672468566e+01 3.215024579614743772e+01
2.207012215963035544e+02 3.068041015254129888e+01 3.235177753866278749e+01
2.208791526889887677e+02 3.088272675485790231e+01 3.250555520391586128e+01
2.206886469607781009e+02 3.076014093719011910e+01 3.231752220604679593e+01
2.200585564487203953e+02 3.038680929172732448e+01 3.191544612528219105e+01
2.194768571850539161e+02 2.993986961200075925e+01 3.165445070363103142e+01
2.190071101546511443e+02 2.961008080680211663e+01 3.138715530518809160e+01
2.188076755912821625e+02 2.954217355528830780e+01 3.129882482013629641e+01
2.188854653248095872e+02 2.956044053421102547e+01 3.135524611262316341e+01
2.192500411418444344e+02 2.965518492731607481e+01 3.160882756292592433e+01
2.197497900711015575e+02 2.991060615650779653e+01 3.178838745068253147e+01
2.203106188155368557e+02 3.027167542249509324e+01 3.216814988290398247e+01
2.209299196151655167e+02 3.070963563094710480e+01 3.253207586978079036e+01
2.216078781357470007e+02 3.107667995864717270e+01 3.300373441357047710e+01
2.222277696900647754e+02 3.160903854674346647e+01 3.335480726628267689e+01
2.227667700487372713e+02 3.203000611853070723e+01 3.378743802350359715e+01
2.232311158934109869e+02 3.250110766504209181e+01 3.414987024495221135e+01
2.235311644196890200e+02 3.286388168027512080e+01 3.430583370255501308e+01
2.238235204759794783e+02 3.315944469059223110e+01 3.445726944743338294e+01
2.239532206679747617e+02 3.354758318037006859e+01 3.439790282085363771e+01
2.239436335633056956e+02 3.384761904761904816e+01 3.433062430111610297e+01
2.238843091334894666e+02 3.399341308521636051e+01 3.422524632360698149e+01
2.238362343608245340e+02 3.408893389876996594e+01 3.422428845707533895e+01
2.238245458573327369e+02 3.416199337510813194e+01 3.418147562081988156e+01
2.239124965715129747e+02 3.417860624090132404e+01 3.429217039053104799e+01
2.239566048484081193e+02 3.434026626157773876e+01 3.424191826486908496e+01
2.240344874148152883e+02 3.442873177627276249e+01 3.433959955271430431e+01
2.240069455872734636e+02 3.449494271789353661e+01 3.430823469839863549e+01
2.239843492204147992e+02 3.454882376521720744e+01 3.417258476274869849e+01
2.237961938519315481e+02 3.435341055341055494e+01 3.422273139650188511e+01
2.222417663565204577e+02 3.331230246640082981e+01 3.322218705825262930e+01
2.198360866721522484e+02 3.141287423254636479e+01 3.172459016393442610e+01
2.177490642867691975e+02 2.973921134249003018e+01 3.050524716754225096e+01
2.162750807013102019e+02 2.863133531658121811e+01 2.951540392851868333e+01
2.156791822267232135e+02 2.799317256366436624e+01 2.928472688144819358e+01
2.157504019241724222e+02 2.792173344304491778e+01 2.929668544422642640e+01
2.161172774648184429e+02 2.808199675084921054e+01 2.948557503639471022e+01
2.164640293689473936e+02 2.823387556174441571e+01 2.967798805831592546e+01
2.166112201194168279e+02 2.842208156634386285e+01 2.978140388632191815e+01
2.168342300145578747e+02 2.845048842753760709e+01 2.999316412431166512e+01
2.168655104753465537e+02 2.841800957866531618e+01 3.001524569065552583e+01
2.165407979407979440e+02 2.817060151486381159e+01 2.990960187353629962e+01
2.160061269700613877e+02 2.784144566111779184e+01 2.968354115239361235e+01
2.155590733590733521e+02 2.751207038420153239e+01 2.937276620883178424e+01
2.151752769162605148e+02 2.727445196953393847e+01 2.910625145051374574e+01
2.149687195392113495e+02 2.716175707323248290e+01 2.893673439247209700e+01
2.150251999071671207e+02 2.721314007215646669e+01 2.904673713526172563e+01
2.152083001033820722e+02 2.736274447749857686e+01 2.911335738548853413e+01
2.155395278182163565e+02 2.760555309407768476e+01 2.928992552271240868e+01
2.158558010000633089e+02 2.778597801548621149e+01 2.952768740637593226e+01
2.162063759309660895e+02 2.803353376795999807e+01 2.968868071818891607e+01
2.164861278139966601e+02 2.822138110006962464e+01 2.984355549929320262e+01
2.167187923286283819e+02 2.841193324472013160e+01 3.000590332721480280e+01
2.168848787897968293e+02 2.853442200983184662e+01 3.004124733632930244e+01
2.169859822351625667e+02 2.867531700318585663e+01 3.011461906871743111e+01
2.170377872017216418e+02 2.877416292170390477e+01 2.999627824545857280e+01
2.170510032280523944e+02 2.881828385762812061e+01 3.007797117961052535e+01
2.171973162858408841e+02 2.892401206827436511e+01 3.000934658311707537e+01
2.172615271008713762e+02 2.898375846572567838e+01 3.012757347511445971e+01
2.174482815368061210e+02 2.909266831234044304e+01 3.037046648522058234e+01
2.176233390298964139e+02 2.927087368398843736e+01 3.032661982825917235e+01
2.177892440449817570e+02 2.932746376352933737e+01 3.042074392894064871e+01
2.179215941937253547e+02 2.940968415722513996e+01 3.054268835580311148e+01
2.180503407388653159e+02 2.959181804755575129e+01 3.058604553030782469e+01
2.182964322636453858e+02 2.969962233896660209e+01 3.067419878895288576e+01
2.185644998628605151e+02 2.996962254995041874e+01 3.086064940819039037e+01
2.188172964533620188e+02 3.016170643711627264e+01 3.093809312825706215e+01
2.185896533535877779e+02 3.005650146633753295e+01 3.076714559993248344e+01
2.169680908074350612e+02 2.904616747895436291e+01 2.971369917927295035e+01
2.149169652087684881e+02 2.770863556765196023e+01 2.867280629575711615e+01
2.135206869633099132e+02 2.665407515243580860e+01 2.800681899698293265e+01
2.130594805578412263e+02 2.621329198050509390e+01 2.776795577779184399e+01
2.135802350359727484e+02 2.644758107053188922e+01 2.805478827773909600e+01
2.152522311538704969e+02 2.727917378737051024e+01 2.918898664472434845e+01
2.180034770133130735e+02 2.854981960883600323e+01 3.078081313163280441e+01
2.208346688608983754e+02 3.006759499546384617e+01 3.258145874211447790e+01
2.231476253771335791e+02 3.160304238664894427e+01 3.416869000147688951e+01
2.252604088866384018e+02 3.305306664978795794e+01 3.547540983606557319e+01
2.270875203071924489e+02 3.443773656560541951e+01 3.680590754689115585e+01
2.285374264193936256e+02 3.595794248581133701e+01 3.770543283330168549e+01
2.298778066122328312e+02 3.728146929130535625e+01 3.859834166719412707e+01
2.309969365149692919e+02 3.838514673924510134e+01 3.944829841551153038e+01
2.322456147013523946e+02 3.950147899656096229e+01 4.024541637656391657e+01
2.335460851952655332e+02 4.062043589256703768e+01 4.119246365803742549e+01
2.345181635968521334e+02 4.212875076481633840e+01 4.150343692638774939e+01
2.352303057155516228e+02 4.300805536215372626e+01 4.191834504293520780e+01
2.356412768740637489e+02 4.363203578285545348e+01 4.212026499567483029e+01
2.359191678798236183e+02 4.394133805937084958e+01 4.206134987446462503e+01
2.362211447981939898e+02 4.421941473089014352e+01 4.234568010633584123e+01
2.365486634175158827e+02 4.491273709306496187e+01 4.241180665442960418e+01
2.369541743148300554e+02 4.561752431588497103e+01 4.269202270185876813e+01
2.373411692723168187e+02 4.638777981728801336e+01 4.306916471506635702e+01
2.377505538325210352e+02 4.704210815030486970e+01 4.335924214612739291e+01
2.380465599088549880e+02 4.778246302508597410e+01 4.342527164166508413e+01
2.382492309639850703e+02 4.829865603308225985e+01 4.358609194674768617e+01
2.385035381986201628e+02 4.902114057851763107e+01 4.355467223663944765e+01
2.386975884549655120e+02 4.958646749794290542e+01 4.362445724412937409e+01
2.389610734856636611e+02 5.009693862480747839e+01 4.383312023967761917e+01
2.391850665653944361e+02 5.048714053632086518e+01 4.385370382091693386e+01
2.393389412832035816e+02 5.079833322784142524e+01 4.404034854526657483e+01
2.395580648564255171e+02 5.116300187775597408e+01 4.429787117328100976e+01
2.398756587969702707e+02 5.169179061965947142e+01 4.461166740511002615e+01
2.400001772264067483e+02 5.204555140620714582e+01 4.468624596493449275e+01
2.394036162626326529e+02 5.189527185264890363e+01 4.420029115766820382e+01
2.364475895098845797e+02 5.009357132307952298e+01 4.204634892503744936e+01
2.331600354452813519e+02 4.740147266704643414e+01 3.956436905289364603e+01
2.308021942317024298e+02 4.488725446758233772e+01 3.768710677891005645e+01
2.298067092853978011e+02 4.348156634386142372e+01 3.708109795978648293e+01
2.305788130050425195e+02 4.367184420954912838e+01 3.755368905204970531e+01
2.324066459902525423e+02 4.371620566702534205e+01 3.882917906196594515e+01
2.337434436778699194e+02 4.437964428128362471e+01 3.986226976390911148e+01
2.347584952634132947e+02 4.505740025740026056e+01 4.064069033905099815e+01
2.355068801822900184e+02 4.571492710509104285e+01 4.124284659366626471e+01
2.360650420912716072e+02 4.627937633183535127e+01 4.165543810789712609e+01
2.358916555900162564e+02 4.681634702618309518e+01 4.136860138827351818e+01
2.350526573411819413e+02 4.689966875540645930e+01 4.086197016688819872e+01
2.341826191531109487e+02 4.654224528978627262e+01 4.010679156908665277e+01
2.334493069181593796e+02 4.615712808827562696e+01 3.963298521003439134e+01
2.333635377766525210e+02 4.610916724687216828e+01 3.961776483743696531e+01
2.336668016963099035e+02 4.634124944616748110e+01 3.979871721838934917e+01
2.343278477540772542e+02 4.675765976749583075e+01 4.034950313310969250e+01
2.350263518788108854e+02 4.731733232061100836e+01 4.082256682912420587e+01
2.355815600143469055e+02 4.789701035930544037e+01 4.125843407810621244e+01
2.359654703884212097e+02 4.840829166402937034e+01 4.156385847205519468e+01
2.362912040846466937e+02 4.883369411566133067e+01 4.176262210688440035e+01
2.365268392514294078e+02 4.919069561364643306e+01 4.191093529126315786e+01
2.367348060003797627e+02 4.959754836804017231e+01 4.201376458425638560e+01
2.369772179673819039e+02 4.985705846361584292e+01 4.223606557377048887e+01
2.370858957317973648e+02 5.015122476106082416e+01 4.229585416798531838e+01
2.371338987699643326e+02 5.031216321708124894e+01 4.227858725235774529e+01
2.371033947296242275e+02 5.039786062409013567e+01 4.229049939869612018e+01
2.371184420954912753e+02 5.053998776293857986e+01 4.229239825305398881e+01
2.371741882397620031e+02 5.064324746291959656e+01 4.235593391986834888e+01
2.372286769204802113e+02 5.078079203325104629e+01 4.243331434478975694e+01
2.373226026963731954e+02 5.100606367491613469e+01 4.244154271367386144e+01
2.375183450429352092e+02 5.126983142392978721e+01 4.262567673059476192e+01
2.377015000949427304e+02 5.149042344452180231e+01 4.278486402092959651e+01
2.377181762558811613e+02 5.163609089182859435e+01 4.270088824187185139e+01
2.361518661518661588e+02 5.060802582441926489e+01 4.162845327763360359e+01
2.329019136232251128e+02 4.808216131822689476e+01 3.934101736396818438e+01
2.304478258117602252e+02 4.558389771504525356e+01 3.752162795113614635e+01
2.293979196995590542e+02 4.393867966326983066e+01 3.677791843365614000e+01
2.292676582906091198e+02 4.345947633816486189e+01 3.675141886617296194e+01
2.296974449859695824e+02 4.351021372660716935e+01 3.712315125429879714e+01
2.307077916323817988e+02 4.343082473574276747e+01 3.795808595480726666e+01
2.315666097010359294e+02 4.373112644260185533e+01 3.856982087473890886e+01
2.321656602738569859e+02 4.400733801717408511e+01 3.897314597970335370e+01
2.326835369327172600e+02 4.423290081650737449e+01 3.936827225351815684e+01
2.329136865202438855e+02 4.448689157541616623e+01 3.956082452475894939e+01
2.325555921260839227e+02 4.462536025486845404e+01 3.924545013397472104e+01
2.318996771947591640e+02 4.444620967571787418e+01 3.885525666181403892e+01
2.313936029706521538e+02 4.403837795641074138e+01 3.848414456611178025e+01
2.311461949068506385e+02 4.373694115661329107e+01 3.831055552039158840e+01
2.311914889128003949e+02 4.376391332784775301e+01 3.822766419815599903e+01
2.314973816908243123e+02 4.398300736333523275e+01 3.862244023883368271e+01
2.320348249889233614e+02 4.440112665358567057e+01 3.915959659894085831e+01
2.327997721374770492e+02 4.500508471000274113e+01 3.962019537101504341e+01
2.335674662953351515e+02 4.552388547798383911e+01 4.026064940819038895e+01
2.340982847015633865e+02 4.617526003755511965e+01 4.051165263624280044e+01
2.345250416693039597e+02 4.684374538472899019e+01 4.089865181340591249e+01
2.348696795155811685e+02 4.750809544907905746e+01 4.112778867860835419e+01
2.352444753887376976e+02 4.801221174335928765e+01 4.145232820642656435e+01
2.355701964259341423e+02 4.849587526636707224e+01 4.162664725615545080e+01
2.358763845813026023e+02 4.889653775555414938e+01 4.181925016351245716e+01
2.360485726944743305e+02 4.938196932295292640e+01 4.193197459754836842e+01
2.362406861193746579e+02 4.971826064940819379e+01 4.193249783741587322e+01
2.363983247884887362e+02 5.003650863978732843e+01 4.205089351646728346e+01
2.366145072472941422e+02 5.035232609658839209e+01 4.213900879802519484e+01
2.368736249129691771e+02 5.067897124290566779e+01 4.238764056796843960e+01
2.371278857311644117e+02 5.106437960208452154e+01 4.245019305019305023e+01
2.374307403422157563e+02 5.137138215498871574e+01 4.266556111146275043e+01
2.376754857902398896e+02 5.170620503407388924e+01 4.287772643838217590e+01
2.376566533746861580e+02 5.183666898748865748e+01 4.277831930290946616e+01
2.360828871025592264e+02 5.093136696415385245e+01 4.166225710488005518e+01
2.329874042660927955e+02 4.871023482498892321e+01 3.950474080638014840e+01
2.309469038124775864e+02 4.665401607696689723e+01 3.785828216975757954e+01
2.302212798278372077e+02 4.548139333713104548e+01 3.731005337890583462e+01
2.304426946853176332e+02 4.519568749076945835e+01 3.732163217081249940e+01
2.311508998459818258e+02 4.566639660738021433e+01 3.791773740954068472e+01
2.321857585923159775e+02 4.599481401776483835e+01 3.890027216912462649e+01
2.329617570732324907e+02 4.641458320146844585e+01 3.952009620862079942e+01
2.333109141928813983e+02 4.672966643458446612e+01 3.980123214549443844e+01
2.336595987087790434e+02 4.702499314302593092e+01 4.012329894297107558e+01
2.337804080427031295e+02 4.712965799523176713e+01 4.017353840960398514e+01
2.333938012954406531e+02 4.702054560415216145e+01 3.992616410321328146e+01
2.327259151423085939e+02 4.653994556617507783e+01 3.941035930544127552e+01
2.321661539759900279e+02 4.600246429098888257e+01 3.896436061354093994e+01
2.319078042914108551e+02 4.570239044665274264e+01 3.867228727556596368e+01
2.318324450914614943e+02 4.561558748443994205e+01 3.878296516657172077e+01
2.320838618477962711e+02 4.583149566428254928e+01 3.890332721480262279e+01
2.325730826845581021e+02 4.617242863472371539e+01 3.915456674473067977e+01
2.330248327953245848e+02 4.667189484566533508e+01 3.948309808637677776e+01
2.333591366542186165e+02 4.710796041943582679e+01 3.967257421355782299e+01
2.336802540245163300e+02 4.739010485895731506e+01 3.995362153722809495e+01
2.339270628942760197e+02 4.767832563242399146e+01 4.011456843260121730e+01
2.340873177627275936e+02 4.801708968922083898e+01 4.016212418507500814e+01
2.342257695634744721e+02 4.815804375804376036e+01 4.035417431483005402e+01
2.342511424773719853e+02 4.830651729012384976e+01 4.027981939785218657e+01
2.342706078443783326e+02 4.839248475641917935e+01 4.025857754710213499e+01
2.342560752790261063e+02 4.844462307740996465e+01 4.032902926345549588e+01
2.343488406439226139e+02 4.847606810557630297e+01 4.041578580922843145e+01
2.344089077367765981e+02 4.858212967065426113e+01 4.044226427832985138e+01
2.345152815579045011e+02 4.862893010106125047e+01 4.057415448235120436e+01
2.346136295546131691e+02 4.883795176909931257e+01 4.063195982868113987e+01
2.347515285777580800e+02 4.913497478743380498e+01 4.066394497542038522e+01
2.349885604574129161e+02 4.940681055763023011e+01 4.084310821360001853e+01
2.351893790746249806e+02 4.977155094204274377e+01 4.102316602316602001e+01
2.352968373525750678e+02 4.993236702744899702e+01 4.099737536130978555e+01
2.343367048547376328e+02 4.940238833681456754e+01 4.044692280102115944e+01
2.317745806696626403e+02 4.742580754056164238e+01 3.871141211469080190e+01
2.298332805873789368e+02 4.501544401544401808e+01 3.721207249403970962e+01
2.288431968268033927e+02 4.321221174335928339e+01 3.655080279342574556e+01
2.285930501930502032e+02 4.259570436947485916e+01 3.639858640842247439e+01
2.290196257147076722e+02 4.265152646791990776e+01 3.679278013376374190e+01
2.297849906112201097e+02 4.289656307361225629e+01 3.751872481380678437e+01
2.304200856594299296e+02 4.324359769605671033e+01 3.811188471844209857e+01
2.309523767327046073e+02 4.358242504799881800e+01 3.829298900774310965e+01
2.312952085575036278e+02 4.386170010760174875e+01 3.858478384707893127e+01
2.315103107791632340e+02 4.406373821127919399e+01 3.876668987488659468e+01
2.313219359875097609e+02 4.391588919129902990e+01 3.859533303795598869e+01
2.307531911302403103e+02 4.366842205202861038e+01 3.813270038188070998e+01
2.302736924277907917e+02 4.326301242694685101e+01 3.768493364558938197e+01
2.299026436272338003e+02 4.302510285461104900e+01 3.745725256872798070e+01
2.299531236154186900e+02 4.300732535814503166e+01 3.742914530455514210e+01
2.302429225478405783e+02 4.303124248370149729e+01 3.783456336898959904e+01
2.306568981159145153e+02 4.339598286811401806e+01 3.827551954765069553e+01
2.312179167457856011e+02 4.380916935671034196e+01 3.864145832014684601e+01
2.317341435111926842e+02 4.411190581682384959e+01 3.898423950882967404e+01
2.320633415617022308e+02 4.455494229592590472e+01 3.929914129586260430e+01
2.323051501149861906e+02 4.500709327594573494e+01 3.933172563664366805e+01
2.324877692680971393e+02 4.548796759288562441e+01 3.948757094330864703e+01
2.326628056628056527e+02 4.576643247462919817e+01 3.960173850665653816e+01
2.327032048441884626e+02 4.593993290714602296e+01 3.950901955819988842e+01
2.327614110597717172e+02 4.597412916429309604e+01 3.964083380804692069e+01
2.327586556111146194e+02 4.614186551891469890e+01 3.945708800135029293e+01
2.327816148701394638e+02 4.625275861341435046e+01 3.934769289195518382e+01
2.328027681076861484e+02 4.643363082051606483e+01 3.934412726543874328e+01
2.329984471591029092e+02 4.656799375487899795e+01 3.942004346266641335e+01
2.332449733105470671e+02 4.681290798995716784e+01 3.963814587421144608e+01
2.334780640124902504e+02 4.704753465409203272e+01 3.996758022659661691e+01
2.336869126737979059e+02 4.726272126927864292e+01 4.009801886195328535e+01
2.337648500959976445e+02 4.737417980040930843e+01 4.021630060974323584e+01
2.333187079351013722e+02 4.707725805430723653e+01 3.987561238053041279e+01
2.312661729645336095e+02 4.544577082937738766e+01 3.844281705593181186e+01
2.290358039538367336e+02 4.325751840833807904e+01 3.689175686224866269e+01
2.277238981370128954e+02 4.156039833744751633e+01 3.594411882608604003e+01
2.273062008143975277e+02 4.086875118678397456e+01 3.571414646496613443e+01
2.275513597907040548e+02 4.087489503555077164e+01 3.590739498280481712e+01
2.283149524231491512e+02 4.140978964913391280e+01 3.646741354938076540e+01
2.293134164609574555e+02 4.182302677384644340e+01 3.704244994408929159e+01
2.298463236069793538e+02 4.218985589805262038e+01 3.750718399898727995e+01
2.303029390045783487e+02 4.247667995864717483e+01 3.773981053653184858e+01
2.304675612380530367e+02 4.276406101652003144e+01 3.789557988902251395e+01
2.301950292212587215e+02 4.266193640947739141e+01 3.767685718505390469e+01
2.294693883579129476e+02 4.218504546701267799e+01 3.737487182733084268e+01
2.288490115408148142e+02 4.167799227799228134e+01 3.687089900204654214e+01
2.284650209928898335e+02 4.122297613773023528e+01 3.661308521636390623e+01
2.283729012384750092e+02 4.116621727113530227e+01 3.652296558853935693e+01
2.284734856636495977e+02 4.120067092853977897e+01 3.661558326476359326e+01
2.288561849906112116e+02 4.135511952233263600e+01 3.689571069898939015e+01
2.293424351752220502e+02 4.161713610566069832e+01 3.732076713716057981e+01
2.297680528303479264e+02 4.202099710952170142e+01 3.746391121800957791e+01
2.299612675907757762e+02 4.228309386670042613e+01 3.765144629406924537e+01
2.300411967002131064e+02 4.245623562672742679e+01 3.777716733126569437e+01
2.301480811021794750e+02 4.262590881279405863e+01 3.779467898812161053e+01
2.303310800261619988e+02 4.285821043525961471e+01 3.789314935544443586e+01
2.304251323923455175e+02 4.296774901365065347e+01 3.806384792286431917e+01
2.305611705382197272e+02 4.307115218262759271e+01 3.813184800725784385e+01
2.306950777475367715e+02 4.325183028461717072e+01 3.816618773340084658e+01
2.307617275354980393e+02 4.355114458721016035e+01 3.819508829672763994e+01
2.308485431567398791e+02 4.380586113045129792e+01 3.823306538388505516e+01
2.309329409034326943e+02 4.399359875097579931e+01 3.826494503871553121e+01
2.310313268772285085e+02 4.416035192100765983e+01 3.842844483828090318e+01
2.310651264847986113e+02 4.424015444015444132e+01 3.845155178597801893e+01
2.298613203367301594e+02 4.349181171804122670e+01 3.742764309977425086e+01
2.273452243812899667e+02 4.136773635462159859e+01 3.570534422009831843e+01
2.249840622824229399e+02 3.912404582568517242e+01 3.406778066122328141e+01
2.228138067810199061e+02 3.715225014241407564e+01 3.253047661244382738e+01
2.210475852902082465e+02 3.556564339515158935e+01 3.163009473173407571e+01
2.200031267801759611e+02 3.423116230985083774e+01 3.115546553579340383e+01
2.192352596155874949e+02 3.332164904951790163e+01 3.070672405426503815e+01
2.186089035171002308e+02 3.269114922885414387e+01 3.041557060573454052e+01
2.180952254362090343e+02 3.239391522670211288e+01 3.003187121547777139e+01
2.178602907357005734e+02 3.213486085617233101e+01 2.982478637888473827e+01
2.174757685085554044e+02 3.168817435702681706e+01 2.970462687511867728e+01
2.166673291558537358e+02 3.097704074097516624e+01 2.932824018397788990e+01
2.158734350275333895e+02 3.024761904761904674e+01 2.877954300905120633e+01
2.149987425364474518e+02 2.968571006603793450e+01 2.823468573960377270e+01
2.143754119459037497e+02 2.915599721501360975e+01 2.787370086714349071e+01
2.141040867565457688e+02 2.877755554148996708e+01 2.782162162162162033e+01
2.140632698272042660e+02 2.862014051522248081e+01 2.778691478363609590e+01
2.141988395890035122e+02 2.860762495516593873e+01 2.792244234867185781e+01
2.144231027280207513e+02 2.868560457412916520e+01 2.805024368630925835e+01
2.146193767538029817e+02 2.875433888220773326e+01 2.820947739308395086e+01
2.148261788720805043e+02 2.870039032006244994e+01 2.829978268666793184e+01
2.148352849336455961e+02 2.865869991771631220e+01 2.829071038251366232e+01
2.148365972529906855e+02 2.860598350106546661e+01 2.827954089921303193e+01
2.147564993564993472e+02 2.845463214971411858e+01 2.822027976454205955e+01
2.146832035782855428e+02 2.833641369706943536e+01 2.822341076439436947e+01
2.144676076544928947e+02 2.824953900035867349e+01 2.808571006603793663e+01
2.143253750237356883e+02 2.815073105892777861e+01 2.804661476464755054e+01
2.142131231934510538e+02 2.805417642466822770e+01 2.789311981770998017e+01
2.141700571766145629e+02 2.797115851214211801e+01 2.786056079498702331e+01
2.141118256429731730e+02 2.785258560668396655e+01 2.784267780661223313e+01
2.137463003987594163e+02 2.735468067599215303e+01 2.762770217524315797e+01
2.122659577610397150e+02 2.633543895183239414e+01 2.676881659176741124e+01
2.105185264890182850e+02 2.510314998839589151e+01 2.595237673270460022e+01
2.091597020908496347e+02 2.393948562145283532e+01 2.521191214633837419e+01
2.083050193050193002e+02 2.325448446104183731e+01 2.484634892503745007e+01
2.081963710783383021e+02 2.301362111526045950e+01 2.475411523936114122e+01
2.084054054054054177e+02 2.296595987087790292e+01 2.495611114627508087e+01
2.087449079055636503e+02 2.303869021246070403e+01 2.511983880836339722e+01
2.089906956136464373e+02 2.315630103171086773e+01 2.527821170116252247e+01
2.091496592611346728e+02 2.328848239340042525e+01 2.530736122539401123e+01
2.090629786695360508e+02 2.336663923877038584e+01 2.538761103023398036e+01
2.087743232694052438e+02 2.321701795472287344e+01 2.529205645926957402e+01
2.083179905901217239e+02 2.289002679494482706e+01 2.505865772095280164e+01
2.077306875962613617e+02 2.257891849695128528e+01 2.477497731923961410e+01
2.073295482836466306e+02 2.225892356056290566e+01 2.450799839652298573e+01
2.072830179125261054e+02 2.203939067873493940e+01 2.447978142076502905e+01
2.073614152794480674e+02 2.202674852838787345e+01 2.455094626242167166e+01
2.076408042703124579e+02 2.209236449564318505e+01 2.468863008207270582e+01
2.079326835031752978e+02 2.224672025655632268e+01 2.493263286705909820e+01
2.083019684790176598e+02 2.246806337953879051e+01 2.513421102601430590e+01
2.086587041373926752e+02 2.274972255627993434e+01 2.517171128974407779e+01
2.089570690128067270e+02 2.295039348481971331e+01 2.543214127476422703e+01
2.090953773445576758e+02 2.309411144165242646e+01 2.548616579108382396e+01
2.091151507479376335e+02 2.314593750659324556e+01 2.540548557925606943e+01
2.090999683524273678e+02 2.314497964006160657e+01 2.541730911239108082e+01
2.089966875540646072e+02 2.307138848450323820e+01 2.541584910437369516e+01
2.088760301284891341e+02 2.302629702301833348e+01 2.540374707259953269e+01
2.087424815916619139e+02 2.296628478595691547e+01 2.532492773804249353e+01
2.086173344304491764e+02 2.288541468869337692e+01 2.525075426714770899e+01
2.083041247336329320e+02 2.271879232862839260e+01 2.517297719264932354e+01
2.073960419435829294e+02 2.224201109774880436e+01 2.469366415595923669e+01
2.057750785914720382e+02 2.129798932421883251e+01 2.381029179061965806e+01
2.042915880751946247e+02 2.042540245163196033e+01 2.313892018482182422e+01
2.035357638669113953e+02 1.985505833702555023e+01 2.271316750005274443e+01
2.034789881216110814e+02 1.971509589214507230e+01 2.271176234782792136e+01
2.041462793003776710e+02 1.991415912399519073e+01 2.286365381775217998e+01
2.050171065679262483e+02 2.030237356794733827e+01 2.325888980315209764e+01
2.059591450935713226e+02 2.075160875160875307e+01 2.376830179125261111e+01
2.066242673586936007e+02 2.119449754203852621e+01 2.412431588497162238e+01
2.071400173006730370e+02 2.147680654893769514e+01 2.431364854315674151e+01
2.072369137287170133e+02 2.161335949532670853e+01 2.447200877692680976e+01
2.070495305610059802e+02 2.148479017659345658e+01 2.443441568031731848e+01
2.067269658417199309e+02 2.130077431061037530e+01 2.430541595459628113e+01
2.064279089393843378e+02 2.111473299997890152e+01 2.418035318691056546e+01
2.062767221554106811e+02 2.109057957254678684e+01 2.401600945207502491e+01
2.062481718252209930e+02 2.116587547735088748e+01 2.403909108171403375e+01
2.064795873156528785e+02 2.133023187121547792e+01 2.416629744498596821e+01
2.067888938118446447e+02 2.155092516403991709e+01 2.435762179040867537e+01
2.072067936789248392e+02 2.185156866468341974e+01 2.464465261514441963e+01
2.077351182564297289e+02 2.211646728695908948e+01 2.486750638226047982e+01
2.082243855096314178e+02 2.237799438783045503e+01 2.512160263307804442e+01
2.084990273646011474e+02 2.263379960757010068e+01 2.515723358018439981e+01
2.086384834483195050e+02 2.278654345211722188e+01 2.530240310568179396e+01
2.088620165833280566e+02 2.288143553389454965e+01 2.533359495326708455e+01
2.089314851150916752e+02 2.298576703166867219e+01 2.542038947612718047e+01
2.091105555203915856e+02 2.303719222735616157e+01 2.565921893790746111e+01
2.093674240985716324e+02 2.315678207481486339e+01 2.582328839378019580e+01
2.095838555182817515e+02 2.331941262105196699e+01 2.585349705677574406e+01
2.095818680507205158e+02 2.325709222102664597e+01 2.581761714876468972e+01
2.083138468679452160e+02 2.252398675021625962e+01 2.516666455682848991e+01
2.062167478954364128e+02 2.145039137498153892e+01 2.412066164525180767e+01
2.044733253159482729e+02 2.040897525159820347e+01 2.318309597653859910e+01
2.036583707829609580e+02 1.986180981918686683e+01 2.286376774901365039e+01
2.035976369812435394e+02 1.980235035972740931e+01 2.283882524210392972e+01
2.040462518724813776e+02 2.000594130430195960e+01 2.305354347321560482e+01
2.045842479481823659e+02 2.017236955925480402e+01 2.326421925438318894e+01
2.048583834419899858e+02 2.029064708736839862e+01 2.339961178977572587e+01
2.051040909762221247e+02 2.044418423106947813e+01 2.342490031014621010e+01
2.054540962508175710e+02 2.062985421018207788e+01 2.363656771525624123e+01
2.058182880773044587e+02 2.077353418992763423e+01 2.381800535898896598e+01
2.059188049876574382e+02 2.087744372006667248e+01 2.385441694622022624e+01
2.058519188978205250e+02 2.085288098402852341e+01 2.390056754646918691e+01
2.057243201046479726e+02 2.078269510728527081e+01 2.379938392725278007e+01
2.056982382851235229e+02 2.077159313880625291e+01 2.375060868831360494e+01
2.060134270101483196e+02 2.092272084731101245e+01 2.391066523197670790e+01
2.065529843660991105e+02 2.120624934067556921e+01 2.421690824313775181e+01
2.071829356288372708e+02 2.158941705171213243e+01 2.455402240648142254e+01
2.078956474038441229e+02 2.192945967044327560e+01 2.499433297466084269e+01
2.085104711268645588e+02 2.229935649935649877e+01 2.537833196193852103e+01
2.089908854990822249e+02 2.258450534843977309e+01 2.556303985484313301e+01
2.092961411059771706e+02 2.285218473743064038e+01 2.571496086250184732e+01
2.094923813743485823e+02 2.298406228242293992e+01 2.583165179230752884e+01
2.096950524294786646e+02 2.302423360128278063e+01 2.593617739519378773e+01
2.098579910120893715e+02 2.325253919024410720e+01 2.599837542460493367e+01
2.100904951790197686e+02 2.343991813827879511e+01 2.608754562525054155e+01
2.103492668312340470e+02 2.359221469713272867e+01 2.620927062894276105e+01
2.105179990294744528e+02 2.375970209084963258e+01 2.635136401038040432e+01
2.106826212629491408e+02 2.396173597485072904e+01 2.637128510243264401e+01
2.104566786927442763e+02 2.384721395868936966e+01 2.625764499862860646e+01
2.090104521383209999e+02 2.310589699770027750e+01 2.544987657446673879e+01
2.071427685296537788e+02 2.194618646749794166e+01 2.443796020845201156e+01
2.057018756461379496e+02 2.100730425976327709e+01 2.373479334135071994e+01
2.051201173070025447e+02 2.054888706036247115e+01 2.342928033419836709e+01
2.051229698082157142e+02 2.055642340232504139e+01 2.342080722408591242e+01
2.055695423760997471e+02 2.079851045424815936e+01 2.356185834546490199e+01
2.060693967972656537e+02 2.091562335168892517e+01 2.405144207439289517e+01
2.063965862818321853e+02 2.106836297655969759e+01 2.428078570373652312e+01
2.067447770955967599e+02 2.119970462265544242e+01 2.450113720277654750e+01
2.071641918264868991e+02 2.143596852121442353e+01 2.479521066734181645e+01
2.074547081038884357e+02 2.163002721691246322e+01 2.501501360845623267e+01
2.075307297930248751e+02 2.171598202417874646e+01 2.483782095913243282e+01
2.074217988480283452e+02 2.168579867924130156e+01 2.469272738780935583e+01
2.073515581154925371e+02 2.160728738105787272e+01 2.461333839694495396e+01
2.074933898769964458e+02 2.167410173639681759e+01 2.461898432390235669e+01
2.078200139249319705e+02 2.185450555942359330e+01 2.483312867903031673e+01
2.083717450471548887e+02 2.214445640019410533e+01 2.526051437854716397e+01
2.091415954596282347e+02 2.249291305356879178e+01 2.569553347258265319e+01
2.097969702723801220e+02 2.288662995548241597e+01 2.607194126210519514e+01
2.104374833850243647e+02 2.325034073886532937e+01 2.643148300525349725e+01
2.110191953077199116e+02 2.358315927168386139e+01 2.667679388990864453e+01
2.113813448108529940e+02 2.403851298605396991e+01 2.688888326265375284e+01
2.117104373694537571e+02 2.427338017174082907e+01 2.707405110028060946e+01
2.120447032512606143e+02 2.461957085891512165e+01 2.726662025022680780e+01
2.123765892356056213e+02 2.475236407367554747e+01 2.745584741650315408e+01
2.126437875814924894e+02 2.501398822710298120e+01 2.773923244087178475e+01
2.130670126801274478e+02 2.528265080068358728e+01 2.780763339451863914e+01
2.134805662805662791e+02 2.550336097221343223e+01 2.806533746861615697e+01
2.139285271219697506e+02 2.571883874506825407e+01 2.830632318501170985e+01
2.144477161001751142e+02 2.601074751566554966e+01 2.855769774458299182e+01
2.149120788235542250e+02 2.631277928982846959e+01 2.880321961305567768e+01
2.148399898727767550e+02 2.639786484376648446e+01 2.876680380614806865e+01
2.134803552967487406e+02 2.571418866172964357e+01 2.796803173196615688e+01
2.118841192480536790e+02 2.471787665886026630e+01 2.702271451779648359e+01
2.109188471844209687e+02 2.388100090723041546e+01 2.649422959259024779e+01
2.106692280102116115e+02 2.358098613836318691e+01 2.627248138067810146e+01
2.109401860877270849e+02 2.359226111357259015e+01 2.651487646897482975e+01
2.114637804080427088e+02 2.396234360824524856e+01 2.689159229487098202e+01
2.119437179568326997e+02 2.416009874042660854e+01 2.716592189379074540e+01
2.122782792159841279e+02 2.430841192480536606e+01 2.731625208346519784e+01
2.125714159123995159e+02 2.456068949511572441e+01 2.755067620313521815e+01
2.129145853113066096e+02 2.472050129755047720e+01 2.776950017933624437e+01
2.130347152773382220e+02 2.491820579361563048e+01 2.779534569698504143e+01
2.129916872375888772e+02 2.491797793109268611e+01 2.774949891343333874e+01
2.127911935354558182e+02 2.476079920670084533e+01 2.767084414625398381e+01
2.126240648142287455e+02 2.462310272802076128e+01 2.758523113277211536e+01
2.126237398991497400e+02 2.473598329008165209e+01 2.754175580732957940e+01
2.127928392092326533e+02 2.490782538979260252e+01 2.754443108213600055e+01
2.131645800367111860e+02 2.511294807688250330e+01 2.783008207270502510e+01
2.136530750891406569e+02 2.539678882629702272e+01 2.810327235901006304e+01
2.140905120577251637e+02 2.579232862839420193e+01 2.845483047450260727e+01
2.145307762094647330e+02 2.607665042091271701e+01 2.861937253412663296e+01
2.149048716163470374e+02 2.643254214401755320e+01 2.871346709707365363e+01
2.152211194801358829e+02 2.673002088739793791e+01 2.903415406038356750e+01
2.155068295461738046e+02 2.694495854167985271e+01 2.907231259362406917e+01
2.158263518788108968e+02 2.718758149249952538e+01 2.920769668966390142e+01
2.160485009599763657e+02 2.740186509694706274e+01 2.922655020359938405e+01
2.163617275354980336e+02 2.751402409435196361e+01 2.939437939110070275e+01
2.166509441525834916e+02 2.774449437728126355e+01 2.952145916408211335e+01
2.169203789269363085e+02 2.793619427389919352e+01 2.976789670232293261e+01
2.171877966959934270e+02 2.813594531299449386e+01 2.984938709201004414e+01
2.174821950756376907e+02 2.834021984513787729e+01 3.014453235436841894e+01
2.177646180137983549e+02 2.866979344684262543e+01 3.040179336244910147e+01
2.181477224296896509e+02 2.894610629364727572e+01 3.064195202227989157e+01
2.185439880161191581e+02 2.928260438424372936e+01 3.087893326581851028e+01
2.189427854083591853e+02 2.958055995105175384e+01 3.119932907146021961e+01
2.193272654387408522e+02 2.996499778466991515e+01 3.131046690718821779e+01
2.196623921345232873e+02 3.031366120218579141e+01 3.153557820115197075e+01
2.196960102960102859e+02 3.042643205266156059e+01 3.158689368525434205e+01
2.185532586450619306e+02 2.973804671181720494e+01 3.076998966179294115e+01
2.166830812076713642e+02 2.842595522923391727e+01 2.967060362470198598e+01
2.152765491486802887e+02 2.724325168259594321e+01 2.886309682047387071e+01
2.146638858999514810e+02 2.664032744688482524e+01 2.842338122665991662e+01
2.146175791716775336e+02 2.651571618456864243e+01 2.849821296706542739e+01
2.150804059328649487e+02 2.665750574930902772e+01 2.877471569930586170e+01
2.156106884401966397e+02 2.694152794480663360e+01 2.901854125788551997e+01
2.158867945228601002e+02 2.716958879253961356e+01 2.918028567208894941e+01
2.160185075004747262e+02 2.720806380150642312e+01 2.921269278646327905e+01
2.161802139375909917e+02 2.731672046754014005e+01 2.936282043167289046e+01
2.162675443593476245e+02 2.747761672679705569e+01 2.932641306411798254e+01
2.161198599067451482e+02 2.741135514906006776e+01 2.933260332932464109e+01
2.158270861024959402e+02 2.726372133257379105e+01 2.915054539316834337e+01
2.153822056248285719e+02 2.693458657720952942e+01 2.887778551385108727e+01
2.150044601979028300e+02 2.688022026710551415e+01 2.871942949975736781e+01
2.149571323079519800e+02 2.677790999430343533e+01 2.858698229845770911e+01
2.151071038251366190e+02 2.697280418591893891e+01 2.878537038209169197e+01
2.155947296242378286e+02 2.719399962022912831e+01 2.909892609236871408e+01
2.162387914846931380e+02 2.763259699981011508e+01 2.943885477983838683e+01
2.169000443066016715e+02 2.806092368715319552e+01 2.981780281452412495e+01
2.174040719876785488e+02 2.848846551469502231e+01 3.001131295229656004e+01
2.178706922379053594e+02 2.878013798341667240e+01 3.022452475895098800e+01
2.181916872375888659e+02 2.918372892799122198e+01 3.054813595797202197e+01
2.184942000548557814e+02 2.945840876004810482e+01 3.076806970905331440e+01
2.187062598898664589e+02 2.971600734223684981e+01 3.092886047640146074e+01
2.188790598561090235e+02 2.983938645905859133e+01 3.098271620566702467e+01
2.189552376732704602e+02 2.997147498786842945e+01 3.097577483806992049e+01
2.191167668839800058e+02 3.009356710340317065e+01 3.116850433571745072e+01
2.193597358482604420e+02 3.014842289596387914e+01 3.125524400278498760e+01
2.195820705951853427e+02 3.033412241281093813e+01 3.151401987467561128e+01
2.199089520433782639e+02 3.061230457623900136e+01 3.159659894086123444e+01
2.202428339346372184e+02 3.090425132392345375e+01 3.184780049370213462e+01
2.205910500664598999e+02 3.135884971622676431e+01 3.197213747705551157e+01
2.209607865476718018e+02 3.176758866594932229e+01 3.209418739582674363e+01
2.214594847775175595e+02 3.230579150579150394e+01 3.227174293731670929e+01
2.219627993332911444e+02 3.266493659936283223e+01 3.257768635145684044e+01
2.224263603181636029e+02 3.294603877882566678e+01 3.292564508302213255e+01
2.227577146232883933e+02 3.328250733168766118e+01 3.322283688841066152e+01
2.228537164799460015e+02 3.349198472477161204e+01 3.327010148321623717e+01
2.217608245247589593e+02 3.279468742747431520e+01 3.254598392303310561e+01
2.198805156444500710e+02 3.132211321391649150e+01 3.141768044390995129e+01
2.185042682026288503e+02 2.997430639069983371e+01 3.045885182606494013e+01
2.171513091545878353e+02 2.880256556322130024e+01 2.986235837711247498e+01
2.164499314302593120e+02 2.815998480916513813e+01 2.950144945882650660e+01
2.160294575606050955e+02 2.771959406713505203e+01 2.923109479502922170e+01
2.156659493216870374e+02 2.751107454058273660e+01 2.887935945312994335e+01
2.152237314597970226e+02 2.729204380024052057e+01 2.870738654345211671e+01
2.148044559782264571e+02 2.697880878536616223e+01 2.853438825242103860e+01
2.143085385150959041e+02 2.665242947865898770e+01 2.838056839040445567e+01
2.137916281621199630e+02 2.636025486845159094e+01 2.798077093486929456e+01
2.131612760301284766e+02 2.605604996096799297e+01 2.760981918686836778e+01
2.124782623372787214e+02 2.558611304512943718e+01 2.730327657868641467e+01
2.118687765048420886e+02 2.494664219254383042e+01 2.696760554465472381e+01
2.113523682933519012e+02 2.445310462687512043e+01 2.676339430765660410e+01
2.108976517501107537e+02 2.411973753613098026e+01 2.641941051121379047e+01
2.105760575563854218e+02 2.391469502289174542e+01 2.628588729244467004e+01
2.103850201489545668e+02 2.376573622803131158e+01 2.619892398253054111e+01
2.103133109690486720e+02 2.380412684347110641e+01 2.616316222545730596e+01
2.101573981475620769e+02 2.377819693229529463e+01 2.609756313690740015e+01
2.099176783340717805e+02 2.373572167014789969e+01 2.592088950777475276e+01
2.096335844040762026e+02 2.367140536320864186e+01 2.581715298436609984e+01
2.093965440850686832e+02 2.359951473721965698e+01 2.558351372449732963e+01
2.091520644766546297e+02 2.355236407367554818e+01 2.548002194231702333e+01
2.088246344705360968e+02 2.344508302213220219e+01 2.534544802413654807e+01
2.085150114986180654e+02 2.335987087790366346e+01 2.517988480283562325e+01
2.082989978268666675e+02 2.325528197987214440e+01 2.499697871173281172e+01
2.081080363736101333e+02 2.316035614068400861e+01 2.494494588265079926e+01
2.079654788277739215e+02 2.303482920859969951e+01 2.477416714138025711e+01
2.078159672553115058e+02 2.294377703230162169e+01 2.465371226026963569e+01
2.077372913897503963e+02 2.295660906808447876e+01 2.462225457307424392e+01
2.077821887461231825e+02 2.296278245458573153e+01 2.464266092790682805e+01
2.077886997067325012e+02 2.296883769014916510e+01 2.471187627908939533e+01
2.078713800451505449e+02 2.302482857564824670e+01 2.485586851488490723e+01
2.080388463404856907e+02 2.305212566196172830e+01 2.488104732367027339e+01
2.082742283266873358e+02 2.320548979893242247e+01 2.500499609679937407e+01
2.086712407958309541e+02 2.340897103192185114e+01 2.515560478511298115e+01
2.088396354199632867e+02 2.357342447834250976e+01 2.535924214612739291e+01
2.087209781209781170e+02 2.357453847289912829e+01 2.529249530561006054e+01
2.074263729771926421e+02 2.295121632170812376e+01 2.466075911977551272e+01
2.055632972551005366e+02 2.196888832626537535e+01 2.368223727240120624e+01
2.039620566702533893e+02 2.094751988522480346e+01 2.289729307762094734e+01
2.030155917041163036e+02 2.029687954933856631e+01 2.247531700318585735e+01
2.027322108994240182e+02 1.988423317931514589e+01 2.230929383716268788e+01
2.028722788362132690e+02 1.980308036373610037e+01 2.239768761735974678e+01
2.030810135662594575e+02 1.991938730299386151e+01 2.253653606768360973e+01
2.033024537417979900e+02 2.002711564023039514e+01 2.264461885773361161e+01
2.034826718990653376e+02 2.015025001582378650e+01 2.276065573770491923e+01
2.037166698314239284e+02 2.028950355507732439e+01 2.282701436799797534e+01
2.038750891406629080e+02 2.033011372027765518e+01 2.294257020486528731e+01
2.037741629217039190e+02 2.018291031077916386e+01 2.286333312234951620e+01
2.033572377998607408e+02 1.990015401818680374e+01 2.264766968373525913e+01
2.029541110196848024e+02 1.958210013291980545e+01 2.251485537059307518e+01
2.026880857438234500e+02 1.944297740363314020e+01 2.239306707175559552e+01
2.025882692997447236e+02 1.936195539802097088e+01 2.237958520581471333e+01
2.027081249868135160e+02 1.946875540646032476e+01 2.244398590628098944e+01
2.030042281157035120e+02 1.956560541806443609e+01 2.248592104985547735e+01
2.033753486507584967e+02 1.974922885414688523e+01 2.275049475705213453e+01
2.036794185285988590e+02 1.992437074076418213e+01 2.286934194147308830e+01
2.039240500453615255e+02 2.003157583813321452e+01 2.294021984513787871e+01
2.041710277021752518e+02 2.018307487815684453e+01 2.302430111610439312e+01
2.043179568327109337e+02 2.027327467983205622e+01 2.298902462181150597e+01
2.044060974323269306e+02 2.041513175939405400e+01 2.310499820663754988e+01
2.046039664957697823e+02 2.040546870055066719e+01 2.327929615798468177e+01
2.047233875561744298e+02 2.045931599046353000e+01 2.330574086967529723e+01
2.048385172057303123e+02 2.055859653564571587e+01 2.339949363883789957e+01
2.050808110217946307e+02 2.066467919910542861e+01 2.349521277717999013e+01
2.053391269489630133e+02 2.080633795387893770e+01 2.370750891406629179e+01
2.056676751693145206e+02 2.101881975652467460e+01 2.381637234424119498e+01
2.060646496613709644e+02 2.122017005295693792e+01 2.396484165664493560e+01
2.065285018039116380e+02 2.145239994092453273e+01 2.418857733611832117e+01
2.071247927083992693e+02 2.169132645526088154e+01 2.446791991054286086e+01
2.078457877080827814e+02 2.199286030761440713e+01 2.493559086018102278e+01
2.084929257125978381e+02 2.225219317678334008e+01 2.527671371605798001e+01
2.087157541616558092e+02 2.235538114226638839e+01 2.540275122898073690e+01
2.081082979935438857e+02 2.184558938329429978e+01 2.504217566512648574e+01
2.070452560288625818e+02 2.096625524822245978e+01 2.463194294997573763e+01
2.063483216237314650e+02 2.029084119248053497e+01 2.436117053821971723e+01
2.061042808616579123e+02 1.997852184737430647e+01 2.423443677869907376e+01
2.063551532797434334e+02 2.011542502690043577e+01 2.438273730404877782e+01
2.071220330400658156e+02 2.049366415595923741e+01 2.482027976454206097e+01
2.078759372956094182e+02 2.088435976960566975e+01 2.534684051733232124e+01
2.086715277338228134e+02 2.132802498048399542e+01 2.585775049053737717e+01
2.093639470852585589e+02 2.183749182437707148e+01 2.606522353735468656e+01
2.099614912336223824e+02 2.224568221617401775e+01 2.633997932358587946e+01
2.102064265670823033e+02 2.242627592463658104e+01 2.646354832584340855e+01
2.101340422389602622e+02 2.249109015338523676e+01 2.637977087157414857e+01
2.099200455725045913e+02 2.234791231512543064e+01 2.619077578749709900e+01
2.096606831656011991e+02 2.211679220203810203e+01 2.615235985399919727e+01
2.094670717555963506e+02 2.210140304238665010e+01 2.599577188429647379e+01
2.095341730489271583e+02 2.221963837373673556e+01 2.607792054349431510e+01
2.097158258961537740e+02 2.238111694833006382e+01 2.615181129607359267e+01
2.099964048357491038e+02 2.260419013861636728e+01 2.632688988754562587e+01
2.104223094288668108e+02 2.276817520096208725e+01 2.659627824545857422e+01
2.107950165622296765e+02 2.295743612464923800e+01 2.669645336202713182e+01
2.110976053336709128e+02 2.324573707196658034e+01 2.683253370466485066e+01
2.114820009705255472e+02 2.331961094584045568e+01 2.694905584741650273e+01
2.117501276452096022e+02 2.357304048779458583e+01 2.707542671477097684e+01
2.119607696689663783e+02 2.384527712724434068e+01 2.717829820452771372e+01
2.121192649323796786e+02 2.408387028714897582e+01 2.737947971390594404e+01
2.123024579614743459e+02 2.426946009241091318e+01 2.745429457560605258e+01
2.124695022891744145e+02 2.442151191003650013e+01 2.763804882165537791e+01
2.126200139249319534e+02 2.458496951283836651e+01 2.769885013819440189e+01
2.128523366457792747e+02 2.468438086798742503e+01 2.779164504082536880e+01
2.132161697997763667e+02 2.479006688187016039e+01 2.790357195603097296e+01
2.135786484376648389e+02 2.504725615545287809e+01 2.820396227609342432e+01
2.139949532670844121e+02 2.525553516045319213e+01 2.839460725362364713e+01
2.143191003650020150e+02 2.543730193894128178e+01 2.856836508639787198e+01
2.142316433529548192e+02 2.546375930966095069e+01 2.849304386353566798e+01
2.129659809692596468e+02 2.484655146950228755e+01 2.780859970040297924e+01
2.112162963900668728e+02 2.382359643015380612e+01 2.673208852880983954e+01
2.099576724265248799e+02 2.282409013228685524e+01 2.612725699938814827e+01
2.093301390383357727e+02 2.230634850306981321e+01 2.569029685423128129e+01
2.092428550330189694e+02 2.203241555372703075e+01 2.583996033504230283e+01
2.095967719475916056e+02 2.215244846720256433e+01 2.611130240310568240e+01
2.100839968774394890e+02 2.248462560921577236e+01 2.636731438698651786e+01
2.104506361162098926e+02 2.269906112201194048e+01 2.653185644661054354e+01
2.107085174167141304e+02 2.287865054750300686e+01 2.675619132012574752e+01
2.109328185328185441e+02 2.313720699622339083e+01 2.683178260227440504e+01
2.111318817646686625e+02 2.327010992256893829e+01 2.685383885056016240e+01
2.110234023250416726e+02 2.322549950418802922e+01 2.666988627972234482e+01
2.107956284153005413e+02 2.305859020613118915e+01 2.654271789353756716e+01
2.104699495748675986e+02 2.289332236217482119e+01 2.637108677764415532e+01
2.102690043673650280e+02 2.279911808764267889e+01 2.619933329113656839e+01
2.102332721480262592e+02 2.282318290187142651e+01 2.617001076017469430e+01
2.104366858661940682e+02 2.292478004937021296e+01 2.618901618245880414e+01
2.107534865075848813e+02 2.312005401185729170e+01 2.643659725299069407e+01
2.112187016055868582e+02 2.342285798679241182e+01 2.662776969006477046e+01
2.116195624195624134e+02 2.365326497457645161e+01 2.686679747663354334e+01
2.120694178956474047e+02 2.390957655547819627e+01 2.727086946431208858e+01
2.124798236175285240e+02 2.416411587231259261e+01 2.766765407093275897e+01
2.128512184315463003e+02 2.438679663269827103e+01 2.780785281768888240e+01
2.132714138025613408e+02 2.468116547460809684e+01 2.806095744456400354e+01
2.136259510095575536e+02 2.495135979070405341e+01 2.812136633120239537e+01
2.139056944532354407e+02 2.520335886237525713e+01 2.825991096482899678e+01
2.140883051669936776e+02 2.542045277127244418e+01 2.838861109352912493e+01
2.143275101799692095e+02 2.551997805768297667e+01 2.847385699516847168e+01
2.146121906449775167e+02 2.574616536911618780e+01 2.863615840665021040e+01
2.149055509842395111e+02 2.603480811021794494e+01 2.871596936514969300e+01
2.151766905078380603e+02 2.626374243095554561e+01 2.886928708568052926e+01
2.155163280376395107e+02 2.646882292128193725e+01 2.899366204612106301e+01
2.158847859569171135e+02 2.672254784058062782e+01 2.925260248538937091e+01
2.161145051374559500e+02 2.692073759942612554e+01 2.932988585775471080e+01
2.155591535329240287e+02 2.670272380108445631e+01 2.910773255691288597e+01
2.139923708251577068e+02 2.583027195814080912e+01 2.822241070109922489e+01
2.124419056058400201e+02 2.476478680085237372e+01 2.737186319809270785e+01
2.113665126484798691e+02 2.397844589319999287e+01 2.661455788341034179e+01
2.109418064434457847e+02 2.352875076481633698e+01 2.638302846171698590e+01
2.111325653522374921e+02 2.335568917863999872e+01 2.665066987362069284e+01
2.116588265080068254e+02 2.351510433149777413e+01 2.703102306053125758e+01
2.121684621389539416e+02 2.373435871468658220e+01 2.732853556132244677e+01
2.124699326961622035e+02 2.392834567588666062e+01 2.751533219402071850e+01
2.127332236217482091e+02 2.407748169715382858e+01 2.767754499229909015e+01
2.129200455725045913e+02 2.428110639913918689e+01 2.767892904614216221e+01
2.129475494229592698e+02 2.437949659261134627e+01 2.780845623140704959e+01
2.128429141084878893e+02 2.435425448868071996e+01 2.783462244445851042e+01
2.127628541890836971e+02 2.423773656560541667e+01 2.756314112707555353e+01
2.126321539337932904e+02 2.416309049095934469e+01 2.758455176487963456e+01
2.126779838386395625e+02 2.427060362470198385e+01 2.748445682216173935e+01
2.129301390383357671e+02 2.443190497288857799e+01 2.763523851720573177e+01
2.133152309217882987e+02 2.463924299006266239e+01 2.787081882819587619e+01
2.137273413929151502e+02 2.494509357132308125e+01 2.812899550604468502e+01
2.141555668080258386e+02 2.521098803721754678e+01 2.830826001645673884e+01
2.145967677279152781e+02 2.549834799670865237e+01 2.854283182479903758e+01
2.149437728126252694e+02 2.567317340759963784e+01 2.886169166824904408e+01
2.152958372892799161e+02 2.599120197480853278e+01 2.908968078148405922e+01
2.155311475409835964e+02 2.614695444859379236e+01 2.919856952971706932e+01
2.157241175601831458e+02 2.638344620967571785e+01 2.939390256767305942e+01
2.159045720193261104e+02 2.656109036436905413e+01 2.932761567187796814e+01
2.160904825199907293e+02 2.678385551828174727e+01 2.944164820558263074e+01
2.162647424942506973e+02 2.691558959427811715e+01 2.953397894381500777e+01
2.164120724940397054e+02 2.707192438339979290e+01 2.963800662489187232e+01
2.165409962655864433e+02 2.718926936303985542e+01 2.973386501255353664e+01
2.167032301622465695e+02 2.731244593539675591e+01 2.986429098888115163e+01
2.169440048948245590e+02 2.750242420406354782e+01 3.002633078042914150e+01
2.171696985041247387e+02 2.766975968943182096e+01 3.017911682173977184e+01
2.173950714180222406e+02 2.784320526615608671e+01 3.027699643437348342e+01
2.175987847332109766e+02 2.799487309323374973e+01 3.035723358018439910e+01
2.172632191910880408e+02 2.792398253053990587e+01 3.009606093212650535e+01
2.158646116842838296e+02 2.720444753887376876e+01 2.921238475008966873e+01
2.142321328354115337e+02 2.608784100259510197e+01 2.839474228326687211e+01
2.126994197945017504e+02 2.505452243812899482e+01 2.751630693925775972e+01
2.115278772918117056e+02 2.434597126400404932e+01 2.682185792349726938e+01
2.109007489925522805e+02 2.365985610903643632e+01 2.645685169947465099e+01
2.104848028356225029e+02 2.339170833597063037e+01 2.627270502352469705e+01
2.101341181931345830e+02 2.323116230985083419e+01 2.613777243285440122e+01
2.099264510412051266e+02 2.325100322805240793e+01 2.603424689326328689e+01
2.098182374411882734e+02 2.330071523514146392e+01 2.588367196236048784e+01
2.098487372618520226e+02 2.341408527965905151e+01 2.580193261176867736e+01
2.099280671772474989e+02 2.337853872607971084e+01 2.576249551659387649e+01
2.099247842690465689e+02 2.341064624343312772e+01 2.575722092115534778e+01
2.098920564592695825e+02 2.329866447243496452e+01 2.571602844061860438e+01
2.098789754625820194e+02 2.320997531489334875e+01 2.569577399413465102e+01
2.099799818553916850e+02 2.320784015865983108e+01 2.586802540245163229e+01
2.104009030107390856e+02 2.334658311707492118e+01 2.622511129396375296e+01
2.108932084309133472e+02 2.362582441926704391e+01 2.655646981876489932e+01
2.113330843724286296e+02 2.391560647298352293e+01 2.690898158111273020e+01
2.117890752579277205e+02 2.423619638373736862e+01 2.715600565436631086e+01
2.122215203493892091e+02 2.455481992531172963e+01 2.730839926577631616e+01
2.127030149587526751e+02 2.483236913728716999e+01 2.760164567377682232e+01
2.131247336329303437e+02 2.501629639006688066e+01 2.785685591915100190e+01
2.135719433719433766e+02 2.532931620144734808e+01 2.811565710909973248e+01
2.139316707808511069e+02 2.559221891680908101e+01 2.831793995400552788e+01
2.142449564318416719e+02 2.587202565563221413e+01 2.856192164061016570e+01
2.143683946241323213e+02 2.612979302487499211e+01 2.863655505622718778e+01
2.145507648163385852e+02 2.630176593455281875e+01 2.876367280629575873e+01
2.147005422284110807e+02 2.650601936831445116e+01 2.877954300905120633e+01
2.150498385973795905e+02 2.670485895731797399e+01 2.899213874295841364e+01
2.154089372745110325e+02 2.686763297255100369e+01 2.907212270818828159e+01
2.157653859948941886e+02 2.698384707892904544e+01 2.926903390509948011e+01
2.161287043483764876e+02 2.722306475093360234e+01 2.944342890900268017e+01
2.164456484587632019e+02 2.751871637445407970e+01 2.959881005126906928e+01
2.167651032765786852e+02 2.776072325252653172e+01 2.969859273793700183e+01
2.168532607549001057e+02 2.782734350275334023e+01 2.984141190370698737e+01
2.161450049581196993e+02 2.750398126463700166e+01 2.944104479186446355e+01
2.145907462497626454e+02 2.659356499356499270e+01 2.865665759436251392e+01
2.131904466527417412e+02 2.555357512078823490e+01 2.770844568221617266e+01
2.122334578137856909e+02 2.480614384876680134e+01 2.720971369495959635e+01
2.120188366352300875e+02 2.446752326096588348e+01 2.714618224782159217e+01
2.122424668227946825e+02 2.453105892778024000e+01 2.722236850433571576e+01
2.127500559107116374e+02 2.474110175749520124e+01 2.751711711711711672e+01
2.133136865202438912e+02 2.501505580521973826e+01 2.787071755596345923e+01
2.137558157689305176e+02 2.535072683925142911e+01 2.815368061269700561e+01
2.141478405806274736e+02 2.571877966959934270e+01 2.854689537312487957e+01
2.143685802898917530e+02 2.587359115555836908e+01 2.866918159377175712e+01
2.142956305251387334e+02 2.586286473827457399e+01 2.865159398274152380e+01
2.140305166993691444e+02 2.569676983775344326e+01 2.847956621727113458e+01
2.136889718758571348e+02 2.551640821149018024e+01 2.830230183344937345e+01
2.135208852880984125e+02 2.537699854421165924e+01 2.821067578116758412e+01
2.135822140641812723e+02 2.545087241808553458e+01 2.830206553157372795e+01
2.139431356414962977e+02 2.569706943477435246e+01 2.854708103888431836e+01
2.144271198599067532e+02 2.589891343333966134e+01 2.878920184821824080e+01
2.148842331793151459e+02 2.623570690128067184e+01 2.897336962254994930e+01
2.152027427896280471e+02 2.657617570732324808e+01 2.917897757242019452e+01
2.155422832668734259e+02 2.679339620651095899e+01 2.930625988986644614e+01
2.158851615081123327e+02 2.711598624385509737e+01 2.950085026478469175e+01
2.161751967424098666e+02 2.731631959828681033e+01 2.962940692448889024e+01
2.164469396797265688e+02 2.750050425132392462e+01 2.981808131316327959e+01
2.166535645715973715e+02 2.764414625398232062e+01 2.978294406818996976e+01
2.167731755174378065e+02 2.773034580247695047e+01 2.986165369116188728e+01
2.168690170263940615e+02 2.791464016709918283e+01 2.985104120513956616e+01
2.170287022385383011e+02 2.799234550709960700e+01 2.990182079034537921e+01
2.170822119543431086e+02 2.809281178133637269e+01 2.994549444057640741e+01
2.171953583560140828e+02 2.828289132223558511e+01 3.014474755786231341e+01
2.173140240943519643e+02 2.849899782686668104e+01 3.011953077198978690e+01
2.174659872987741949e+02 2.865479249741544976e+01 3.030278709622971789e+01
2.177277042850813302e+02 2.886870055066776430e+01 3.046327404688060270e+01
2.179820579361563091e+02 2.906786083507395091e+01 3.055727999662425987e+01
2.181716648733042234e+02 2.909765175011076721e+01 3.072251408316981980e+01
2.179508914066291254e+02 2.888901407262062904e+01 3.057012891111251918e+01
2.165728506023588125e+02 2.813695381564233955e+01 2.977587189062598938e+01
2.149073443466886033e+02 2.701230035656265116e+01 2.878397788889592235e+01
2.137019853577230606e+02 2.608642319134122545e+01 2.817508703082473431e+01
2.131133531658121854e+02 2.556223389666012480e+01 2.776908243137751242e+01
2.130450155073105805e+02 2.544407029980800417e+01 2.782724223052091972e+01
2.134515433466253000e+02 2.551824799037913749e+01 2.813731670780851246e+01
2.139746861615714124e+02 2.578869126737979300e+01 2.843660569234339874e+01
2.144173428698018995e+02 2.608084477920543520e+01 2.869545329873198725e+01
2.147914804734476775e+02 2.645972529906956083e+01 2.897155938139544773e+01
2.151522290440323104e+02 2.668272675485790302e+01 2.914414414414414267e+01
2.150815283667742790e+02 2.667611452201616018e+01 2.902778656877017482e+01
2.147476084984281783e+02 2.655133025296959559e+01 2.880499609679937478e+01
2.142820516066417724e+02 2.632283477857248499e+01 2.858976728484925189e+01
2.139523809523809632e+02 2.606304618435765974e+01 2.837957254678565988e+01
2.138199970462265469e+02 2.595279870033968450e+01 2.834024938287233297e+01
2.139652762833090662e+02 2.600321961305567697e+01 2.839288984534886140e+01
2.141825727366710908e+02 2.622077346667510511e+01 2.853704242884570874e+01
2.146004768234276412e+02 2.643323839061543978e+01 2.880622824229381607e+01
2.150078401586598318e+02 2.669968985378821458e+01 2.899665801633014794e+01
2.153051374559571229e+02 2.687280207608076310e+01 2.918643796020845116e+01
2.156516277401523212e+02 2.708043969027575670e+01 2.941298816380783521e+01
2.157941135514905966e+02 2.726399983121294568e+01 2.946081819524442480e+01
2.159641369706943408e+02 2.746308838112116746e+01 2.963806570036078369e+01
2.161054792497415349e+02 2.757865687701753288e+01 2.962150769036015063e+01
2.162104985547608464e+02 2.770278287655336769e+01 2.961532164482984086e+01
2.162806126970061484e+02 2.778940439268308182e+01 2.967054032955672227e+01
2.163050657214591581e+02 2.777757663987172165e+01 2.959343418359811650e+01
2.163109648289976121e+02 2.788750764816338545e+01 2.959455661750743616e+01
2.163866616030550460e+02 2.793167500052745922e+01 2.982917484228959637e+01
2.164521594193725207e+02 2.807332953562461597e+01 2.966277612507120764e+01
2.164877186319809255e+02 2.805748465092727528e+01 2.968342722113213838e+01
2.165841804333607570e+02 2.812279680148532535e+01 2.976678692744266641e+01
2.166638268244825554e+02 2.830061818258539574e+01 2.986474671392704039e+01
2.168930734012701294e+02 2.841143532291073370e+01 2.992085575036394829e+01
2.169862818321834652e+02 2.858673333755301016e+01 2.976176129290883310e+01
2.164328164229803519e+02 2.824667384011646476e+01 2.935208979471274660e+01
2.147084330231871263e+02 2.725710909973205176e+01 2.836694305546764738e+01
2.129694411038673252e+02 2.609071882186636415e+01 2.738351794417368268e+01
2.116635187881089450e+02 2.507066270017089593e+01 2.689994303436926515e+01
2.110668396733970553e+02 2.461354516108614376e+01 2.666932084309133444e+01
2.111200329134755407e+02 2.454008903517100393e+01 2.658821022427579805e+01
2.115228980737177551e+02 2.477788889592168431e+01 2.682310694769711290e+01
2.120100301706858943e+02 2.503705719771293658e+01 2.720572610080806797e+01
2.125279321476042753e+02 2.528260438424372936e+01 2.749127581914467200e+01
2.129505707112264474e+02 2.552838787265016762e+01 2.785000316475726478e+01
2.131702175243158877e+02 2.567221554106799886e+01 2.795927168386184647e+01
2.130059286452729168e+02 2.562480325759014121e+01 2.784631094795029327e+01
2.125558917231048497e+02 2.538796126337109982e+01 2.754463784627719036e+01
2.120591007869696512e+02 2.502316180348967123e+01 2.724230647509336123e+01
2.116536869422115217e+02 2.472497415448235003e+01 2.705888980315209835e+01
2.114659451020106644e+02 2.455622507753655270e+01 2.696747473468785117e+01
2.114632107517353461e+02 2.460913137962318231e+01 2.693177627275987973e+01
2.116663797286747979e+02 2.471408316982087428e+01 2.709505242947865966e+01
2.119366837563558761e+02 2.488631347975610097e+01 2.728935164672869718e+01
2.123082853345148351e+02 2.510786336687975862e+01 2.754578981792096570e+01
2.126397915479882670e+02 2.526922379053526768e+01 2.768930944996518662e+01
2.128500791189315748e+02 2.540433782728864642e+01 2.790342848703504330e+01
2.129109774880266741e+02 2.552882249931430181e+01 2.784608308542734889e+01
2.129270544549233080e+02 2.565275439373800026e+01 2.785496972382218317e+01
2.130364453446420612e+02 2.569426756967740744e+01 2.788022026710551415e+01
2.130550794354072934e+02 2.580270059286452877e+01 2.781839356921324224e+01
2.130749119142561767e+02 2.585999113867966415e+01 2.790501508534295283e+01
2.130895204337827238e+02 2.590324282127560807e+01 2.783465620186931488e+01
2.131446167478954408e+02 2.595844884697343602e+01 2.791026858239973052e+01
2.132413823659725267e+02 2.597478743380382582e+01 2.794724138658564883e+01
2.133225056438171237e+02 2.606711395235985407e+01 2.802925079646391282e+01
2.134034474755786164e+02 2.613927885731164480e+01 2.815725889824250316e+01
2.134508597590564705e+02 2.617327256999388041e+01 2.813027828765533656e+01
2.135259573390721073e+02 2.622224613372154423e+01 2.807442243179947994e+01
2.135449416629744519e+02 2.626492394033377664e+01 2.817024706205033979e+01
2.134937316707808463e+02 2.616915838555182816e+01 2.814586577209528073e+01
2.125168386184779763e+02 2.559877629385826125e+01 2.752203304006582840e+01
2.107335316581218194e+02 2.453565837500263669e+01 2.657818427326624189e+01
2.091559550182500971e+02 2.346277190539485602e+01 2.556860138827352102e+01
2.081883072768318641e+02 2.277509968985378919e+01 2.497589720868409557e+01
2.078131611705382227e+02 2.254078106209253818e+01 2.474914868029622284e+01
2.080298584298584217e+02 2.261942317024284321e+01 2.486080131653902114e+01
2.085243243243243114e+02 2.289714116927231657e+01 2.517525581787876732e+01
2.092213431229824607e+02 2.311745891090153293e+01 2.554412726543874257e+01
2.098291706226132476e+02 2.330071101546511514e+01 2.602838154313564090e+01
2.103116906133299437e+02 2.351061037618414673e+01 2.629279490263096974e+01
2.102836128868915750e+02 2.362430111610439454e+01 2.629267253201679466e+01
2.099041120746038871e+02 2.339459459459459367e+01 2.598535350338628902e+01
2.092487583602337793e+02 2.309539422326307445e+01 2.564955165938772552e+01
2.086520159503766081e+02 2.275731375403506718e+01 2.540551933666687745e+01
2.082912884781737262e+02 2.250128489144882593e+01 2.530529780365845838e+01
2.083170411629428145e+02 2.254779838386395596e+01 2.517397725594446811e+01
2.085853830411207355e+02 2.268766799586471805e+01 2.541688292507964775e+01
2.089958562778234921e+02 2.295596345760280244e+01 2.579174209338143697e+01
2.095309365571660578e+02 2.330255079435407239e+01 2.612832035782855300e+01
2.100469692174610259e+02 2.358776715825896275e+01 2.632507542671477196e+01
2.104909213663312073e+02 2.383621748211912106e+01 2.662194231702428482e+01
2.108630504040339986e+02 2.409253328269721806e+01 2.683271093107158833e+01
2.110986391543768548e+02 2.440970947528324686e+01 2.685393168343988179e+01
2.112915458784311227e+02 2.458097769901048579e+01 2.694760849842817052e+01
2.114332130725573222e+02 2.467521995062978846e+01 2.702568516994746517e+01
2.115654957064793109e+02 2.479788594214823760e+01 2.711339958225203972e+01
2.117003776610334000e+02 2.495578201151971598e+01 2.717958520581471404e+01
2.118931957718843080e+02 2.508151570774521488e+01 2.726613498744646336e+01
2.119784416735236334e+02 2.518903306116420993e+01 2.737794797139059355e+01
2.121711753908475089e+02 2.530873262020802983e+01 2.751177500685697552e+01
2.124620292423571186e+02 2.544960229550393649e+01 2.772781399666645541e+01
2.126820136295546035e+02 2.563967761672679657e+01 2.787711036563495526e+01
2.128515475663016616e+02 2.581593349790071201e+01 2.783933160326602874e+01
2.126802709032217251e+02 2.577165221427516428e+01 2.767573475114458859e+01
2.113789480346857488e+02 2.506517290123847630e+01 2.693466675106019537e+01
2.095723189231385959e+02 2.401858767432537789e+01 2.582056670253391673e+01
2.081953541363377553e+02 2.308621220752368330e+01 2.499189822140641937e+01
2.076733464143300125e+02 2.244086334578137709e+01 2.481420765027322517e+01
2.078355549929320318e+02 2.236886722788362292e+01 2.497342025866615955e+01
2.084565816401882046e+02 2.259518112960735792e+01 2.541590396016625419e+01
2.092114732999978912e+02 2.297155094204274661e+01 2.580801316539021428e+01
2.098042787518197372e+02 2.337899445112559960e+01 2.618196088360022955e+01
2.103528999725721178e+02 2.371620988670169083e+01 2.651609595544021758e+01
2.107222440238833769e+02 2.401172226090258732e+01 2.676864358503702590e+01
2.106892334957908588e+02 2.402735616178239297e+01 2.668526700002109919e+01
2.102719075046943829e+02 2.381583222566829150e+01 2.649042766419815464e+01
2.097773740954068842e+02 2.349841551153026487e+01 2.620676836086672168e+01
2.093684199421904282e+02 2.340773888642740985e+01 2.586056501466337565e+01
2.091791252610924801e+02 2.332805873789480344e+01 2.567651117159313756e+01
2.093401016942000581e+02 2.337371985568706734e+01 2.575385361942738882e+01
2.097789016182458681e+02 2.359899571702850452e+01 2.592738780935502163e+01
2.102917568622486613e+02 2.393568791273709451e+01 2.627375994261240066e+01
2.107664071565710913e+02 2.429930164356393973e+01 2.661295018672067769e+01
2.112176171487647025e+02 2.455646559908855053e+01 2.691147540983606490e+01
2.116866552735405094e+02 2.477720530835284762e+01 2.716384581302614265e+01
2.119775006856974073e+02 2.502300145578833934e+01 2.736103972825284458e+01
2.121675127117750037e+02 2.521986623625967994e+01 2.742150769036014779e+01
2.122962550372386374e+02 2.532095280292001505e+01 2.756082452475894939e+01
2.124633668797603150e+02 2.544649239403337759e+01 2.755846572567883968e+01
2.125863620060341361e+02 2.551375403506551010e+01 2.756793467941009013e+01
2.126435723779985949e+02 2.552583074878156921e+01 2.762457961474354917e+01
2.127743781251977850e+02 2.567833829145304492e+01 2.777915057915057773e+01
2.128747346878494398e+02 2.581773108002616368e+01 2.769911597780450307e+01
2.131751967424098666e+02 2.598797392240015114e+01 2.793878093550224762e+01
2.135224339093191475e+02 2.631020950693081772e+01 2.808036795577779188e+01
2.138251028546110604e+02 2.649771504525602950e+01 2.822393822393822305e+01
2.135816823849610842e+02 2.636802751228980668e+01 2.816545772939215553e+01
2.121681119058168292e+02 2.554859590269426306e+01 2.723340295799312116e+01
2.103058969977002732e+02 2.443108213600016754e+01 2.621715298436609842e+01
2.089492077557651442e+02 2.353917758507922287e+01 2.544809587104668935e+01
2.084083127624111285e+02 2.310996054602611949e+01 2.517777496466020892e+01
2.084918032786885362e+02 2.312813469206911776e+01 2.521339747241386675e+01
2.091197628541890765e+02 2.340635061290798902e+01 2.566052703757621956e+01
2.097336076122961401e+02 2.375184927316074734e+01 2.604499018925248421e+01
2.100971875857121631e+02 2.398434922041479567e+01 2.627397092642994281e+01
2.105155431778382535e+02 2.418810051269067785e+01 2.639961178977572587e+01
2.107640778952254266e+02 2.438570373652340706e+01 2.661809819186868253e+01
2.107663944975420520e+02 2.441783657193493084e+01 2.663578285545498758e+01
2.105169398907103755e+02 2.430651729012384621e+01 2.643864379602084469e+01
2.101202987530856490e+02 2.406651897799438800e+01 2.621366753170032027e+01
2.098437664831107554e+02 2.388639787328311925e+01 2.600848154946515578e+01
2.097856910774943628e+02 2.380664177057619568e+01 2.597562292972128972e+01
2.099634491634491553e+02 2.394903896871110049e+01 2.618280903854674335e+01
2.103221300926219044e+02 2.416128868915754069e+01 2.635512374200898833e+01
2.107523598539991951e+02 2.438248834314408242e+01 2.664999050572821204e+01
2.111322995126273838e+02 2.467177247505116355e+01 2.684946304618435775e+01
2.114411671624786493e+02 2.484255543599805804e+01 2.694334662531383984e+01
2.116969301854547894e+02 2.508821655379032478e+01 2.707935523345359385e+01
2.119495115724623986e+02 2.527280207608076523e+01 2.717744582990484759e+01
2.121358524801147780e+02 2.541258307487815671e+01 2.729296368968500275e+01
2.122841361267590798e+02 2.552418929468109710e+01 2.739357343291769453e+01
2.124241703061375119e+02 2.563575753739688068e+01 2.742375255817878710e+01
2.125697786779753926e+02 2.571520982340654626e+01 2.757991012089372873e+01
2.126970652150980072e+02 2.583226786505474948e+01 2.764093929995569354e+01
2.128975800156127889e+02 2.599744709580775037e+01 2.762887524526868788e+01
2.130806802118277403e+02 2.613202101398822563e+01 2.778900352342975211e+01
2.133224170306137637e+02 2.629544907905563633e+01 2.793765428191657563e+01
2.135027702175243292e+02 2.643922611135725731e+01 2.810610798151781609e+01
2.136248538937063586e+02 2.658383441989999341e+01 2.821356625946789976e+01
2.133940629153743771e+02 2.643139439205013019e+01 2.789965609637740940e+01
2.118576787560394052e+02 2.564085068675232648e+01 2.714416946220224958e+01
2.099303331434479105e+02 2.447710614595860434e+01 2.609504820980230733e+01
2.084364495643184227e+02 2.362080722408591171e+01 2.525060657847543055e+01
2.078406608013165453e+02 2.313963331012511304e+01 2.483306538388505658e+01
2.079607485705846273e+02 2.311616768993818027e+01 2.489156275713652633e+01
2.084395341477308818e+02 2.337418823976200954e+01 2.513442622950819683e+01
2.090367280629575646e+02 2.369807371774584936e+01 2.548966390277865557e+01
2.095258982636031817e+02 2.383524695655843217e+01 2.579596176973226207e+01
2.100636580374285245e+02 2.398251788087853598e+01 2.608349473595375301e+01
2.104906935038082452e+02 2.421384475810705439e+01 2.643688841065890216e+01
2.105850876637761928e+02 2.422718737472835926e+01 2.639549338565732128e+01
2.103529632677173709e+02 2.411449669810325602e+01 2.628552861995484946e+01
2.099594911070320791e+02 2.399655674409772743e+01 2.605508787476000521e+01
2.096652572947654960e+02 2.384799037913791864e+01 2.587274300061185173e+01
2.096136717513766712e+02 2.384801147751967321e+01 2.585697407008882465e+01
2.097236618351372499e+02 2.395081967213114638e+01 2.591777960630419742e+01
2.101366795366795373e+02 2.408631769943245260e+01 2.619128636833555035e+01
2.105677447939742990e+02 2.444561470135240455e+01 2.652389813701289256e+01
2.110526151444184109e+02 2.474140979386881156e+01 2.681888305166993547e+01
2.114851530687596153e+02 2.500770512901660325e+01 2.707954089921302909e+01
2.118734434668861013e+02 2.521227925818089588e+01 2.738137856826381267e+01
2.121815304766124370e+02 2.544117138215498741e+01 2.753259488997193927e+01
2.124585395700149775e+02 2.564382977825600918e+01 2.758975884549655078e+01
2.126414625398232090e+02 2.584553030782538841e+01 2.772126927864632862e+01
2.128625187248138104e+02 2.601312319345106161e+01 2.776106504631094651e+01
2.129136190054222766e+02 2.605776314956642992e+01 2.793218136168955823e+01
2.127012004979218034e+02 2.597335696352089940e+01 2.780230816296390017e+01
2.123652214275165022e+02 2.583113699179272871e+01 2.742222503533978895e+01
2.115897926029073517e+02 2.550254657467772290e+01 2.676882081144376357e+01
2.103200118150937783e+02 2.486333312234951620e+01 2.602213220246007097e+01
2.092250817562292866e+02 2.427743950039031873e+01 2.557863577863577831e+01
2.083787623689263171e+02 2.375760069202692293e+01 2.518607506804228180e+01
2.079473848555815891e+02 2.336953393674705026e+01 2.492937527691626087e+01
2.076156929763487256e+02 2.304659366626579597e+01 2.468418676287528868e+01
2.065958731565288815e+02 2.231382576956347563e+01 2.418081313163280299e+01
2.049458362343608258e+02 2.143442833934637193e+01 2.327008038483448260e+01
2.036412346773002469e+02 2.071247547313121018e+01 2.272337067746903827e+01
2.034141612338333687e+02 2.028955841086988698e+01 2.267892060678945754e+01
2.039765048420786115e+02 2.042309006899170853e+01 2.309809903580395485e+01
2.049578369939025606e+02 2.084035276494292788e+01 2.352122708188282019e+01
2.058440281030445078e+02 2.120801738506656520e+01 2.401464227693735864e+01
2.066298879675928788e+02 2.163158427748591706e+01 2.442673164968246979e+01
2.079171846319387384e+02 2.233622381163364778e+01 2.517848387028714896e+01
2.095948393358229396e+02 2.318351372449733105e+01 2.611720573032048520e+01
2.111193113488195365e+02 2.390474502605650287e+01 2.692650589699769981e+01
2.120551047534654003e+02 2.430388843175728297e+01 2.752673375952064561e+01
2.123875646137941260e+02 2.451443340295799445e+01 2.764488469734371279e+01
2.123290925586007631e+02 2.468628816169799833e+01 2.752934573918180305e+01
2.121415617022174445e+02 2.484612950186720681e+01 2.741035930544127197e+01
2.121439500390320063e+02 2.498584298584298580e+01 2.740300862923813696e+01
2.123556090047893292e+02 2.528438508766377524e+01 2.753437559339198515e+01
2.128138531974597640e+02 2.571378357279996507e+01 2.788808996349979807e+01
2.134885245901639337e+02 2.603931050488427701e+01 2.823889275692554435e+01
2.142907652383062214e+02 2.644468637255522481e+01 2.869745764499862872e+01
2.151192691520560345e+02 2.672215119100365044e+01 2.921648205582631874e+01
2.155847036732282618e+02 2.707461653691161985e+01 2.955486212207523522e+01
2.157491993164124437e+02 2.728965546342595516e+01 2.966175074371795617e+01
2.157450218368251171e+02 2.736890942464712850e+01 2.958667426208409879e+01
2.154946093634618194e+02 2.735539802097179063e+01 2.924520961242272676e+01
2.150255712386859841e+02 2.719971306200814354e+01 2.898342511129396470e+01
2.147112095702259751e+02 2.708518260649408305e+01 2.880147688672278861e+01
2.146227567145599835e+02 2.710543705297803641e+01 2.873069603561406993e+01
2.145912737093065061e+02 2.711546300398759257e+01 2.868205582631811978e+01
2.146067725805430655e+02 2.715520813553600377e+01 2.864545013397472317e+01
2.145279659050150940e+02 2.714921619511783391e+01 2.856867734244783463e+01
2.141084203641580643e+02 2.700987826233727773e+01 2.825534105534105578e+01
2.134108445682216200e+02 2.663778298204527673e+01 2.778000717344979620e+01
2.125478321412747675e+02 2.615680317319661441e+01 2.739471274553241642e+01
2.112103550857649168e+02 2.528767221554106825e+01 2.673555288309386668e+01
2.088485558157689184e+02 2.388988332594890096e+01 2.533752769162605389e+01
2.063994683207797891e+02 2.239178429014494753e+01 2.413370044517585455e+01
2.049967550688862161e+02 2.142013629554613274e+01 2.341168006413908032e+01
2.050408464670759656e+02 2.115238517205730417e+01 2.348870181657066780e+01
2.060975546975546990e+02 2.141626685233242711e+01 2.398482604384243899e+01
2.074188914910226345e+02 2.207103825136611874e+01 2.488427959575500736e+01
2.084665696141105968e+02 2.269240669240669206e+01 2.540002531805810548e+01
2.091421693356119533e+02 2.309725088085743749e+01 2.578180897525159665e+01
2.094955376922590062e+02 2.338747178091440304e+01 2.593243032259425718e+01
2.095632423993079669e+02 2.348919973838006570e+01 2.595233031626474229e+01
2.093297550477878417e+02 2.335970209084963045e+01 2.581490389687111175e+01
2.087774627086102441e+02 2.307817372407536283e+01 2.542923813743485795e+01
2.081397303626811777e+02 2.267673481443973316e+01 2.509910331877544820e+01
2.075758296938624881e+02 2.231935354558305207e+01 2.488491254720763024e+01
2.075341983669852652e+02 2.227336751271177562e+01 2.476330991412958582e+01
2.081883325948899710e+02 2.257220499187712193e+01 2.514263350001055031e+01
2.095113741376036387e+02 2.325294849885013804e+01 2.603727662088317985e+01
2.108346182247821616e+02 2.390216258412979755e+01 2.677488448635989471e+01
2.116716923012004941e+02 2.443005675464691961e+01 2.723263497689727330e+01
2.121503090912926837e+02 2.481989577399413349e+01 2.751219275481570392e+01
2.125287381057872835e+02 2.506491550098107624e+01 2.765609215773150353e+01
2.126601894634681571e+02 2.519626980610587097e+01 2.780412684347110641e+01
2.128334957908728313e+02 2.536930607422410588e+01 2.794769289195518880e+01
2.131012469143616670e+02 2.561203029727619906e+01 2.804484250058020578e+01
