1.332733688233688270e+02 1.936257848757848787e+00 4.614557739557739735e-01
1.332718161343161398e+02 1.936076986076985973e+00 4.588725088725088552e-01
1.332511466011465870e+02 1.923546273546273611e+00 4.490854490854490622e-01
1.326811152061152086e+02 1.758063745563745561e+00 3.341045591045591068e-01
1.312585858585858603e+02 1.316919191919191823e+00 1.732459732459732393e-01
1.296815281190281155e+02 7.786957411957411423e-01 7.720106470106470609e-02
1.287786957411957474e+02 5.612066612066611837e-01 2.808490308490308590e-02
1.284972938847938906e+02 4.948778323778323940e-01 7.558695058695059053e-03
1.283783271908271786e+02 4.728569478569478735e-01 7.712257712257712368e-04
1.286403835653835586e+02 4.868686868686868952e-01 9.520884520884520920e-04
1.290152231777231862e+02 5.240444990444990125e-01 1.337701337701337765e-03
1.291736145236145319e+02 5.235974610974610810e-01 5.255255255255255427e-04
1.292667315042315010e+02 5.307807807807807254e-01 3.412503412503412720e-04
1.292335244335244226e+02 5.245051870051870013e-01 3.651378651378651258e-04
1.289877422877422930e+02 4.551460551460551618e-01 2.491127491127491096e-04
1.284323129948130031e+02 3.883258258258258100e-01 1.023751023751023782e-05
1.279754811629811684e+02 3.218877968877968954e-01 8.190008190008190257e-05
1.277638342888342891e+02 2.855582855582855517e-01 2.047502047502047564e-05
1.278152709527709590e+02 2.987100737100736869e-01 1.365001365001364986e-05
1.279352204477204538e+02 3.084800709800709639e-01 3.412503412503412720e-05
1.281414892164892194e+02 3.335039585039585308e-01 2.047502047502047564e-05
1.284539175539175631e+02 3.666120666120666338e-01 2.730002730002729973e-05
1.287403426153426267e+02 3.882439257439257441e-01 1.706251706251706360e-05
1.289824119574119550e+02 4.115683865683865683e-01 1.706251706251706360e-05
1.293090431340431223e+02 4.234882609882609783e-01 5.460005460005459946e-05
1.296638104013103998e+02 4.198914823914823846e-01 2.730002730002729973e-05
1.298686288561288507e+02 4.544703794703794930e-01 9.896259896259896618e-05
1.298838383838383947e+02 4.284909909909909720e-01 9.896259896259896618e-05
1.297906668031668005e+02 4.279176904176903995e-01 4.095004095004095129e-05
1.297069649194649230e+02 4.222665847665847405e-01 4.777504777504777537e-05
1.296079613704613678e+02 3.965192465192465265e-01 5.460005460005459946e-05
1.295872269997269939e+02 3.903699153699153879e-01 7.166257166257165628e-05
1.297895952770952874e+02 3.867970242970242833e-01 1.365001365001364986e-05
1.302355821730821788e+02 3.862441987441987412e-01 1.160251160251160298e-04
1.307751228501228411e+02 4.088588588588588646e-01 2.184002184002183978e-04
1.311728535353535392e+02 4.139059514059514333e-01 4.879879879879879729e-04
1.310476726726726611e+02 4.047638547638547912e-01 1.911001911001911015e-04
1.298966147966147844e+02 2.884077259077258981e-01 2.115752115752115670e-04
1.271021703521703472e+02 4.613022113022113152e-02 0.000000000000000000e+00
1.247746860496860535e+02 4.613704613704613759e-03 1.365001365001364986e-05
1.233847768222768195e+02 1.453726453726453781e-03 0.000000000000000000e+00
1.228543031668031631e+02 3.651378651378651258e-04 6.825006825006824932e-06
1.228927620802620737e+02 1.672126672126672206e-04 0.000000000000000000e+00
1.230941919191919141e+02 5.118755118755119080e-05 0.000000000000000000e+00
1.233392881517881534e+02 5.801255801255801489e-05 0.000000000000000000e+00
1.233618413868413910e+02 4.436254436254435994e-05 0.000000000000000000e+00
1.234005357630357622e+02 2.730002730002729973e-05 0.000000000000000000e+00
1.232299822549822608e+02 2.388752388752388769e-05 0.000000000000000000e+00
1.227645884520884465e+02 1.365001365001364986e-05 0.000000000000000000e+00
1.225145952770952817e+02 0.000000000000000000e+00 0.000000000000000000e+00
1.228718980343980292e+02 0.000000000000000000e+00 0.000000000000000000e+00
1.238142062517062527e+02 0.000000000000000000e+00 0.000000000000000000e+00
1.257365137865137825e+02 0.000000000000000000e+00 0.000000000000000000e+00
1.289699904449904579e+02 3.412503412503412466e-06 3.071253071253071177e-05
1.329624556374556335e+02 6.825006825006824932e-06 1.378651378651378750e-03
1.352604559104559030e+02 6.825006825006824932e-06 3.368140868140868244e-02
1.356392983892984034e+02 5.801255801255801489e-05 4.842001092001092105e-02
1.355841830466830515e+02 1.911001911001911015e-04 4.651242151242151318e-02
1.344715738465738468e+02 4.675129675129675345e-04 2.620802620802620969e-02
1.324170761670761749e+02 1.262626262626262625e-04 2.825552825552825591e-03
1.315189837564837489e+02 2.661752661752661868e-04 9.350259350259350691e-04
1.308673116298116383e+02 3.003003003003002869e-04 3.822003822003822030e-04
1.297659534534534487e+02 2.457002457002456942e-04 7.507507507507507171e-05
1.287306886431886426e+02 2.661752661752661868e-04 1.262626262626262625e-04
1.287348314223314105e+02 7.507507507507507171e-05 1.365001365001364986e-05
1.288102648102648118e+02 1.092001092001091989e-04 5.801255801255801489e-05
1.308610019110019209e+02 2.832377832377832639e-04 9.213759213759213531e-05
1.383980002730002639e+02 1.928064428064428038e-03 1.216489216489216457e-01
1.441701917826917736e+02 2.941577941577941391e-03 5.720720720720721131e-01
1.454511431886431865e+02 5.187005187005187118e-03 6.939120939120939635e-01
1.445593161343161341e+02 7.760032760032759859e-03 5.540506415506415427e-01
1.438842615342615261e+02 8.442533442533442511e-03 4.666666666666666741e-01
1.443005425880425889e+02 1.024774774774774716e-02 5.004163254163254138e-01
1.449329101829101774e+02 1.975839475839475876e-02 5.415131040131040407e-01
1.453513069888069822e+02 1.973791973791973881e-02 6.068079443079442692e-01
1.454178439803439744e+02 2.824187824187824117e-02 6.016141141141141402e-01
1.454918816543816433e+02 3.502593502593502606e-02 5.872167622167622225e-01
1.456032725907726046e+02 2.817362817362817351e-02 6.410490035490035154e-01
1.457098007098007031e+02 3.837701337701338034e-02 6.565963690963690924e-01
1.459606470106470226e+02 4.338998088998088920e-02 7.286718536718537198e-01
1.465925948675948689e+02 8.718604968604969085e-02 7.746007371007370690e-01
1.474631210756210749e+02 1.298935298935298965e-01 9.075552825552825054e-01
1.478496485121485193e+02 1.522215397215397337e-01 9.417246792246791731e-01
1.482139127764127693e+02 2.336302211302211385e-01 9.205330330330330213e-01
1.486380835380835492e+02 2.951849576849576717e-01 1.020512558012558024e+00
1.485813438438438538e+02 2.964509964509964290e-01 9.723348348348348491e-01
1.482398989898989896e+02 2.730582855582855406e-01 8.871689871689871776e-01
1.480601624351624253e+02 2.405473655473655548e-01 8.761022386022385700e-01
1.479969731094731173e+02 2.769690144690144518e-01 8.454443079443079156e-01
1.476730924105924032e+02 2.744471744471744246e-01 7.764571389571389703e-01
1.469368550368550359e+02 2.243413868413868528e-01 6.766823641823641600e-01
1.463944205569205508e+02 1.861111111111111160e-01 6.036923286923286947e-01
1.461251911001911026e+02 1.778528528528528496e-01 5.923013923013923376e-01
1.460975464100464194e+02 1.865922740922740797e-01 6.086882336882336597e-01
1.458251979251979265e+02 1.597665847665847572e-01 5.852682227682227678e-01
1.457404757029757150e+02 1.594560469560469540e-01 5.858381108381108815e-01
1.458833265083265189e+02 1.780541905541905556e-01 6.324256074256073834e-01
1.458790608790608871e+02 1.875000000000000000e-01 5.808865683865683804e-01
1.458934582309582311e+02 2.163117663117663236e-01 5.201269451269451283e-01
1.463550641550641558e+02 2.607357357357357186e-01 5.774297024297024850e-01
1.471462223587223548e+02 3.511841386841386692e-01 6.714748839748839737e-01
1.477866298116298083e+02 4.608415233415233403e-01 7.653801528801529308e-01
1.481313097188097174e+02 5.144621894621894675e-01 8.073437073437073064e-01
1.485575040950041057e+02 5.590090090090089614e-01 8.758463008463008848e-01
1.488976829101829082e+02 6.242458367458367796e-01 9.076849576849577161e-01
1.491259009009008878e+02 6.434206934206934125e-01 9.284636909636909685e-01
1.493093536718536711e+02 6.715090090090090058e-01 9.997918372918372931e-01
1.493820502320502328e+02 6.520952770952771482e-01 1.017649467649467621e+00
1.493325279825279779e+02 6.288970788970789094e-01 1.004507917007916973e+00
1.496682330057330148e+02 7.028084903084903523e-01 1.117663117663117767e+00
1.502342376467376539e+02 7.903562653562653528e-01 1.264056101556101597e+00
1.507773819273819242e+02 8.568761943761943334e-01 1.369188506688506779e+00
1.512881893256893306e+02 9.506483756483756764e-01 1.449047911547911571e+00
1.518453794703794699e+02 1.070099645099645169e+00 1.535930248430248390e+00
1.523763923013923147e+02 1.191823641823641866e+00 1.625017062517062572e+00
1.525907384657384682e+02 1.283633633633633586e+00 1.641509691509691615e+00
1.527727818727818772e+02 1.307824870324870270e+00 1.661343161343161290e+00
1.528774808899808875e+02 1.374587087087087101e+00 1.672679497679497640e+00
1.528755357630357707e+02 1.437923150423150442e+00 1.652033852033852002e+00
1.527683626808626798e+02 1.437322549822549922e+00 1.659125034125034093e+00
1.526565212940213030e+02 1.492243379743379839e+00 1.521413458913458916e+00
1.528335244335244454e+02 1.528832241332241271e+00 1.610022522522522426e+00
1.528626365001364888e+02 1.539339339339339308e+00 1.668622031122031224e+00
1.527866229866229730e+02 1.482473382473382451e+00 1.688209800709800756e+00
1.528917485667485607e+02 1.518482118482118448e+00 1.761779961779961878e+00
1.531214032214032272e+02 1.561827736827736901e+00 1.868072618072618152e+00
1.532409841659841732e+02 1.624194649194649287e+00 1.864878514878514970e+00
1.531264298389298517e+02 1.593625443625443561e+00 1.854473791973791919e+00
1.531170864045864164e+02 1.587974337974338068e+00 1.797184684684684619e+00
1.533606333606333578e+02 1.675044362544362508e+00 1.897519110019110000e+00
1.534837940212940168e+02 1.713636363636363624e+00 1.892741605241605285e+00
1.535639878514878376e+02 1.786080398580398576e+00 1.896256483756483702e+00
1.538213452088452016e+02 1.838271225771225703e+00 1.945212257712257697e+00
1.539782828282828291e+02 1.877009964509964490e+00 1.986861861861861867e+00
1.540858244608244547e+02 1.872379197379197446e+00 2.016513104013104130e+00
1.542167929292929216e+02 1.965055965055965137e+00 2.018523068523068620e+00
1.544621723996723972e+02 2.041915779415779397e+00 2.050675675675675880e+00
1.546105275730275821e+02 2.113499863499863629e+00 2.060319410319410238e+00
1.546458674583674622e+02 2.159241059241059357e+00 2.074406224406224464e+00
1.545342205842205772e+02 2.179443079443079245e+00 2.040557603057603142e+00
1.541988295113295067e+02 2.049163936663936703e+00 2.009394621894621924e+00
1.534959357084356952e+02 1.835585585585585600e+00 1.941062653562653617e+00
1.528378276003276142e+02 1.594898307398307402e+00 1.739438301938301956e+00
1.525791769041769044e+02 1.534131859131859121e+00 1.685766448266448281e+00
1.521556203931203868e+02 1.484107971607971699e+00 1.554545454545454453e+00
1.519123703248703237e+02 1.425088725088725194e+00 1.518301255801255856e+00
1.522227818727818658e+02 1.588595413595413675e+00 1.529163254163254271e+00
1.527837394212394315e+02 1.726231913731913759e+00 1.697072072072072002e+00
1.531112271362271429e+02 1.839370051870051981e+00 1.737503412503412559e+00
1.535612612612612509e+02 1.986803849303849345e+00 1.776504914004914060e+00
1.538262489762489622e+02 2.024061561561561362e+00 1.810131722631722617e+00
1.535415779415779411e+02 1.977620802620802642e+00 1.738046000546000558e+00
1.533968570843570944e+02 1.958705296205296209e+00 1.796747884247884341e+00
1.535481197106197158e+02 2.033974883974884129e+00 1.824665574665574663e+00
1.535309855309855323e+02 2.031565656565656575e+00 1.760063472563472509e+00
1.537304292929293013e+02 2.129985667485667644e+00 1.812052962052961957e+00
1.542914141414141511e+02 2.266328828828828801e+00 1.960036172536172572e+00
1.548415813540813417e+02 2.386564974064973921e+00 2.082411957411957282e+00
1.550643291018290881e+02 2.499372099372099587e+00 2.108210483210483321e+00
1.551835585585585591e+02 2.511568386568386657e+00 2.136667349167349350e+00
1.553456831831831835e+02 2.593076030576030533e+00 2.126180726180726399e+00
1.554265834015834002e+02 2.606476931476931380e+00 2.178480753480753318e+00
1.554455637455637316e+02 2.625552825552825542e+00 2.192618755118755036e+00
1.553750204750204773e+02 2.593970106470106618e+00 2.162711575211575088e+00
1.554354934479934514e+02 2.632275457275457420e+00 2.188984438984439063e+00
1.554980992355992271e+02 2.683804258804258769e+00 2.146744471744471916e+00
1.554451644826644952e+02 2.676463963963963799e+00 2.150255937755937818e+00
1.553664107289107221e+02 2.687728637728637793e+00 2.105930930930930867e+00
1.552976794976794963e+02 2.721665984165984042e+00 2.102583265083265207e+00
1.554947652197652133e+02 2.768581081081081141e+00 2.134401446901446953e+00
1.556375887250887331e+02 2.862295249795249852e+00 2.173184548184547982e+00
1.556252388752388640e+02 2.845870870870870650e+00 2.172918372918372754e+00
1.553105992355992271e+02 2.732275457275457065e+00 2.068437755937755806e+00
1.548362066612066599e+02 2.545761670761670814e+00 1.985036172536172483e+00
1.542418987168987030e+02 2.406511056511056346e+00 1.908370870870870872e+00
1.541299651924651926e+02 2.362626262626262630e+00 1.913377013377013380e+00
1.544314871689871609e+02 2.516069478569478601e+00 2.003149740649740718e+00
1.548560879060879074e+02 2.642683592683592764e+00 2.014124351624351661e+00
1.550762626262626327e+02 2.737312312312312201e+00 2.032988670488670380e+00
1.551556818181818187e+02 2.789233551733551586e+00 2.003064428064428082e+00
1.554902436527436578e+02 2.816612066612066645e+00 2.042257029757029940e+00
1.556429838929838922e+02 2.920140595140594986e+00 2.060626535626535638e+00
1.557021157521157591e+02 2.948474610974610943e+00 2.152306852306852480e+00
1.557455671580671606e+02 2.963810401310401410e+00 2.161425061425061411e+00
1.557636295386295444e+02 2.952184002184002232e+00 2.147355309855309979e+00
1.557195809445809402e+02 2.935711848211848274e+00 2.183497133497133369e+00
1.556985496860496880e+02 2.927818727818727762e+00 2.186728774228774430e+00
1.558554361179361081e+02 3.012465874965875035e+00 2.293864318864319074e+00
1.561437312312312429e+02 3.097628310128309970e+00 2.247525935025934896e+00
1.563485257985257988e+02 3.137697925197925120e+00 2.329036991536991508e+00
1.566216250341250316e+02 3.176115888615888672e+00 2.403856128856128649e+00
1.568020645645645743e+02 3.225621075621075473e+00 2.426109063609063643e+00
1.568770952770952647e+02 3.312953862953862849e+00 2.428265765765765583e+00
1.570349918099918227e+02 3.392400354900354742e+00 2.457429019929020075e+00
1.571751979251979208e+02 3.489806852306852392e+00 2.440199290199290161e+00
1.572950996450996399e+02 3.519325006825007041e+00 2.507589407589407404e+00
1.573979832104832042e+02 3.545809445809446014e+00 2.498682773682773473e+00
1.575568386568386643e+02 3.596990171990171792e+00 2.516492628992629044e+00
1.577432568932568984e+02 3.584957684957684965e+00 2.619980207480207657e+00
1.579006620256620295e+02 3.550621075621075651e+00 2.697276822276822195e+00
1.580227375102375049e+02 3.543178405678405696e+00 2.742379879879879745e+00
1.580574358449358385e+02 3.503839066339066388e+00 2.708306033306033367e+00
1.577661786786786706e+02 3.460452497952497986e+00 2.608503958503958664e+00
1.573281463281463175e+02 3.371246246246246248e+00 2.509193284193284246e+00
1.564815997815997832e+02 3.178760578760578603e+00 2.307988670488670291e+00
1.559552279552279686e+02 3.084599372099372072e+00 2.186100873600873573e+00
1.561715328965329093e+02 3.171850259350259549e+00 2.265772590772590966e+00
1.562796410046410074e+02 3.265298252798252587e+00 2.278078078078078050e+00
1.562987203112203076e+02 3.300354900354900423e+00 2.351521976521976587e+00
1.564347222222222342e+02 3.364254026754026849e+00 2.360786923286923411e+00
1.565355241605241474e+02 3.410322822822822619e+00 2.355773955773955652e+00
1.564520679770679692e+02 3.409039721539721679e+00 2.378286240786240846e+00
1.564009145509145640e+02 3.432824870324870492e+00 2.412711575211575088e+00
1.563102886977887067e+02 3.457275457275457153e+00 2.362230412230412302e+00
1.561066509691509623e+02 3.451382063882063811e+00 2.252852852852852639e+00
1.560009009009008878e+02 3.453057603057603231e+00 2.154077941577941413e+00
1.559394110019109974e+02 3.512704750204750148e+00 2.151692601692601681e+00
1.558266448266448378e+02 3.460530985530985593e+00 2.136056511056510843e+00
1.557798013923013798e+02 3.477634452634452700e+00 2.089489489489489316e+00
1.557420283920284021e+02 3.469137319137319153e+00 2.085571935571935764e+00
1.554629675129675093e+02 3.416779279279279269e+00 2.024535899535899741e+00
1.548377798252798243e+02 3.282998907998908145e+00 1.906528119028118917e+00
1.540999965874965767e+02 3.150532350532350367e+00 1.716803166803166913e+00
1.535531019656019680e+02 3.035899535899535984e+00 1.632681545181545291e+00
1.533233961233961224e+02 2.945594458094458190e+00 1.611728774228774252e+00
1.527930214305214349e+02 2.832012694512694662e+00 1.488830876330876407e+00
1.523802791427791306e+02 2.772194922194922029e+00 1.422461097461097390e+00
1.523750477750477614e+02 2.761097461097461014e+00 1.430951405951405908e+00
1.521846334971334898e+02 2.761128173628173421e+00 1.422171034671034562e+00
1.521952463827463760e+02 2.805821730821731030e+00 1.417857630357630461e+00
1.524402129402129447e+02 2.876081763581763706e+00 1.477573027573027664e+00
1.524752593502593641e+02 2.893195468195468134e+00 1.492608517608517538e+00
1.521961916461916360e+02 2.791369778869778884e+00 1.397164209664209622e+00
1.520803951678951762e+02 2.756930794430794585e+00 1.383449358449358346e+00
1.520807022932023074e+02 2.772092547092547044e+00 1.341717854217854278e+00
1.520906633906633942e+02 2.795256620256620472e+00 1.378985803985804059e+00
1.522586711711711587e+02 2.849730412230412124e+00 1.393041905541905434e+00
1.525464032214032102e+02 2.896863909363909251e+00 1.455531668031668113e+00
1.524987271362271315e+02 2.914233551733551586e+00 1.487909500409500430e+00
1.524535182910182982e+02 2.877030439530439576e+00 1.459595959595959558e+00
1.527401924651924787e+02 2.920788970788970929e+00 1.547235872235872334e+00
1.528384486759486833e+02 2.989728364728364784e+00 1.585838110838110770e+00
1.529627627627627646e+02 3.035964373464373534e+00 1.548607698607698646e+00
1.531009589134589248e+02 3.074344799344799206e+00 1.533326508326508408e+00
1.531918918918918848e+02 3.104780917280917318e+00 1.539148239148239172e+00
1.534077805077805010e+02 3.143062380562380742e+00 1.592980480480480576e+00
1.536108722358722218e+02 3.150406087906088004e+00 1.624774774774774722e+00
1.538171887796887916e+02 3.199901037401037485e+00 1.668823368823368902e+00
1.540806920556920545e+02 3.266356128856128915e+00 1.748157248157248267e+00
1.544334630084630078e+02 3.385346710346710530e+00 1.855787605787605710e+00
1.546101453726453769e+02 3.385384247884247966e+00 1.905371280371280340e+00
1.546654313404313541e+02 3.433394758394758384e+00 1.933971471471471526e+00
1.548260749385749477e+02 3.481234643734643530e+00 1.941455091455091431e+00
1.549334254709254708e+02 3.509592547092547310e+00 2.013247338247338369e+00
1.549076132951132934e+02 3.511367048867048979e+00 1.999955637455637536e+00
1.549068625443625535e+02 3.513295113295113126e+00 2.019232869232869376e+00
1.548790608790608871e+02 3.515520065520065351e+00 2.035244335244335456e+00
1.549392608517608494e+02 3.546031258531258334e+00 2.045304395304395229e+00
1.550034261534261475e+02 3.551999726999726992e+00 2.091031941031940899e+00
1.549193830193830195e+02 3.494437619437619436e+00 2.046297433797434007e+00
1.543895816270816397e+02 3.282906770406770480e+00 1.938943488943488891e+00
1.535882712257712228e+02 3.018639093639093662e+00 1.751569751569751476e+00
1.533145065520065486e+02 2.963407725907726054e+00 1.683111520611520584e+00
1.534083913458913457e+02 3.034087496587496435e+00 1.699348211848211943e+00
1.538441782691782578e+02 3.241110428610428418e+00 1.782524570024569988e+00
1.543305248430248469e+02 3.426153426153426107e+00 1.849887387387387339e+00
1.546494778869778770e+02 3.545007507507507594e+00 1.902617390117390173e+00
1.548979661479661445e+02 3.648136773136773314e+00 1.889943352443352431e+00
1.551995120120120077e+02 3.690165165165165018e+00 1.998542861042861052e+00
1.554254538629538729e+02 3.706650969150969033e+00 2.063336063336063120e+00
1.555192226317226414e+02 3.737424924924924952e+00 2.069731094731094512e+00
1.554737646737646628e+02 3.686271498771498845e+00 2.093430930930931133e+00
1.553910251160251050e+02 3.661544499044499190e+00 2.065977340977340759e+00
1.553054941304941394e+02 3.642929292929292906e+00 2.040834015834015691e+00
1.553291905541905464e+02 3.641741741741741922e+00 2.065485940485940475e+00
1.554879743379743502e+02 3.705852443352443348e+00 2.139226726726726646e+00
1.556743004368004506e+02 3.759261534261534088e+00 2.191253753753753752e+00
1.559020952770952704e+02 3.863445263445263400e+00 2.137370324870325078e+00
1.561211643461643348e+02 3.936049686049686080e+00 2.180483892983892780e+00
1.562958742833742747e+02 3.995983483483483312e+00 2.165315315315315292e+00
1.564871143871143886e+02 4.088090363090363333e+00 2.171700109200109363e+00
1.566391789516789572e+02 4.094543407043406802e+00 2.249764537264537179e+00
1.566890185640185678e+02 4.096212121212121637e+00 2.207115069615069647e+00
1.567361315861315916e+02 4.069621894621894498e+00 2.282394894894895110e+00
1.568556613431613300e+02 4.105030030030030197e+00 2.313667076167076342e+00
1.570314086814086920e+02 4.151716489216489059e+00 2.370068932568932585e+00
1.570789107289107278e+02 4.178593366093366512e+00 2.359077259077259292e+00
1.566906224406224339e+02 4.030268905268905577e+00 2.282224269724269838e+00
1.552509589134589021e+02 3.492867867867867737e+00 2.125989625989626042e+00
1.538387865137865163e+02 2.834981572481572343e+00 1.849443761943762032e+00
1.529451678951678844e+02 2.518604968604968519e+00 1.696304258804258724e+00
1.527166530166530265e+02 2.415230002730002656e+00 1.639619164619164682e+00
1.530242765492765500e+02 2.677422877422877434e+00 1.672293884793884855e+00
1.536775423150423023e+02 3.110957548457548238e+00 1.831060606060606055e+00
1.540472119847119927e+02 3.276743789243789173e+00 1.962070024570024662e+00
1.541420386295386322e+02 3.309428746928746889e+00 1.958036445536445624e+00
1.539150662025662086e+02 3.323768086268086286e+00 1.861397761397761474e+00
1.532915984165984185e+02 3.196512421512421653e+00 1.681166393666393644e+00
1.528490376740376746e+02 3.152501365001365130e+00 1.568349030849030878e+00
1.529707684957684819e+02 3.183766721266721333e+00 1.566663254163254138e+00
1.528325075075075006e+02 3.139298389298389225e+00 1.506439393939393856e+00
1.525034841659841618e+02 3.092038629538629735e+00 1.414602102102102021e+00
1.526477204477204452e+02 3.119072481572481514e+00 1.445638820638820654e+00
1.526972836472836548e+02 3.121720584220584183e+00 1.444372781872781841e+00
1.525642096642096703e+02 3.095669533169532972e+00 1.431473518973519043e+00
1.524245836745836868e+02 3.048283510783510675e+00 1.393198880698880648e+00
1.523860360360360460e+02 3.066806579306579295e+00 1.383343570843570847e+00
1.523641516516516390e+02 3.045242970242970415e+00 1.422386022386022297e+00
1.522726965601965503e+02 3.019103194103194276e+00 1.407514332514332445e+00
1.522885817635817602e+02 3.051443488943489157e+00 1.420666120666120635e+00
1.522226521976521951e+02 3.063861588861588992e+00 1.443035080535080450e+00
1.522774058149058192e+02 3.075631313131313327e+00 1.499259486759486837e+00
1.523379129129129126e+02 3.157507507507507416e+00 1.450290062790062784e+00
1.524213213213213294e+02 3.230224542724542847e+00 1.458449358449358524e+00
1.526047979797979792e+02 3.284363909363909428e+00 1.536530849030849133e+00
1.525769041769041792e+02 3.326115888615888583e+00 1.492243379743379839e+00
1.520045591045590925e+02 3.143540131040130969e+00 1.421952634452634534e+00
1.509141516516516504e+02 2.763554463554463769e+00 1.150324187824187883e+00
1.505698402948403043e+02 2.637544362544362642e+00 1.117553917553917531e+00
1.505794669669669759e+02 2.632975020475020411e+00 1.061868686868686851e+00
1.508722597597597712e+02 2.789342751842752044e+00 1.125116025116025043e+00
1.513996826371826501e+02 2.962087087087087234e+00 1.214219901719901795e+00
1.518823744198744237e+02 3.055845618345618409e+00 1.346294021294021315e+00
1.519987953862953987e+02 3.104388479388479283e+00 1.416762216762216697e+00
1.520969150969150974e+02 3.130306442806442657e+00 1.440591728091728196e+00
1.521347836472836548e+02 3.142745017745017577e+00 1.496396396396396433e+00
1.519849030849030953e+02 3.137667212667212713e+00 1.459026071526071444e+00
1.516812380562380440e+02 3.068738056238056178e+00 1.354251979251979154e+00
1.512475634725634848e+02 3.100337837837837895e+00 1.284671034671034606e+00
1.509220857220857113e+02 3.062298662298662322e+00 1.201999726999726903e+00
1.506333947583947577e+02 3.000283237783237578e+00 1.110131722631722662e+00
1.502487373737373844e+02 2.984729047229047083e+00 1.064496314496314433e+00
1.500171683046683029e+02 2.905381517881517883e+00 1.027788015288015222e+00
1.498406224406224396e+02 2.873621348621348659e+00 9.980002730002730527e-01
1.497297570297570246e+02 2.842888342888342912e+00 9.514093639093639254e-01
1.497423116298116383e+02 2.833913458913458694e+00 1.000648375648375721e+00
1.497161138411138381e+02 2.865769178269178319e+00 9.530303030303030054e-01
1.497732800982801109e+02 2.846833196833197022e+00 9.605412230412230246e-01
1.497218946218946201e+02 2.840612203112203193e+00 9.423662298662298653e-01
1.494985155610155516e+02 2.773962598962599113e+00 9.011739011739011707e-01
1.495548321048321156e+02 2.784415096915096921e+00 8.773614523614523542e-01
1.500172911547911667e+02 2.867014742014741824e+00 9.624863499863499650e-01
1.502346437346437256e+02 2.880030030030030108e+00 1.013428200928200962e+00
1.500884896259896379e+02 2.895304395304395317e+00 1.025986213486213439e+00
1.502356538356538351e+02 2.909974747474747492e+00 1.055357630357630416e+00
1.502060640185640068e+02 2.822495222495222666e+00 1.036039448539448626e+00
1.502596266721266716e+02 2.769222631722631611e+00 1.052446764946765034e+00
1.507550607425607438e+02 2.836657111657111763e+00 1.124583674583674586e+00
1.512102272727272805e+02 2.861745836745836602e+00 1.196601146601146581e+00
1.508295625170625271e+02 2.791465328965328840e+00 1.079142779142779229e+00
1.496578897078896944e+02 2.582200382200382283e+00 8.784056784056784029e-01
1.493074870324870460e+02 2.506364318864318985e+00 7.760817635817636173e-01
1.489156463281463232e+02 2.463226863226863017e+00 7.439939939939940183e-01
1.485906224406224396e+02 2.434886022386022475e+00 7.321764946764947046e-01
1.485648716898716941e+02 2.470945945945945965e+00 7.399262899262899484e-01
1.479684787059786970e+02 2.334817772317772100e+00 6.949802074802075014e-01
1.470816134316134196e+02 2.196604559104559318e+00 5.736111111111110716e-01
1.473026242151242116e+02 2.216612066612066556e+00 6.304497679497679252e-01
1.495057022932022903e+02 2.511472836472836256e+00 1.015653153153153188e+00
1.510228091728091613e+02 2.775965738465738575e+00 1.294481981981981944e+00
1.505909329784329884e+02 2.750296887796887635e+00 1.144441031941031861e+00
1.502632746382746518e+02 2.642100054600054815e+00 1.095130357630357709e+00
1.502800129675129597e+02 2.723563336063336227e+00 1.065178815178815075e+00
1.500584357084356952e+02 2.728644553644553827e+00 1.018502593502593534e+00
1.499378105378105488e+02 2.743959868959868764e+00 9.462189462189461997e-01
1.502733585858585741e+02 2.833749658749658895e+00 1.007695195195195126e+00
1.504195980070980170e+02 2.866567704067704003e+00 1.068021430521430615e+00
1.503781838656838659e+02 2.894219219219219319e+00 1.053504641004640918e+00
1.505932807807807876e+02 2.899279961779961834e+00 1.102600327600327557e+00
1.507466864591864635e+02 2.977532077532077714e+00 1.130234780234780301e+00
1.507469253344253275e+02 2.947423559923560088e+00 1.124607562107562186e+00
1.509297194922195047e+02 3.025139912639912776e+00 1.190864728364728453e+00
1.509007575757575808e+02 3.035350122850122734e+00 1.159602784602784542e+00
1.504058831558831457e+02 2.951231913731913625e+00 1.025924788424788403e+00
1.501779927654927747e+02 2.892113704613704428e+00 9.517745017745017355e-01
1.502786547911547927e+02 2.974010374010374047e+00 9.673594048594048589e-01
1.503821662571662614e+02 3.016025116025116137e+00 9.729593229593229697e-01
1.505933797433797565e+02 3.062858312858312893e+00 1.057616707616707563e+00
1.507762148512148599e+02 3.097583947583947506e+00 1.140967103467103394e+00
1.508149126399126487e+02 3.083947583947583837e+00 1.147764810264810365e+00
1.507104217854217723e+02 3.032695195195195037e+00 1.114912639912639891e+00
1.508282282282282267e+02 3.089619164619164415e+00 1.158534671034671115e+00
1.508599337974337971e+02 3.016625716625716436e+00 1.145369232869232867e+00
1.507197037947038041e+02 2.888701201201201219e+00 1.095659295659295651e+00
1.506137899262899396e+02 2.847065247065247107e+00 1.067659705159705208e+00
1.506463110838110708e+02 2.847198334698334499e+00 1.064533852033852090e+00
1.507271976521976455e+02 2.899143461643461706e+00 1.067843980343980315e+00
1.507621655746655733e+02 2.917502730002730083e+00 1.068775593775593835e+00
1.508611145236145319e+02 2.918437755937755895e+00 1.099218536718536754e+00
1.510840738465738582e+02 2.955391755391755471e+00 1.177921102921102969e+00
1.511441680316680447e+02 2.952460414960414781e+00 1.180241605241605152e+00
1.510595925470925351e+02 2.980797843297843475e+00 1.174515424515424566e+00
1.511225771225771268e+02 2.991369778869779061e+00 1.208432295932295952e+00
1.513121723996723915e+02 3.014052689052689082e+00 1.260885885885885793e+00
1.517255187005187054e+02 3.090291427791427736e+00 1.362237237237237331e+00
1.520062585312585384e+02 3.170130357630357665e+00 1.447802347802347844e+00
1.522332992082992007e+02 3.219744744744744924e+00 1.518311493311493399e+00
1.523866161616161605e+02 3.274239011739011662e+00 1.517936117936117935e+00
1.525600020475020528e+02 3.310469560469560424e+00 1.529316816816816749e+00
1.525172638547638542e+02 3.294345481845482038e+00 1.533903221403221329e+00
1.516924822549822522e+02 3.094229456729456817e+00 1.404333879333879320e+00
1.498616809991810044e+02 2.472358722358722449e+00 1.126648239148239083e+00
1.490508701883701974e+02 2.132480207480207390e+00 1.002975702975702932e+00
1.489615444990444928e+02 2.073713486213486057e+00 9.789619164619164371e-01
1.493940281190281212e+02 2.230872918372918345e+00 1.030234780234780212e+00
1.499928508053507983e+02 2.468301255801255589e+00 1.140216352716352688e+00
1.503847699972699843e+02 2.609336609336609492e+00 1.132702020202020154e+00
1.505517130767130709e+02 2.707920420420420360e+00 1.146328146328146280e+00
1.506899433524433505e+02 2.799474474474474395e+00 1.167260442260442233e+00
1.507609950859950914e+02 2.849706524706524746e+00 1.200313950313950384e+00
1.507595481845481800e+02 2.877300027300027097e+00 1.172334834834834805e+00
1.506996075621075590e+02 2.892656292656292649e+00 1.185971198471198473e+00
1.506981777231777357e+02 2.891158203658203529e+00 1.198498498498498543e+00
1.506755562380562310e+02 2.903183865683865772e+00 1.136790199290199199e+00
1.507634350259350242e+02 2.954436254436254572e+00 1.153876603876603957e+00
1.509939905814905785e+02 3.032442669942669866e+00 1.200563063063063041e+00
1.511748464373464458e+02 3.108326508326508364e+00 1.227914277914277985e+00
1.513739694239694131e+02 3.143147693147692934e+00 1.304176904176904239e+00
1.515004538629538615e+02 3.201825689325689339e+00 1.325771225771225748e+00
1.515905541905542009e+02 3.202006552006551932e+00 1.332565520065519982e+00
1.517720413595413618e+02 3.223611111111110983e+00 1.335875648375648428e+00
1.518070877695877812e+02 3.248515561015560937e+00 1.332429019929019853e+00
1.518917861042860977e+02 3.344464919464919639e+00 1.374474474474474572e+00
1.520599610974610982e+02 3.442028392028392059e+00 1.408224133224133201e+00
1.522235974610974552e+02 3.476167076167075987e+00 1.407951132951132944e+00
1.522869915369915361e+02 3.527337564837564887e+00 1.440226590226590275e+00
1.523938404313404362e+02 3.566086541086541217e+00 1.476777914277914272e+00
1.523964817089816961e+02 3.574000136500136371e+00 1.428753753753753797e+00
1.522181511056511169e+02 3.483449358449358435e+00 1.344048594048594003e+00
1.512398682773682879e+02 3.180361042861042709e+00 1.186616161616161680e+00
1.505310060060060096e+02 2.947130084630084745e+00 1.017704067704067628e+00
1.504287503412503497e+02 2.861646874146874353e+00 1.002351214851214811e+00
1.508032998907998774e+02 2.999604149604149672e+00 1.071689871689871731e+00
1.514245120120120021e+02 3.174088861588861388e+00 1.247358722358722360e+00
1.520821150696150710e+02 3.372014059514059525e+00 1.425402675402675401e+00
1.526441134316134196e+02 3.498153835653835753e+00 1.532504095004094902e+00
1.529563165438165413e+02 3.567458367458367530e+00 1.571334971334971353e+00
1.531929804804804860e+02 3.636356811356811214e+00 1.629709254709254651e+00
1.532503276003276085e+02 3.645481845481845617e+00 1.646734234234234151e+00
1.531682330057330148e+02 3.615131040131040141e+00 1.598993311493311476e+00
1.528126296751296707e+02 3.517004504504504414e+00 1.550464100464100436e+00
1.524206012831012913e+02 3.436223723723723644e+00 1.467567567567567677e+00
1.521099167349167374e+02 3.372437209937209968e+00 1.407766857766857838e+00
1.520129299754299836e+02 3.428610428610428418e+00 1.396236008736008838e+00
1.520427416052416163e+02 3.475511875511875459e+00 1.433039858039858006e+00
1.521505733005733134e+02 3.525559650559650482e+00 1.449839612339612449e+00
1.522352545727545703e+02 3.586817499317499269e+00 1.433435708435708333e+00
1.523628378378378443e+02 3.635527573027573123e+00 1.420413595413595464e+00
1.525266175266175139e+02 3.716263991263991429e+00 1.455040267540267607e+00
1.526331865956865954e+02 3.743120393120392908e+00 1.525767813267813189e+00
1.527723996723996720e+02 3.795410182910182950e+00 1.550034125034124965e+00
1.528235701610701653e+02 3.783026208026207815e+00 1.534449221949221842e+00
1.527767574392574375e+02 3.763578351078351147e+00 1.496778596778596704e+00
1.528361486486486456e+02 3.738452088452088429e+00 1.524621212121212155e+00
1.529012865137865163e+02 3.734739284739284848e+00 1.502890390390390296e+00
1.529001057876057814e+02 3.729559104559104554e+00 1.521041496041495966e+00
1.525225054600054477e+02 3.595304395304395495e+00 1.446996996996996909e+00
1.510896942396942393e+02 3.184565247065247018e+00 1.256879606879606870e+00
1.503186117936117796e+02 2.860892710892710689e+00 1.123901173901173944e+00
1.500401651651651775e+02 2.713878651378651252e+00 1.090400627900627972e+00
1.501171717171717148e+02 2.787793475293475431e+00 1.112059787059787030e+00
1.505873634998634998e+02 3.022515697515697486e+00 1.173843161343161245e+00
1.511014366639366528e+02 3.187902675402675357e+00 1.288315588315588345e+00
1.514299822549822636e+02 3.302446764946764812e+00 1.361906224406224331e+00
1.516143222768222643e+02 3.433824733824733855e+00 1.377388752388752469e+00
1.516720823095823221e+02 3.500624488124488121e+00 1.360469560469560468e+00
1.515936425061425155e+02 3.542478842478842260e+00 1.340417690417690322e+00
1.516278084903084959e+02 3.628613841113841332e+00 1.337110974610974612e+00
1.514871041496041357e+02 3.624757712257712150e+00 1.317359404859404837e+00
1.513679634179634093e+02 3.641513104013104130e+00 1.275440212940212925e+00
1.513975361725361779e+02 3.671594321594321642e+00 1.247874010374010467e+00
1.514436595686595695e+02 3.744069069069069222e+00 1.305330330330330302e+00
1.515269348894348980e+02 3.812844662844662835e+00 1.264373464373464317e+00
1.516440247065247036e+02 3.864728364728364784e+00 1.291069478569478512e+00
1.518186322686322569e+02 3.920997133497133635e+00 1.315431340431340468e+00
1.520486452361452336e+02 3.995730958230958141e+00 1.367158067158067203e+00
1.521581558831558709e+02 3.989574802074801863e+00 1.382312994812994855e+00
1.522825689325689211e+02 4.051341113841114172e+00 1.388592001092000983e+00
1.527148785148785066e+02 4.116786104286104475e+00 1.449017199017198942e+00
1.532292861042861034e+02 4.092581217581217956e+00 1.545939120939120892e+00
1.536013581763581897e+02 4.131879606879606648e+00 1.543755118755118838e+00
1.536200825825825689e+02 4.134643734643734803e+00 1.582903357903358010e+00
1.533512387387387435e+02 4.099078624078623889e+00 1.538858176358176344e+00
1.532301153426153348e+02 4.095232732732732472e+00 1.543775593775593702e+00
1.517224986349986295e+02 3.751228501228501155e+00 1.418922331422331373e+00
1.494339100464100341e+02 3.221515834015833857e+00 1.000788288288288364e+00
1.480934855309855323e+02 3.011520611520611457e+00 7.657487032487032552e-01
1.454838793338793437e+02 2.725614250614250444e+00 4.012865137865138099e-01
1.432765458640458576e+02 2.390417690417690366e+00 1.795522795522795645e-01
1.430872918372918434e+02 2.351150013650013637e+00 1.621177996177996239e-01
1.430879299754299723e+02 2.361739011739011573e+00 1.635920010920010881e-01
1.429041393666393560e+02 2.300136500136499951e+00 1.559445809445809406e-01
1.429370700245700334e+02 2.365281190281190327e+00 1.560230685230685199e-01
1.431282896532896416e+02 2.427330739830739770e+00 1.595652470652470789e-01
1.433062414687414616e+02 2.470464782964783002e+00 1.777027027027026918e-01
1.431165711165711230e+02 2.436124761124760951e+00 1.540847665847665804e-01
1.424948607698607645e+02 2.344635544635544466e+00 1.046921921921921961e-01
1.416229797979798093e+02 2.209602784602784808e+00 6.114182364182364077e-02
1.410255903630903731e+02 2.169679907179907108e+00 4.075211575211575010e-02
1.407462564837564969e+02 2.166861179361179168e+00 3.583469833469833665e-02
1.406870973245973175e+02 2.190451815451815332e+00 3.608722358722358386e-02
1.402056101556101453e+02 2.152985940485940386e+00 2.730685230685230697e-02
1.390568898443898433e+02 2.036994949494949303e+00 1.374556374556374500e-02
1.379783203658203661e+02 1.953235053235053309e+00 6.855719355719355583e-03
1.370558524433524497e+02 1.794239694239694316e+00 3.009828009828009916e-03
1.375090226590226621e+02 1.871133633633633719e+00 4.613704613704613759e-03
1.388293645918645893e+02 1.909534534534534478e+00 1.230207480207480206e-02
1.397260544635544761e+02 1.991199153699153790e+00 2.051255801255801384e-02
1.409261397761397632e+02 2.088800163800163645e+00 4.020270270270270146e-02
1.420722904722904616e+02 2.191397078897078909e+00 9.190895440895441304e-02
1.424985394485394465e+02 2.280640868140868083e+00 1.319273819273819315e-01
1.424044260169260099e+02 2.244703794703794664e+00 1.024501774501774543e-01
1.419961541086541104e+02 2.015018427518427302e+00 9.398375648375648095e-02
1.417908715533715451e+02 1.892588042588042585e+00 7.822140322140322399e-02
1.417298628173628288e+02 1.984920147420147440e+00 7.330739830739831098e-02
1.416314564564564478e+02 2.125098962598962693e+00 9.263923013923014427e-02
1.418149331149331260e+02 2.273501911001910791e+00 8.654449904449904030e-02
1.423708572208572321e+02 2.492881517881517794e+00 1.139844389844389821e-01
1.426416837291837396e+02 2.671693284193284335e+00 1.276651651651651564e-01
1.427250853125853212e+02 2.718963281463281589e+00 1.342410592410592518e-01
1.430193284193284171e+02 2.768929156429156269e+00 1.530985530985531085e-01
1.433499010374010254e+02 2.865274365274365298e+00 1.772659022659022754e-01
1.436486281736281683e+02 2.862213349713349508e+00 1.853637728637728688e-01
1.434872781872781786e+02 2.770973245973245902e+00 1.788970788970788983e-01
1.429908613158613093e+02 2.681845481845481771e+00 1.501842751842751844e-01
1.424263923013922977e+02 2.678163390663390597e+00 1.100634725634725697e-01
1.420660967785967728e+02 2.786305623805623632e+00 9.812994812994813021e-02
1.420289380289380290e+02 2.851153426153426373e+00 9.580262080262080815e-02
1.419485906360906426e+02 2.928791291291291454e+00 9.557398307398307091e-02
1.418163766038765914e+02 2.858159295659295829e+00 9.033920283920283956e-02
1.416210210210210221e+02 2.837308899808899998e+00 8.727818727818727196e-02
1.410434650559650436e+02 2.767898580398580499e+00 5.834698334698334987e-02
1.403833879333879224e+02 2.639185776685776474e+00 3.220038220038220350e-02
1.397901139776139701e+02 2.583985121485121272e+00 1.952634452634452802e-02
1.395370836745836698e+02 2.600487987987988081e+00 1.489216489216489171e-02
1.394433899808899753e+02 2.604002866502866720e+00 1.786445536445536303e-02
1.392323437073437162e+02 2.577682227682227545e+00 1.582719082719082765e-02
1.391998259623259742e+02 2.692062517062517202e+00 1.507302757302757257e-02
1.396436595686595581e+02 2.770683183183183296e+00 1.976521976521976656e-02
1.402246177996177892e+02 2.891219628719628787e+00 3.594731094731094811e-02
1.402225873600873740e+02 2.899815724815725027e+00 2.303098553098553020e-02
1.400081490581490584e+02 2.907121894621894409e+00 2.287742287742287883e-02
1.392587598962599031e+02 2.875324187824187749e+00 1.307671307671307709e-02
1.377229661479661615e+02 2.761568386568386657e+00 5.173355173355173239e-03
1.376775935025935098e+02 2.788298525798525773e+00 3.576303576303576336e-03
1.392030166530166468e+02 2.943277368277368300e+00 1.696696696696696829e-02
1.402527061152061094e+02 2.993700518700518565e+00 3.767062517062517296e-02
1.406516687141687214e+02 2.992270679770679731e+00 4.953248703248703394e-02
1.414891960141960112e+02 3.113086950586950508e+00 8.727136227136227109e-02
1.431288220038219947e+02 3.251214851214851098e+00 1.884077259077259203e-01
1.440824324324324266e+02 3.435541223041223002e+00 2.576064701064700868e-01
1.454510101010100982e+02 3.682367594867594907e+00 3.902880152880152664e-01
1.467177347802347924e+02 3.917321867321867490e+00 5.363022113022113402e-01
1.466931749931750062e+02 3.933862271362271290e+00 5.494232869232869021e-01
1.460415199290199268e+02 3.759906497406497294e+00 4.723826098826098829e-01
1.460329443079443195e+02 3.774133224133223941e+00 4.644110019110019305e-01
1.461748976248976248e+02 3.837172399672399870e+00 4.851044226044226026e-01
1.463590772590772531e+02 3.913394075894075730e+00 5.111895986895986788e-01
1.466210312585312465e+02 4.037380562380562310e+00 5.206831831831831847e-01
1.468380869505869555e+02 4.086988124488124541e+00 5.394690144690145184e-01
1.469719150969150974e+02 4.126815451815451397e+00 5.742253617253617604e-01
1.469560947310947370e+02 4.139475839475839081e+00 5.153562653562653306e-01
1.471928508053508153e+02 4.145485257985257910e+00 5.538834288834288966e-01
1.474193557193557069e+02 4.194761807261807363e+00 5.943352443352443171e-01
1.473759282009282003e+02 4.161360223860223861e+00 5.761602511602511578e-01
1.472554531804531734e+02 4.163909363909364281e+00 5.824085449085448785e-01
1.472392130767130709e+02 4.190670215670215804e+00 5.949767949767950093e-01
1.473397522522522536e+02 4.241881654381653988e+00 6.425129675129674922e-01
1.475182125307125318e+02 4.348239148239148477e+00 6.351726726726726335e-01
1.475037469287469207e+02 4.371522659022659241e+00 6.577088452088452053e-01
1.474217990717990858e+02 4.338660251160250780e+00 6.428576303576303275e-01
1.471764878514878490e+02 4.259981572481572165e+00 6.006210756210755841e-01
1.471179156429156478e+02 4.212080262080261761e+00 6.188847938847938934e-01
1.474029995904996042e+02 4.305756893256893036e+00 6.414789789789789864e-01
1.477837257712257610e+02 4.386698061698061757e+00 6.201747201747201954e-01
1.479697379197379234e+02 4.427730002730002390e+00 6.591079716079716322e-01
1.479176733551733491e+02 4.426498088998089386e+00 6.476317226317226394e-01
1.480420693420693397e+02 4.484264946764946913e+00 6.284466284466284636e-01
1.482568557193557126e+02 4.552050914550914484e+00 6.696082446082446404e-01
1.483173832923832833e+02 4.574570024570024707e+00 6.362373737373737681e-01
1.483697174447174518e+02 4.617038629538629202e+00 6.804429429429429410e-01
1.485241502866502969e+02 4.671580671580671584e+00 6.741025116025115560e-01
1.487188813813813795e+02 4.774501774501774598e+00 6.809718809718809940e-01
1.487681442806442931e+02 4.846003958503958486e+00 6.935469560469560424e-01
1.487977648102648232e+02 4.871392983892984141e+00 7.235974610974611476e-01
1.488900730275730382e+02 4.912390799890800075e+00 7.496723996723996253e-01
1.491804258804258723e+02 4.978719628719629142e+00 7.932398307398307313e-01
1.495277265902265924e+02 5.027818727818727851e+00 7.754641004641004143e-01
1.496104729729729854e+02 5.087302074802074969e+00 7.369710619710619914e-01
1.496824972699972705e+02 5.083012558012558024e+00 7.371587496587496124e-01
1.498858312858312729e+02 5.129429429429429810e+00 7.659500409500409335e-01
1.499923286923286980e+02 5.193215943215943042e+00 7.715431340431340157e-01
1.499041939666939527e+02 5.124450586950587194e+00 7.647488397488397815e-01
1.498119676494676469e+02 5.084817772317772544e+00 7.836472836472836434e-01
1.497340431340431337e+02 5.053443215943215883e+00 7.730548730548730818e-01
1.492743584493584592e+02 5.017171717171716949e+00 7.474918099918099745e-01
1.484576064701064695e+02 4.969195331695331674e+00 6.624385749385749422e-01
1.481980889980889913e+02 4.971607971607971521e+00 5.655746655746656248e-01
1.478928303303303267e+02 4.963264400764400897e+00 5.354149604149603947e-01
1.475921205296205301e+02 4.914997952497952127e+00 4.940827190827190574e-01
1.471609370734370827e+02 4.816205978705978552e+00 4.675232050232050462e-01
1.472326201201201172e+02 4.843615206115206462e+00 4.267983892983893135e-01
1.471278050778050783e+02 4.822618072618072738e+00 4.457582582582582664e-01
1.469834766584766612e+02 4.771567021567021172e+00 4.632473382473382695e-01
1.471906122031122095e+02 4.824443761943761899e+00 4.618413868413868140e-01
1.477230548730548776e+02 4.917939530439530138e+00 5.160967785967786048e-01
1.480509077259077344e+02 5.000371962871962950e+00 5.945399945399945096e-01
1.483449392574392505e+02 5.059773409773409725e+00 6.023853398853399321e-01
1.485928712803712699e+02 5.138216625716625963e+00 6.502934752934752538e-01
1.488068181818181870e+02 5.225426562926562823e+00 6.710687960687961029e-01
1.489531804531804653e+02 5.244185094185094265e+00 6.812005187005186757e-01
1.490956149331149447e+02 5.289800027300027629e+00 7.181306306306306508e-01
1.491565997815997946e+02 5.235435435435435103e+00 7.057364182364181948e-01
1.491064666939666949e+02 5.180183592683592408e+00 6.964612339612339387e-01
1.491270338520338612e+02 5.143140868140868349e+00 6.879982254982255352e-01
1.492510612885612886e+02 5.170567158067157720e+00 7.178542178542178798e-01
1.493464066339066392e+02 5.209630084630084923e+00 7.255494130494130056e-01
1.493670283920284021e+02 5.219130494130494569e+00 7.400559650559650482e-01
1.492754368004368075e+02 5.178091728091728463e+00 7.142710892710892878e-01
1.490678917553917415e+02 5.113564701064700735e+00 6.444034944034944257e-01
1.488141823641823578e+02 5.059026071526071533e+00 6.162332787332787110e-01
1.487536479661479802e+02 5.107746382746382707e+00 6.142096642096641634e-01
1.487300709800709910e+02 5.118202293202292807e+00 5.797399672399672355e-01
1.484012592137592037e+02 5.058568796068795947e+00 5.854866229866230176e-01
1.483310230685230806e+02 5.029381654381654521e+00 5.719594594594594739e-01
1.482067089817089709e+02 4.982425607425607694e+00 5.732937482937482399e-01
1.478114352989352938e+02 4.910152197652197792e+00 5.220174720174720617e-01
1.475988806988806914e+02 4.890745290745290852e+00 4.974133224133224229e-01
1.476628310128310204e+02 4.957381244881244875e+00 5.344560469560469818e-01
1.475805657930658015e+02 4.965588315588315815e+00 5.215738465738465335e-01
1.473096607971608023e+02 4.931162981162981573e+00 4.967956592956592754e-01
1.471366127491127429e+02 4.941188916188916203e+00 4.493072618072618263e-01
1.471077634452634584e+02 4.931569069069069222e+00 5.014196014196014017e-01
1.469104900354900280e+02 4.866707616707616424e+00 4.585756210756210538e-01
1.468986554736554808e+02 4.851757439257439408e+00 4.697106197106197256e-01
1.469968161343161341e+02 4.890847665847665837e+00 4.604217854217854122e-01
1.469300948675948746e+02 4.888206388206388198e+00 4.754811629811629969e-01
1.469700211575211597e+02 4.895563745563745961e+00 4.772727272727272929e-01
1.471772317772317820e+02 4.967601692601692598e+00 4.605719355719355979e-01
1.473534398034398123e+02 5.000999863499863807e+00 4.966455091455091453e-01
1.474368243243243342e+02 5.051306988806988585e+00 5.220720720720720687e-01
1.475578760578760580e+02 5.071365683865684204e+00 5.326678951678951446e-01
1.477054292929292956e+02 5.147259759759760023e+00 5.433626808626809135e-01
1.478771191646191596e+02 5.172198334698334676e+00 5.359029484029483870e-01
1.480351248976249110e+02 5.205968468468468835e+00 5.551972426972426877e-01
1.481605412230412355e+02 5.255306442806443101e+00 5.167315042315042684e-01
1.481787878787878867e+02 5.306661206661206442e+00 5.615649740649740762e-01
1.482127593502593470e+02 5.261974474474474306e+00 5.941612066612066423e-01
1.482946833196833154e+02 5.280292792792792511e+00 6.177279552279552055e-01
1.484954477204477143e+02 5.318099918099918000e+00 6.876842751842752177e-01
1.486498669123669174e+02 5.347986622986622862e+00 7.006210756210756729e-01
1.488373942123942015e+02 5.336309036309036635e+00 7.198095823095823631e-01
1.492165642915642820e+02 5.356538356538356638e+00 7.335756210756210205e-01
1.496969765219765236e+02 5.353217990717991093e+00 7.404518154518154871e-01
1.504220311220311146e+02 5.390772590772590966e+00 8.547570297570297182e-01
1.509165369915369865e+02 5.416816816816816704e+00 9.074324324324324342e-01
1.512268154518154404e+02 5.390547365547365466e+00 9.547740922740922676e-01
1.514413458913458896e+02 5.392939530439530671e+00 9.692977067977067707e-01
1.512736042861042733e+02 5.264550914550914840e+00 1.011981299481299557e+00
1.512640868140868236e+02 5.230309855309855038e+00 1.055214305214305259e+00
1.503390561015561104e+02 5.051689189189189300e+00 9.247269997269996766e-01
1.491222188097188166e+02 4.827412639912640024e+00 7.298901173901174433e-01
1.477655644280644367e+02 4.717444717444717384e+00 6.101863226863226686e-01
1.459190758940758883e+02 4.434449221949221531e+00 4.564871689871690119e-01
1.434335858585858716e+02 3.993598143598143579e+00 2.657214032214031962e-01
1.397074802074802164e+02 3.565601965601965517e+00 4.653630903630903703e-02
1.356353944853944995e+02 3.179432841932841924e+00 3.617253617253617104e-04
1.321640663390663519e+02 2.834725634725634880e+00 1.365001365001364986e-05
1.298049174174174141e+02 2.486960824460824337e+00 0.000000000000000000e+00
1.291544499044499048e+02 2.236322686322686160e+00 0.000000000000000000e+00
1.295593229593229694e+02 2.203057603057603231e+00 6.825006825006824932e-06
1.308110257985258045e+02 2.371130221130221205e+00 0.000000000000000000e+00
1.318949529074529039e+02 2.525481162981162875e+00 0.000000000000000000e+00
1.325653938028937944e+02 2.577450177450177460e+00 3.071253071253071177e-05
1.331423457548457634e+02 2.519751569751569775e+00 8.531258531258531801e-05
1.331636227136227149e+02 2.316769041769041859e+00 5.460005460005459946e-05
1.322574221949221851e+02 2.068908681408681449e+00 0.000000000000000000e+00
1.311551767676767781e+02 1.778555828555828500e+00 0.000000000000000000e+00
1.313115410865410979e+02 1.571587496587496524e+00 3.753753753753753586e-05
1.322132780507780581e+02 1.339690827190827216e+00 7.507507507507507171e-05
1.339784295659295594e+02 1.211332923832923791e+00 1.399126399126399242e-04
1.364010715260715187e+02 1.267301392301392271e+00 6.210756210756210663e-04
1.380025525525525438e+02 1.275880425880425939e+00 6.162981162981162955e-03
1.393446799071799092e+02 1.243809718809718801e+00 1.149672399672399710e-02
1.406789312039311994e+02 1.289393939393939315e+00 4.480616980616980438e-02
1.415033067158067297e+02 1.288373600873600866e+00 7.467922467922467888e-02
1.415343741468741428e+02 1.258145645645645683e+00 7.013035763035763148e-02
1.414409909909909970e+02 1.225460687960687967e+00 6.604900354900354598e-02
1.415827020202020208e+02 1.244420556920556864e+00 7.437551187551187659e-02
1.419566373191373145e+02 1.268069205569205549e+00 8.818250068250067797e-02
1.421946287196287244e+02 1.180842205842205894e+00 9.194307944307944513e-02
1.421153050778050897e+02 1.039428064428064458e+00 8.757507507507507338e-02
1.417198812448812362e+02 8.142983892983892691e-01 7.680862680862680925e-02
1.406918884793884672e+02 5.246246246246246692e-01 8.534671034671034717e-02
1.393098416598416520e+02 2.618004368004367977e-01 9.948812448812448250e-02
1.364015970515970650e+02 3.957480207480207346e-02 1.580671580671580770e-02
1.321107323232323267e+02 3.849303849303849136e-03 3.617253617253617104e-03
1.276234643734643726e+02 0.000000000000000000e+00 0.000000000000000000e+00
1.242793236418236376e+02 0.000000000000000000e+00 0.000000000000000000e+00
1.224838759213759261e+02 0.000000000000000000e+00 0.000000000000000000e+00
1.219628753753753756e+02 0.000000000000000000e+00 0.000000000000000000e+00
1.222051460551460593e+02 0.000000000000000000e+00 0.000000000000000000e+00
1.224012796887796952e+02 0.000000000000000000e+00 0.000000000000000000e+00
1.227854149604149541e+02 0.000000000000000000e+00 0.000000000000000000e+00
1.231866980616980669e+02 0.000000000000000000e+00 0.000000000000000000e+00
1.242008360633360695e+02 0.000000000000000000e+00 3.412503412503412466e-06
1.249566339066339111e+02 0.000000000000000000e+00 3.412503412503412466e-06
1.253205910455910441e+02 0.000000000000000000e+00 0.000000000000000000e+00
1.251542929292929358e+02 0.000000000000000000e+00 3.412503412503412466e-06
1.247137387387387406e+02 0.000000000000000000e+00 0.000000000000000000e+00
1.250067431067431016e+02 0.000000000000000000e+00 6.825006825006824932e-06
1.270924037674037663e+02 0.000000000000000000e+00 0.000000000000000000e+00
1.277419806169806122e+02 0.000000000000000000e+00 0.000000000000000000e+00
1.294564325689325699e+02 0.000000000000000000e+00 6.142506142506142354e-05
1.308120017745017662e+02 0.000000000000000000e+00 1.330876330876330934e-04
1.319309684684684782e+02 0.000000000000000000e+00 4.470379470379470420e-04
1.330285524160524062e+02 0.000000000000000000e+00 6.586131586131585818e-04
1.335451986076986088e+02 0.000000000000000000e+00 2.593502593502593559e-03
1.335760305760305755e+02 1.706251706251706360e-05 3.238465738465738479e-03
1.331660831285831250e+02 2.730002730002729973e-05 1.948539448539448639e-03
1.316513104013104112e+02 0.000000000000000000e+00 2.013377013377013478e-04
1.308469594594594696e+02 1.535626535626535589e-04 1.672126672126672206e-04
1.297981708981708948e+02 1.228501228501228471e-04 1.092001092001091989e-04
1.288457343707343625e+02 1.979251979251979324e-04 6.825006825006824932e-06
1.275077293202293163e+02 5.460005460005460352e-04 0.000000000000000000e+00
1.263559377559377594e+02 4.265629265629265494e-04 0.000000000000000000e+00
1.251542007917007879e+02 5.869505869505869120e-04 0.000000000000000000e+00
1.243881825006825039e+02 9.896259896259897160e-04 0.000000000000000000e+00
1.240083401583401610e+02 8.770133770133770610e-04 0.000000000000000000e+00
1.232113192738192708e+02 7.951132951132950906e-04 0.000000000000000000e+00
1.226849542724542772e+02 1.539039039039039004e-03 0.000000000000000000e+00
1.225723962598962657e+02 2.446764946764946966e-03 0.000000000000000000e+00
1.224853774228774199e+02 3.419328419328419334e-03 0.000000000000000000e+00
1.224034261534261532e+02 8.616571116571117295e-03 0.000000000000000000e+00
1.223646908271908273e+02 1.870051870051870138e-02 0.000000000000000000e+00
1.222929327054327047e+02 3.659909909909909997e-02 0.000000000000000000e+00
1.220534295659295623e+02 4.945399945399945457e-02 0.000000000000000000e+00
1.215395236145236169e+02 8.912093912093911607e-02 0.000000000000000000e+00
1.213895816270816255e+02 1.115888615888615820e-01 0.000000000000000000e+00
1.213773887523887538e+02 1.133019383019382986e-01 0.000000000000000000e+00
1.212403972153972092e+02 1.066066066066066048e-01 0.000000000000000000e+00
1.207847699972700042e+02 1.038322413322413373e-01 0.000000000000000000e+00
1.200615103740103677e+02 9.289858039858039929e-02 0.000000000000000000e+00
1.195250238875238864e+02 1.102955227955227935e-01 0.000000000000000000e+00
1.191290950040950065e+02 1.157077532077532139e-01 0.000000000000000000e+00
1.188895236145236112e+02 1.113192738192738257e-01 0.000000000000000000e+00
1.188139844389844342e+02 1.065485940485940419e-01 0.000000000000000000e+00
1.188353774228774284e+02 1.065485940485940419e-01 0.000000000000000000e+00
1.189284398034398009e+02 1.066168441168441200e-01 1.057876057876057835e-04
1.189280303030302974e+02 1.068625443625443594e-01 0.000000000000000000e+00
1.189204238329238308e+02 9.359473109473109842e-02 0.000000000000000000e+00
1.187474952224952176e+02 9.828692328692328894e-02 0.000000000000000000e+00
1.189535387660387613e+02 1.059172809172809204e-01 0.000000000000000000e+00
1.192229183729183717e+02 1.264912639912639802e-01 0.000000000000000000e+00
1.196403460278460216e+02 1.184036309036309020e-01 7.507507507507507171e-05
1.199915813540813474e+02 1.277027027027027029e-01 0.000000000000000000e+00
1.203556852306852250e+02 1.299344799344799295e-01 0.000000000000000000e+00
1.207497474747474797e+02 1.450552825552825498e-01 0.000000000000000000e+00
1.208732425607425540e+02 1.541769041769041892e-01 0.000000000000000000e+00
1.207372611247611189e+02 1.526617526617526643e-01 0.000000000000000000e+00
1.203565110565110530e+02 1.546375921375921503e-01 0.000000000000000000e+00
1.200979627354627297e+02 1.553508053508053377e-01 0.000000000000000000e+00
1.200586472836472893e+02 1.565042315042315113e-01 0.000000000000000000e+00
1.200623976248976277e+02 1.493482118482118426e-01 0.000000000000000000e+00
1.201032145782145761e+02 1.512831012831012956e-01 0.000000000000000000e+00
1.200003241878241909e+02 1.606470106470106463e-01 0.000000000000000000e+00
1.199455330330330298e+02 1.509145509145509156e-01 0.000000000000000000e+00
1.198860462735462704e+02 1.416223041223041157e-01 0.000000000000000000e+00
1.198484165984166054e+02 1.608381108381108371e-01 0.000000000000000000e+00
1.198881654381654442e+02 1.537981162981162941e-01 0.000000000000000000e+00
1.197659841659841646e+02 1.582207207207207145e-01 0.000000000000000000e+00
1.195183353808353814e+02 1.727375102375102445e-01 0.000000000000000000e+00
1.192048150423150474e+02 1.598894348894348838e-01 0.000000000000000000e+00
1.188164004914004863e+02 1.810025935025935118e-01 0.000000000000000000e+00
1.187570092820092782e+02 1.830944580944580957e-01 0.000000000000000000e+00
1.187367765492765557e+02 1.935776685776685879e-01 0.000000000000000000e+00
1.187883633633633593e+02 1.799788424788424657e-01 0.000000000000000000e+00
1.187621621621621557e+02 1.949631449631449576e-01 0.000000000000000000e+00
1.187611657111657166e+02 1.914789789789789753e-01 0.000000000000000000e+00
1.187143905268905257e+02 1.905644280644280542e-01 0.000000000000000000e+00
1.187735189735189749e+02 1.796546546546546608e-01 0.000000000000000000e+00
1.186981333606333635e+02 1.865956865956865940e-01 0.000000000000000000e+00
1.186136329511329564e+02 1.868959868959869097e-01 0.000000000000000000e+00
1.185457173082173057e+02 1.758394758394758450e-01 0.000000000000000000e+00
1.184685333060333079e+02 1.925982800982800891e-01 0.000000000000000000e+00
1.183772761397761428e+02 1.879095004095004129e-01 0.000000000000000000e+00
1.183323573573573526e+02 1.858039858039857994e-01 0.000000000000000000e+00
1.184129026754026768e+02 1.835039585039585086e-01 0.000000000000000000e+00
1.184964305214305256e+02 1.896840021840021928e-01 0.000000000000000000e+00
1.185578658203658193e+02 1.973314223314223403e-01 0.000000000000000000e+00
1.186473518973518964e+02 1.883463008463008570e-01 0.000000000000000000e+00
1.184756586131586147e+02 1.791052416052416052e-01 0.000000000000000000e+00
1.183088725088725113e+02 1.714953589953590041e-01 0.000000000000000000e+00
1.182517915642915654e+02 1.710141960141960127e-01 0.000000000000000000e+00
1.181352545727545760e+02 1.881961506961506991e-01 0.000000000000000000e+00
1.180580296205296236e+02 1.891004641004641051e-01 0.000000000000000000e+00
1.179714305214305199e+02 1.748327873327873427e-01 0.000000000000000000e+00
1.177369539994540020e+02 1.808046683046682923e-01 0.000000000000000000e+00
1.174622201747201728e+02 1.987441987441987412e-01 0.000000000000000000e+00
1.173064359814359818e+02 1.863977613977614023e-01 0.000000000000000000e+00
1.172704716079716150e+02 1.705910455910455981e-01 0.000000000000000000e+00
1.171913970788970829e+02 1.561766311766311643e-01 0.000000000000000000e+00
1.169160660660660653e+02 1.571082446082446016e-01 0.000000000000000000e+00
1.166855685230685253e+02 1.576815451815451741e-01 0.000000000000000000e+00
1.166382098007098023e+02 1.623805623805623932e-01 0.000000000000000000e+00
1.167018700518700456e+02 1.589236964236964145e-01 0.000000000000000000e+00
1.167691202566202548e+02 1.471607971607971632e-01 0.000000000000000000e+00
1.167499761124761193e+02 1.511841386841386858e-01 0.000000000000000000e+00
1.167055180180180116e+02 1.584527709527709660e-01 0.000000000000000000e+00
1.166089134589134630e+02 1.566475566475566406e-01 0.000000000000000000e+00
1.163768427518427586e+02 1.470550095550095526e-01 0.000000000000000000e+00
1.161346369096369102e+02 1.521567021567021560e-01 0.000000000000000000e+00
1.158194069069069059e+02 1.448846573846573893e-01 0.000000000000000000e+00
1.157903255528255499e+02 1.351351351351351426e-01 0.000000000000000000e+00
1.157685640185640210e+02 1.299686049686049616e-01 0.000000000000000000e+00
1.157629948129948190e+02 1.223962598962598930e-01 0.000000000000000000e+00
1.154208265083265132e+02 1.095584220584220614e-01 0.000000000000000000e+00
1.149036377286377331e+02 1.050880425880425934e-01 2.047502047502047564e-05
1.146675573300573348e+02 1.103842478842478880e-01 0.000000000000000000e+00
1.144758224133224189e+02 1.124180999180999230e-01 0.000000000000000000e+00
1.144437858312858367e+02 1.102545727545727605e-01 0.000000000000000000e+00
1.142641380016380026e+02 1.060913185913185952e-01 0.000000000000000000e+00
1.139764571389571444e+02 8.624078624078623800e-02 0.000000000000000000e+00
1.135457446082446040e+02 6.988124488124487776e-02 0.000000000000000000e+00
1.133908033033033007e+02 6.088247338247338575e-02 0.000000000000000000e+00
1.135325962325962337e+02 6.263308763308762794e-02 0.000000000000000000e+00
1.139500682500682558e+02 8.848962598962599457e-02 0.000000000000000000e+00
1.142602238602238600e+02 1.036889161889161942e-01 0.000000000000000000e+00
1.145357050232050256e+02 1.040779415779415767e-01 0.000000000000000000e+00
1.146460483210483261e+02 1.208026208026208026e-01 0.000000000000000000e+00
1.146508394758394758e+02 1.062073437073437071e-01 0.000000000000000000e+00
1.146365274365274303e+02 1.098348348348348325e-01 0.000000000000000000e+00
1.145400593775593734e+02 1.051119301119301103e-01 0.000000000000000000e+00
1.144434206934206912e+02 9.828692328692328894e-02 0.000000000000000000e+00
1.143406770406770363e+02 9.464578214578214799e-02 0.000000000000000000e+00
1.142975907725907661e+02 9.033920283920283956e-02 0.000000000000000000e+00
1.143490581490581519e+02 1.032077532077532028e-01 0.000000000000000000e+00
1.145747781872781843e+02 1.140015015015014982e-01 0.000000000000000000e+00
1.147475225225225159e+02 1.302381927381927318e-01 0.000000000000000000e+00
1.148923321048321071e+02 1.241161616161616105e-01 0.000000000000000000e+00
1.151558899808899810e+02 1.210756210756210732e-01 0.000000000000000000e+00
1.152150525525525495e+02 1.452805077805077727e-01 0.000000000000000000e+00
1.153765629265629258e+02 1.363909363909363848e-01 0.000000000000000000e+00
1.154744949494949537e+02 1.346232596232596335e-01 0.000000000000000000e+00
1.156164516789516767e+02 1.432944307944307993e-01 0.000000000000000000e+00
1.156791803166803163e+02 1.446082446082446182e-01 0.000000000000000000e+00
1.157398716898716913e+02 1.499044499044498990e-01 0.000000000000000000e+00
1.157298559923559935e+02 1.469321594321594260e-01 0.000000000000000000e+00
1.157617867867867858e+02 1.502968877968877959e-01 0.000000000000000000e+00
1.158077395577395521e+02 1.470277095277095214e-01 0.000000000000000000e+00
1.159294362544362542e+02 1.519929019929019964e-01 0.000000000000000000e+00
1.160826508326508275e+02 1.620495495495495597e-01 0.000000000000000000e+00
1.161986895986895973e+02 1.678030303030303150e-01 0.000000000000000000e+00
1.163192396942396982e+02 1.607152607152607104e-01 0.000000000000000000e+00
1.163040779415779440e+02 1.571423696423696337e-01 0.000000000000000000e+00
1.160539755664755717e+02 1.361315861315861298e-01 0.000000000000000000e+00
1.156814701064701012e+02 1.020748020748020735e-01 0.000000000000000000e+00
1.154486418236418217e+02 9.947447447447448077e-02 0.000000000000000000e+00
1.155485155610155630e+02 1.026173901173901143e-01 0.000000000000000000e+00
1.157862066612066627e+02 1.168134043134043121e-01 0.000000000000000000e+00
1.160449051324051339e+02 1.303439803439803424e-01 0.000000000000000000e+00
1.162772010647010603e+02 1.323539448539448604e-01 0.000000000000000000e+00
1.163970481845481828e+02 1.285899535899535928e-01 0.000000000000000000e+00
1.164306511056511084e+02 1.234097734097734100e-01 0.000000000000000000e+00
1.163724918099918142e+02 1.155814905814905869e-01 0.000000000000000000e+00
1.162885749385749392e+02 1.005357630357630316e-01 0.000000000000000000e+00
1.161896737646737705e+02 8.697447447447446967e-02 0.000000000000000000e+00
1.161055965055965089e+02 7.127354627354627603e-02 0.000000000000000000e+00
1.160582821457821439e+02 6.394348894348894641e-02 0.000000000000000000e+00
1.161026924651924617e+02 5.066202566202566288e-02 0.000000000000000000e+00
1.161026344526344474e+02 4.102852852852852811e-02 0.000000000000000000e+00
1.161568523068523007e+02 3.878310128310128585e-02 0.000000000000000000e+00
1.161204101829101774e+02 4.158476658476658455e-02 0.000000000000000000e+00
1.160761773136773201e+02 3.288288288288288008e-02 0.000000000000000000e+00
1.160634896259896323e+02 2.693830193830193745e-02 0.000000000000000000e+00
1.160673082173082236e+02 2.926562926562926645e-02 0.000000000000000000e+00
1.160895475020475089e+02 2.864455364455364625e-02 0.000000000000000000e+00
1.160484370734370714e+02 2.832036582036582054e-02 0.000000000000000000e+00
1.159240752115752144e+02 2.920761670761670703e-02 0.000000000000000000e+00
1.157970277095277112e+02 2.454272454272454426e-02 0.000000000000000000e+00
1.156580773955773935e+02 2.588725088725088788e-02 0.000000000000000000e+00
1.155145406770406709e+02 2.237919737919737834e-02 0.000000000000000000e+00
1.153940963690963741e+02 3.016311766311766465e-02 0.000000000000000000e+00
1.153599133224133197e+02 2.653221403221403193e-02 0.000000000000000000e+00
1.153683422058422110e+02 2.171375921375921433e-02 0.000000000000000000e+00
1.152807330057330120e+02 2.275798525798525956e-02 0.000000000000000000e+00
1.151767130767130709e+02 2.176153426153426204e-02 0.000000000000000000e+00
1.150260510510510557e+02 1.619915369915369760e-02 0.000000000000000000e+00
1.149257439257439302e+02 2.156019656019655950e-02 0.000000000000000000e+00
1.147489114114114130e+02 1.489557739557739562e-02 0.000000000000000000e+00
1.145672092547092547e+02 1.711029211029211142e-02 0.000000000000000000e+00
1.145535421785421732e+02 1.631517881517881643e-02 0.000000000000000000e+00
1.145188540813540783e+02 1.336677586677586724e-02 0.000000000000000000e+00
1.146057739557739552e+02 1.589544089544089531e-02 0.000000000000000000e+00
1.146188574938574902e+02 1.607289107289107399e-02 0.000000000000000000e+00
1.146487783237783304e+02 1.711711711711711575e-02 0.000000000000000000e+00
1.146747269997269996e+02 1.861179361179361030e-02 0.000000000000000000e+00
1.147308524433524468e+02 1.696696696696696829e-02 0.000000000000000000e+00
1.147602511602511584e+02 1.436322686322686303e-02 0.000000000000000000e+00
1.147033544908544940e+02 1.469082719082719091e-02 0.000000000000000000e+00
1.145692874692874739e+02 1.399808899808899741e-02 0.000000000000000000e+00
1.145830739830739873e+02 1.303917553917553936e-02 0.000000000000000000e+00
1.145886568386568456e+02 1.432227682227682312e-02 0.000000000000000000e+00
1.145990103740103763e+02 1.532896532896532889e-02 0.000000000000000000e+00
1.145674686049686102e+02 1.498430248430248496e-02 0.000000000000000000e+00
1.144269587769587702e+02 1.090636090636090683e-02 0.000000000000000000e+00
1.142279415779415785e+02 1.812721812721812889e-02 0.000000000000000000e+00
1.140147181272181314e+02 1.512421512421512418e-02 0.000000000000000000e+00
1.137428303303303352e+02 1.170147420147420181e-02 0.000000000000000000e+00
1.135700211575211540e+02 1.088929838929838904e-02 0.000000000000000000e+00
1.135021464646464580e+02 9.391209391209390592e-03 0.000000000000000000e+00
1.134047775047774991e+02 6.872781872781872498e-03 0.000000000000000000e+00
1.133351044226044166e+02 5.770543270543270452e-03 0.000000000000000000e+00
1.132759930384930414e+02 6.449631449631449201e-03 0.000000000000000000e+00
1.132534295659295651e+02 6.364318864318864628e-03 0.000000000000000000e+00
1.131899433524433505e+02 6.647556647556647838e-03 0.000000000000000000e+00
1.130738158613158646e+02 6.613431613431613142e-03 4.436254436254435994e-05
1.130273102648102679e+02 6.241468741468741456e-03 0.000000000000000000e+00
1.129642403767403778e+02 5.961643461643461282e-03 0.000000000000000000e+00
1.129159568659568720e+02 5.388342888342887924e-03 0.000000000000000000e+00
1.128055077805077815e+02 4.446491946491946783e-03 0.000000000000000000e+00
1.125337189462189400e+02 2.849440349440349445e-03 0.000000000000000000e+00
1.121640970515970537e+02 1.426426426426426457e-03 0.000000000000000000e+00
1.118597870597870667e+02 9.793884793884793070e-04 0.000000000000000000e+00
1.114747235872235933e+02 9.486759486759486224e-04 0.000000000000000000e+00
1.109896055146055147e+02 4.026754026754026956e-04 0.000000000000000000e+00
1.106897624897624866e+02 3.071253071253071177e-05 0.000000000000000000e+00
1.107006995631995636e+02 6.142506142506142354e-05 0.000000000000000000e+00
1.108258531258531292e+02 1.194376194376194317e-04 0.000000000000000000e+00
1.109790267540267479e+02 2.252252252252252287e-04 0.000000000000000000e+00
1.111667144417144470e+02 4.436254436254436265e-04 0.000000000000000000e+00
1.112210380835380903e+02 3.549003549003548795e-04 0.000000000000000000e+00
1.112875955500955456e+02 3.822003822003822030e-04 0.000000000000000000e+00
1.113055419055419009e+02 1.638001638001638051e-04 0.000000000000000000e+00
1.112450211575211512e+02 2.934752934752934560e-04 0.000000000000000000e+00
1.111525423150423109e+02 2.286377286377286441e-04 0.000000000000000000e+00
1.110193727818727751e+02 1.638001638001638051e-04 0.000000000000000000e+00
1.109136841386841326e+02 7.507507507507507171e-05 0.000000000000000000e+00
1.109161547911547956e+02 4.436254436254435994e-05 0.000000000000000000e+00
1.109684002184002196e+02 9.213759213759213531e-05 0.000000000000000000e+00
1.110305692055692077e+02 1.842751842751842706e-04 0.000000000000000000e+00
1.111102443352443316e+02 1.740376740376740243e-04 0.000000000000000000e+00
1.110956900081900045e+02 1.638001638001638051e-04 0.000000000000000000e+00
1.110817908817908801e+02 1.740376740376740243e-04 0.000000000000000000e+00
1.111239455364455324e+02 3.378378378378378566e-04 0.000000000000000000e+00
1.111504163254163302e+02 1.911001911001911015e-04 0.000000000000000000e+00
1.111656463281463232e+02 1.262626262626262625e-04 0.000000000000000000e+00
1.111202122577122537e+02 4.163254163254163031e-04 0.000000000000000000e+00
1.110565178815178768e+02 4.641004641004641191e-04 0.000000000000000000e+00
1.109196355446355398e+02 7.507507507507507171e-05 0.000000000000000000e+00
1.108022488397488416e+02 6.483756483756483897e-05 0.000000000000000000e+00
1.107243959868959848e+02 6.142506142506142354e-05 0.000000000000000000e+00
1.106630425880425861e+02 2.388752388752388769e-05 0.000000000000000000e+00
1.106645509145509152e+02 4.095004095004095129e-05 0.000000000000000000e+00
1.107713042588042640e+02 1.365001365001364986e-05 0.000000000000000000e+00
1.109792007917007908e+02 3.071253071253071177e-05 0.000000000000000000e+00
1.112003617253617307e+02 2.457002457002456942e-04 0.000000000000000000e+00
1.114010783510783540e+02 1.706251706251706360e-04 0.000000000000000000e+00
1.115794840294840355e+02 2.559377559377559405e-04 0.000000000000000000e+00
1.117308968058968048e+02 2.354627354627354750e-04 0.000000000000000000e+00
1.116651173901173877e+02 1.365001365001364986e-05 0.000000000000000000e+00
1.114811766311766377e+02 1.672126672126672206e-04 0.000000000000000000e+00
1.112461848211848263e+02 0.000000000000000000e+00 0.000000000000000000e+00
1.113092785967785971e+02 0.000000000000000000e+00 0.000000000000000000e+00
1.119683592683592650e+02 1.706251706251706360e-05 0.000000000000000000e+00
1.128317328692328658e+02 4.026754026754026956e-04 0.000000000000000000e+00
1.135504231504231569e+02 5.698880698880698890e-04 0.000000000000000000e+00
1.141147044772044836e+02 1.071526071526071469e-03 0.000000000000000000e+00
1.146643018018017983e+02 1.620939120939120974e-03 0.000000000000000000e+00
1.152313540813540840e+02 1.368413868413868341e-03 0.000000000000000000e+00
1.157299720174720221e+02 1.300163800163800249e-03 0.000000000000000000e+00
1.162910933660933637e+02 1.351351351351351426e-03 0.000000000000000000e+00
1.170140117390117354e+02 8.497133497133497375e-04 0.000000000000000000e+00
1.176166564291564356e+02 9.077259077259077456e-04 0.000000000000000000e+00
1.181020816270816312e+02 1.433251433251433180e-03 0.000000000000000000e+00
1.183191270816270873e+02 8.599508599508599296e-04 0.000000000000000000e+00
1.181852477477477521e+02 1.047638547638547616e-03 0.000000000000000000e+00
1.180724645099645045e+02 4.265629265629265494e-04 0.000000000000000000e+00
1.185193864318864314e+02 4.572754572754572882e-04 0.000000000000000000e+00
1.192938301938301890e+02 2.491127491127491096e-04 0.000000000000000000e+00
1.198338144963145027e+02 8.872508872508871988e-05 0.000000000000000000e+00
1.203247713622713633e+02 1.467376467376467280e-04 0.000000000000000000e+00
1.209517949767949716e+02 2.695877695877696022e-04 0.000000000000000000e+00
1.216337496587496645e+02 1.672126672126672206e-04 0.000000000000000000e+00
1.224096812721812739e+02 3.310128310128310257e-04 0.000000000000000000e+00
1.230651037401037371e+02 5.494130494130493965e-04 0.000000000000000000e+00
1.234979934479934514e+02 9.759759759759759458e-04 0.000000000000000000e+00
1.237945502320502271e+02 2.968877968877968714e-03 0.000000000000000000e+00
1.241386807261807235e+02 3.378378378378378566e-03 0.000000000000000000e+00
1.244063438438438425e+02 4.644417144417144552e-03 0.000000000000000000e+00
1.246679156429156450e+02 6.695331695331695546e-03 0.000000000000000000e+00
1.250933012558012507e+02 9.200109200109199761e-03 3.412503412503412466e-06
1.254529518154518115e+02 1.198812448812448805e-02 0.000000000000000000e+00
1.257470618345618334e+02 1.515151515151515194e-02 2.388752388752388769e-05
1.259479490854490820e+02 1.801119301119301006e-02 6.825006825006824932e-06
1.261120154245154197e+02 1.867321867321867362e-02 3.412503412503412466e-06
1.261751535626535627e+02 2.732050232050231911e-02 0.000000000000000000e+00
1.259377388752388782e+02 2.585995085995086012e-02 0.000000000000000000e+00
1.255393291018290967e+02 1.808968058968058942e-02 0.000000000000000000e+00
1.252466693966693896e+02 1.318591318591318638e-02 0.000000000000000000e+00
1.250624419874419857e+02 9.766584766584766181e-03 0.000000000000000000e+00
1.249126569751569775e+02 1.078692328692328756e-02 0.000000000000000000e+00
1.248198334698334691e+02 1.213486213486213508e-02 0.000000000000000000e+00
1.247225873600873598e+02 1.283442533442533465e-02 0.000000000000000000e+00
1.246365581490581462e+02 1.362271362271362356e-02 0.000000000000000000e+00
1.245545454545454476e+02 1.073573573573573595e-02 0.000000000000000000e+00
1.244660285285285255e+02 9.613022113022113083e-03 0.000000000000000000e+00
1.243722119847119814e+02 9.077259077259076589e-03 3.412503412503412466e-06
1.242976726726726753e+02 8.910046410046409612e-03 0.000000000000000000e+00
1.242115581490581491e+02 9.732459732459732352e-03 0.000000000000000000e+00
1.242835176085176130e+02 1.071867321867321816e-02 0.000000000000000000e+00
1.243912844662844606e+02 1.180726180726180720e-02 0.000000000000000000e+00
1.244182739557739552e+02 1.196764946764946810e-02 0.000000000000000000e+00
1.243196730821730824e+02 1.275935025935025918e-02 0.000000000000000000e+00
1.243371416871416812e+02 1.418918918918918998e-02 0.000000000000000000e+00
1.243707104832104875e+02 1.538015288015288050e-02 0.000000000000000000e+00
1.244641755391755424e+02 1.803166803166803001e-02 6.825006825006824932e-06
1.245561083811083876e+02 2.308558558558558571e-02 0.000000000000000000e+00
1.245508701883701832e+02 2.265902265902266025e-02 1.365001365001364986e-05
1.245357186732186676e+02 2.215397215397215541e-02 0.000000000000000000e+00
1.246319205569205621e+02 2.082992082992082827e-02 0.000000000000000000e+00
1.246221539721539671e+02 2.060810810810810925e-02 6.825006825006824932e-06
1.246194990444990509e+02 2.414687414687414699e-02 0.000000000000000000e+00
1.245370597870597891e+02 2.347119847119847127e-02 0.000000000000000000e+00
1.244734711984712021e+02 2.203112203112203224e-02 0.000000000000000000e+00
1.244138923013922948e+02 2.186732186732186570e-02 0.000000000000000000e+00
1.243569410319410338e+02 2.114387114387114228e-02 0.000000000000000000e+00
1.243072515697515712e+02 1.906224406224406309e-02 0.000000000000000000e+00
1.242282760032760081e+02 1.877900627900627728e-02 0.000000000000000000e+00
1.241059650559650578e+02 1.710687960687960751e-02 0.000000000000000000e+00
1.239891107016106986e+02 1.710346710346710361e-02 0.000000000000000000e+00
1.238218161343161370e+02 1.659159159159159097e-02 0.000000000000000000e+00
1.232802074802074799e+02 1.035012285012285038e-02 0.000000000000000000e+00
1.227186561561561575e+02 1.170147420147420181e-02 0.000000000000000000e+00
1.224001706251706310e+02 8.439120939120938608e-03 0.000000000000000000e+00
1.224334732459732464e+02 9.370734370734370641e-03 0.000000000000000000e+00
1.226733142233142217e+02 9.391209391209390592e-03 0.000000000000000000e+00
1.229529074529074535e+02 1.130562380562380627e-02 0.000000000000000000e+00
1.232013684138684084e+02 1.276617526617526699e-02 0.000000000000000000e+00
1.233020952770952761e+02 1.065724815724815658e-02 0.000000000000000000e+00
1.234072959322959377e+02 1.404586404586404512e-02 0.000000000000000000e+00
1.233865820365820412e+02 1.465328965328965317e-02 0.000000000000000000e+00
1.233321491946491903e+02 1.483415233415233403e-02 0.000000000000000000e+00
1.232837735462735509e+02 1.663595413595413477e-02 0.000000000000000000e+00
1.231635476385476409e+02 1.455773955773955776e-02 0.000000000000000000e+00
1.230934616434616373e+02 1.216216216216216284e-02 0.000000000000000000e+00
1.231036377286377217e+02 1.247952497952497901e-02 0.000000000000000000e+00
1.231023170898170918e+02 1.333265083265083341e-02 0.000000000000000000e+00
1.230961950586950593e+02 1.601146601146601067e-02 0.000000000000000000e+00
1.231118482118482120e+02 2.074119574119574066e-02 0.000000000000000000e+00
1.230864250614250608e+02 1.880971880971880894e-02 0.000000000000000000e+00
1.230958026208026155e+02 1.586131586131585974e-02 0.000000000000000000e+00
1.231828453453453420e+02 1.446560196560196625e-02 0.000000000000000000e+00
1.232107766857766791e+02 1.689871689871689717e-02 0.000000000000000000e+00
1.231886466011466013e+02 1.686117936117936117e-02 0.000000000000000000e+00
1.232135920010919961e+02 1.723996723996723893e-02 4.777504777504777537e-05
1.232221915096915126e+02 1.903494403494403533e-02 3.412503412503412466e-06
1.231757132132132142e+02 2.047502047502047437e-02 0.000000000000000000e+00
1.231541223041223105e+02 2.026344526344526359e-02 3.412503412503412466e-06
1.231239523614523677e+02 2.243038493038492995e-02 0.000000000000000000e+00
1.231833572208572178e+02 2.525593775593775597e-02 3.412503412503412466e-06
1.232042144417144414e+02 2.708845208845208838e-02 0.000000000000000000e+00
1.232879402129402138e+02 2.153289653289653174e-02 0.000000000000000000e+00
1.234014639639639626e+02 3.108108108108108281e-02 0.000000000000000000e+00
1.234731913731913693e+02 2.786650286650286731e-02 0.000000000000000000e+00
1.234705637455637515e+02 3.087974337974338027e-02 0.000000000000000000e+00
1.232783408408408405e+02 2.908476658476658386e-02 0.000000000000000000e+00
1.227857698607698609e+02 2.557671307671307778e-02 0.000000000000000000e+00
1.222090431340431280e+02 1.817840567840567703e-02 0.000000000000000000e+00
1.220395304395304379e+02 1.188916188916188874e-02 0.000000000000000000e+00
1.221642574392574403e+02 1.249317499317499289e-02 0.000000000000000000e+00
1.224460517335517267e+02 1.353740103740103812e-02 0.000000000000000000e+00
1.227104763854763831e+02 2.077532077532077623e-02 0.000000000000000000e+00
1.230005596505596515e+02 2.263854763854763683e-02 0.000000000000000000e+00
1.233293645918645893e+02 2.859336609336609464e-02 0.000000000000000000e+00
1.235354183729183717e+02 2.818386568386568522e-02 0.000000000000000000e+00
1.236450484575484552e+02 2.854217854217854303e-02 6.825006825006824932e-06
1.235455227955227997e+02 3.116639366639366651e-02 0.000000000000000000e+00
1.234593741468741399e+02 2.719082719082719160e-02 0.000000000000000000e+00
1.233676085176085166e+02 2.978432978432978342e-02 0.000000000000000000e+00
1.233595754845754868e+02 3.138138138138138467e-02 0.000000000000000000e+00
1.234073983073983101e+02 3.730548730548730735e-02 0.000000000000000000e+00
1.234884828009827942e+02 3.871826371826371516e-02 0.000000000000000000e+00
1.236630562380562424e+02 4.228432978432978412e-02 0.000000000000000000e+00
1.238911479661479689e+02 4.711302211302210996e-02 7.507507507507507171e-05
1.240252695877695857e+02 5.091796341796341746e-02 3.412503412503412466e-06
1.241994369369369338e+02 5.990308490308490080e-02 0.000000000000000000e+00
1.243351351351351326e+02 6.904176904176903551e-02 0.000000000000000000e+00
1.243954818454818394e+02 7.184684684684684852e-02 0.000000000000000000e+00
1.244913015288015288e+02 7.304804804804804208e-02 0.000000000000000000e+00
1.245569376194376190e+02 8.044635544635544977e-02 0.000000000000000000e+00
1.245828658203658250e+02 8.469833469833469575e-02 0.000000000000000000e+00
1.245973416598416605e+02 8.238124488124487499e-02 0.000000000000000000e+00
1.246366298116298168e+02 8.436390936390936179e-02 0.000000000000000000e+00
1.247035217035217016e+02 1.044464919464919428e-01 0.000000000000000000e+00
1.247959049959049906e+02 1.077736827736827802e-01 0.000000000000000000e+00
1.248215670215670201e+02 1.099133224133224118e-01 0.000000000000000000e+00
1.249399126399126345e+02 1.232118482118482183e-01 0.000000000000000000e+00
1.250033340158340138e+02 1.262626262626262708e-01 0.000000000000000000e+00
1.250752764127764181e+02 1.383770133770133859e-01 0.000000000000000000e+00
1.250378139503139465e+02 1.238260988260988238e-01 0.000000000000000000e+00
1.245303064428064488e+02 9.643052143052142922e-02 0.000000000000000000e+00
1.234561834561834530e+02 2.777436527436527580e-02 0.000000000000000000e+00
1.227411923286923354e+02 1.743447993447993366e-02 0.000000000000000000e+00
1.225040608790608729e+02 1.516516516516516581e-02 0.000000000000000000e+00
1.226392437892437925e+02 1.551324051324051365e-02 0.000000000000000000e+00
1.230768837018837019e+02 2.048525798525798608e-02 0.000000000000000000e+00
1.233755767130767111e+02 2.747065247065247004e-02 0.000000000000000000e+00
1.234822788697788667e+02 3.264400764400764154e-02 0.000000000000000000e+00
1.235807534807534864e+02 3.589271089271089260e-02 0.000000000000000000e+00
1.236098245973246037e+02 3.781053781053780871e-02 0.000000000000000000e+00
1.234467683592683613e+02 4.058149058149058269e-02 0.000000000000000000e+00
1.233100839475839479e+02 3.858517608517608721e-02 0.000000000000000000e+00
1.231153938028938057e+02 3.833265083265083306e-02 0.000000000000000000e+00
1.228380835380835379e+02 3.165096915096914792e-02 0.000000000000000000e+00
1.227160865410865398e+02 2.853535353535353522e-02 0.000000000000000000e+00
1.226994642369642321e+02 3.671171171171171144e-02 0.000000000000000000e+00
1.227014776139776160e+02 3.425812175812175536e-02 0.000000000000000000e+00
1.226666598416598362e+02 3.463690963690963659e-02 0.000000000000000000e+00
1.225748259623259599e+02 3.354149604149603975e-02 0.000000000000000000e+00
1.224745939120939084e+02 4.299413049413049193e-02 0.000000000000000000e+00
1.223750170625170597e+02 4.223655473655473641e-02 0.000000000000000000e+00
1.222763923013923062e+02 4.783306033306033295e-02 0.000000000000000000e+00
1.222365308490308422e+02 5.197925197925198221e-02 0.000000000000000000e+00
1.222429088179088126e+02 4.522590772590772551e-02 0.000000000000000000e+00
1.221871280371280335e+02 5.083606333606333766e-02 0.000000000000000000e+00
1.222350122850122887e+02 4.663868413868414026e-02 0.000000000000000000e+00
1.223880630630630577e+02 4.891823641823642155e-02 0.000000000000000000e+00
1.224881313131313192e+02 5.146055146055145829e-02 0.000000000000000000e+00
1.225411855036854973e+02 5.316339066339066666e-02 0.000000000000000000e+00
1.226051904176904230e+02 5.038561288561288487e-02 0.000000000000000000e+00
1.226236657111657138e+02 5.121826371826371932e-02 0.000000000000000000e+00
1.225996314496314454e+02 5.160046410046410098e-02 0.000000000000000000e+00
1.225260442260442204e+02 4.998976248976248760e-02 0.000000000000000000e+00
1.224745256620256555e+02 4.954272454272454218e-02 0.000000000000000000e+00
1.224463725088725141e+02 4.917417417417417613e-02 0.000000000000000000e+00
1.221403528528528568e+02 5.398580398580398593e-02 0.000000000000000000e+00
1.215001467376467446e+02 5.347392847392847676e-02 0.000000000000000000e+00
1.208898136773136827e+02 4.087837837837837718e-02 0.000000000000000000e+00
1.206868720993720956e+02 4.020952770952770927e-02 0.000000000000000000e+00
1.208832787332787291e+02 3.426494676494676317e-02 0.000000000000000000e+00
1.212107050232050227e+02 4.920829920829920823e-02 0.000000000000000000e+00
1.216394451269451338e+02 4.713349713349713338e-02 0.000000000000000000e+00
1.220511602511602547e+02 5.486964236964236852e-02 0.000000000000000000e+00
1.225183319683319638e+02 5.686254436254436356e-02 0.000000000000000000e+00
1.231557364182364154e+02 6.892915642915642405e-02 0.000000000000000000e+00
1.236819785694785736e+02 7.890390390390390751e-02 0.000000000000000000e+00
1.237134043134043111e+02 8.522386022386022053e-02 0.000000000000000000e+00
1.234978569478569455e+02 7.773341523341523174e-02 6.825006825006824932e-06
1.229581456456456436e+02 8.362680862680862970e-02 0.000000000000000000e+00
1.219230651105651049e+02 8.277368277368277183e-02 0.000000000000000000e+00
1.211433217308217252e+02 6.347938847938848494e-02 0.000000000000000000e+00
1.203568454818454825e+02 2.285694785694785541e-02 0.000000000000000000e+00
1.191982732732732728e+02 3.989216489216488790e-03 0.000000000000000000e+00
1.179803337428337358e+02 1.600464100464100373e-03 0.000000000000000000e+00
1.162747850122850082e+02 9.009009009009009148e-04 0.000000000000000000e+00
1.158214066339066335e+02 1.603876603876603897e-04 0.000000000000000000e+00
1.156840260715260769e+02 1.160251160251160298e-04 0.000000000000000000e+00
1.157818625443625393e+02 3.412503412503412720e-04 0.000000000000000000e+00
1.159352818727818715e+02 2.422877422877422787e-04 0.000000000000000000e+00
1.160116298116298168e+02 5.084630084630084113e-04 0.000000000000000000e+00
1.160735496860496880e+02 4.709254709254709500e-04 0.000000000000000000e+00
1.161646942396942421e+02 2.149877149877149824e-04 0.000000000000000000e+00
1.163266107016107043e+02 1.876876876876876861e-04 0.000000000000000000e+00
1.164883360633360638e+02 2.422877422877422787e-04 0.000000000000000000e+00
1.165621996996997041e+02 2.832377832377832639e-04 0.000000000000000000e+00
1.166615103740103763e+02 5.869505869505869120e-04 0.000000000000000000e+00
1.167694239694239684e+02 4.777504777504777266e-04 0.000000000000000000e+00
1.168225771225771297e+02 5.971880971880972125e-04 0.000000000000000000e+00
1.168664858039858103e+02 5.562380562380562273e-04 0.000000000000000000e+00
1.168550778050778121e+02 5.221130221130220730e-04 0.000000000000000000e+00
1.166486588861588842e+02 4.060879060879061110e-04 0.000000000000000000e+00
1.160847222222222257e+02 1.911001911001911015e-04 0.000000000000000000e+00
1.156178712803712756e+02 1.365001365001365088e-04 0.000000000000000000e+00
1.152943796068796019e+02 2.047502047502047564e-05 0.000000000000000000e+00
1.150756688506688477e+02 3.412503412503412720e-05 0.000000000000000000e+00
1.150263786513786499e+02 0.000000000000000000e+00 0.000000000000000000e+00
1.150581251706251749e+02 3.412503412503412720e-05 0.000000000000000000e+00
1.152943079443079455e+02 3.071253071253071177e-05 0.000000000000000000e+00
1.155952941577941573e+02 5.460005460005459946e-05 0.000000000000000000e+00
1.158472529347529303e+02 6.825006825006824932e-06 0.000000000000000000e+00
1.161348860223860271e+02 1.740376740376740243e-04 0.000000000000000000e+00
1.163463588588588635e+02 5.118755118755119080e-05 0.000000000000000000e+00
1.164929907179907218e+02 7.166257166257165628e-05 0.000000000000000000e+00
1.166032418782418745e+02 4.095004095004095129e-05 0.000000000000000000e+00
1.168624624624624602e+02 2.388752388752388769e-05 0.000000000000000000e+00
1.171332138957138937e+02 4.095004095004095129e-05 0.000000000000000000e+00
1.173827975702975692e+02 3.071253071253071177e-05 0.000000000000000000e+00
1.176840431340431365e+02 7.507507507507507171e-05 0.000000000000000000e+00
1.179157418782418745e+02 9.896259896259896618e-05 0.000000000000000000e+00
1.181918407043407058e+02 1.774501774501774398e-04 0.000000000000000000e+00
1.183550846300846331e+02 9.896259896259896618e-05 0.000000000000000000e+00
1.184944000819000820e+02 3.071253071253071177e-04 0.000000000000000000e+00
1.185447242697242700e+02 1.057876057876057835e-04 0.000000000000000000e+00
1.185426460551460508e+02 2.047502047502047564e-05 0.000000000000000000e+00
1.185008326508326491e+02 1.194376194376194317e-04 0.000000000000000000e+00
1.184670488670488737e+02 6.483756483756483897e-05 0.000000000000000000e+00
1.184747133497133547e+02 8.872508872508871988e-05 0.000000000000000000e+00
