2.040866320841077481e+02 4.414521900746206207e+00 2.721132347637937343e+01
2.042544175982690149e+02 4.497531138173042287e+00 2.736547199644927630e+01
2.044756969680157681e+02 4.621143443646148263e+00 2.755823462509362187e+01
2.055900579766428962e+02 5.125309994729396301e+00 2.840487114760464848e+01
2.062914116896446615e+02 5.320868817442924836e+00 2.820920136480901164e+01
2.061907181891314735e+02 5.328941163416461180e+00 2.767325029820522175e+01
2.040346278676246357e+02 4.634486393519931191e+00 2.600038558628533281e+01
2.005951898804405005e+02 3.620180864933840059e+00 2.392359288745873513e+01
1.982161752059696482e+02 2.923592887458736911e+00 2.242060251324586062e+01
1.964396931953729677e+02 2.465965768814669001e+00 2.131194485283918993e+01
1.949063552387028722e+02 2.118957530028572123e+00 2.068645454797636418e+01
1.932974257260950424e+02 1.890340924852284443e+00 1.994642015035091021e+01
1.919825348830758003e+02 1.703400926516685621e+00 1.941300729562539829e+01
1.904359593886099447e+02 1.491985908069571876e+00 1.878824655330245008e+01
1.890811090460206856e+02 1.307833781796998496e+00 1.822235013453909858e+01
1.876739299287081337e+02 1.108011317928375261e+00 1.772409498183028731e+01
1.866271796721129590e+02 9.694083053621459500e-01 1.730424422314072430e+01
1.856851923770423696e+02 8.784210380315681244e-01 1.683377902299647744e+01
1.852015423451413483e+02 7.960858831035535488e-01 1.664173486088379761e+01
1.856896501983411554e+02 8.333906627090904573e-01 1.685021498515908789e+01
1.860392077450137265e+02 8.346417376348858053e-01 1.694100252434186871e+01
1.858439734805403702e+02 7.807983577907847694e-01 1.688337540569780160e+01
1.861905295569918621e+02 7.473272490221642972e-01 1.707844877805209549e+01
1.872501484091098121e+02 7.574135204860051873e-01 1.765822075508335942e+01
1.890474132430857992e+02 8.122805070875752653e-01 1.841404477239313309e+01
1.909856167993564213e+02 8.546062304086105010e-01 1.937164137701461897e+01
1.929785541901300974e+02 9.298926461205581084e-01 2.042212544037282740e+01
1.960785209021054811e+02 1.030624982662487144e+00 2.195056728341979024e+01
1.991761574523565059e+02 1.265519154484174402e+00 2.344543537962218238e+01
1.996388665427612352e+02 1.129581957890648747e+00 2.362797026269799616e+01
1.974492052484118858e+02 6.296429859358095849e-01 2.263259452411994843e+01
1.946395017892313319e+02 1.262864434519681556e-01 2.138142528225471040e+01
1.927165496962467728e+02 8.668756414879746561e-03 2.070604732447501917e+01
1.916355821243307673e+02 1.961219451302394050e-03 2.042879968931177004e+01
1.914331604205387123e+02 7.850425809315099380e-04 2.039375294737718036e+01
1.919814502482731768e+02 1.564537157757496695e-03 2.074397902854448006e+01
1.930507448195511699e+02 1.314876973008960058e-03 2.140042997031817862e+01
1.936960831091014938e+02 2.707426003495242480e-03 2.182443341008072224e+01
1.927876501428611107e+02 2.219201642209215133e-03 2.130439956725567896e+01
1.910879747011012739e+02 7.794945768259868655e-04 2.037744458930899683e+01
1.880105384337984447e+02 2.496601847485367052e-05 1.887091181447474142e+01
1.841990290992815460e+02 5.548004105523037800e-06 1.732967627396044108e+01
1.795144608727010507e+02 0.000000000000000000e+00 1.535067269549779390e+01
1.750551249687924837e+02 0.000000000000000000e+00 1.401828067352769835e+01
1.728458015478931316e+02 0.000000000000000000e+00 1.368743099669893759e+01
1.712587561374795371e+02 0.000000000000000000e+00 1.354488335321368098e+01
1.710503869732863507e+02 0.000000000000000000e+00 1.362046381314322119e+01
1.710262392854170628e+02 0.000000000000000000e+00 1.342602568725900802e+01
1.711999694859774195e+02 0.000000000000000000e+00 1.342338761130683267e+01
1.726553025049238670e+02 0.000000000000000000e+00 1.409593331299065078e+01
1.735049599156703266e+02 0.000000000000000000e+00 1.449701794779328168e+01
1.723374379317040734e+02 0.000000000000000000e+00 1.424005658964187582e+01
1.718346611556492576e+02 0.000000000000000000e+00 1.413580959249909874e+01
1.690747011012788050e+02 0.000000000000000000e+00 1.326086992704374623e+01
1.649056672861937898e+02 0.000000000000000000e+00 1.200050486837360175e+01
1.622320230796970861e+02 0.000000000000000000e+00 1.125691420011650834e+01
1.614484118838248037e+02 0.000000000000000000e+00 1.106958029348941785e+01
1.620535659796388188e+02 0.000000000000000000e+00 1.133125468112846335e+01
1.635255846209326194e+02 0.000000000000000000e+00 1.187105328857943398e+01
1.651823517989403172e+02 0.000000000000000000e+00 1.246496990207772804e+01
1.687820910427473677e+02 2.774002052761518900e-06 1.372461094621210087e+01
2.032364420649671217e+02 1.178370551194207927e+01 2.956361618907597943e+01
2.520438375544397900e+02 8.986865100280174090e+01 8.713973757940580356e+01
2.550000000000000000e+02 2.310640960914311108e+02 1.917015589891536536e+02
2.550000000000000000e+02 2.550000000000000000e+02 2.522980165885322776e+02
2.550000000000000000e+02 2.550000000000000000e+02 2.548302699103997213e+02
2.550000000000000000e+02 2.550000000000000000e+02 2.515476795472828542e+02
2.550000000000000000e+02 2.548375572137923371e+02 2.189417903409248538e+02
2.550000000000000000e+02 2.530204471691309038e+02 2.026143637826291979e+02
2.550000000000000000e+02 2.423421038031568173e+02 1.685760187522538729e+02
2.550000000000000000e+02 2.086884268634358648e+02 1.233415018447113596e+02
2.549658298427140721e+02 1.381848955588227170e+02 9.497722821714887687e+01
2.427089517046242690e+02 5.285488363061388384e+01 5.436068406890620963e+01
2.092580016089211767e+02 1.173153208133373937e+01 2.709310383089683327e+01
1.979176953590945516e+02 4.952073566534439308e+00 2.005609309550889208e+01
1.966405919720380666e+02 4.517420732891342716e+00 1.883506338594690632e+01
1.959904324669200264e+02 4.651632500208050303e+00 1.823315487253460532e+01
1.965713917168298792e+02 4.581680490443562626e+00 1.951655524425088117e+01
1.965484590418597008e+02 4.567766096146911536e+00 2.008004937723653782e+01
1.969395822352908567e+02 4.755560487114760093e+00 2.062743210629975721e+01
1.981913312435851253e+02 5.244625371022774374e+00 2.133707176343310508e+01
1.997806291436655783e+02 5.884060584204831912e+00 2.200557851812810384e+01
2.013520153124913179e+02 6.742686343587894093e+00 2.291575910566173846e+01
2.030345335515548300e+02 7.799780853837831707e+00 2.376698660157008547e+01
2.052569835501678313e+02 9.124638686232627194e+00 2.503451968154456608e+01
2.072265915836777594e+02 1.065473660850508963e+01 2.582985381009181935e+01
2.086578268467918633e+02 1.164861438597464627e+01 2.664817331964825797e+01
2.100682987045410357e+02 1.247233210352575661e+01 2.752734056423201636e+01
2.113632555688091088e+02 1.323250575605425894e+01 2.830535659796388259e+01
2.125850009709007225e+02 1.361736525285028776e+01 2.902162334600127735e+01
2.132631695747454899e+02 1.354444783489139859e+01 2.938715082249160915e+01
2.136116730006380067e+02 1.337366362451108159e+01 2.964158229077089501e+01
2.139051263557934988e+02 1.345638713972648404e+01 2.984444228688729339e+01
2.143354434242281457e+02 1.376462869982523785e+01 2.996000998640738899e+01
2.147606313628672012e+02 1.411830841354822574e+01 3.026957197148325918e+01
2.154590279896807203e+02 1.448307581347610196e+01 3.068209104274736987e+01
2.160524119947848760e+02 1.492409498183028660e+01 3.100920968681516854e+01
2.166486698660156947e+02 1.533354600682404545e+01 3.133585120252989142e+01
2.172363477488973444e+02 1.579255180448833507e+01 3.159195262004493898e+01
2.178224250325945377e+02 1.603470831368415261e+01 3.197778024355737969e+01
2.180512996199617248e+02 1.610394740492107957e+01 3.207450137313101379e+01
2.166406197120585944e+02 1.548545868123942348e+01 3.115728314238952379e+01
2.135562290216094823e+02 1.424969902077727468e+01 2.931541790340924791e+01
2.112178090931787153e+02 1.326250658825487605e+01 2.791365641210574466e+01
2.098101778135315953e+02 1.255706122222530396e+01 2.723427834336597542e+01
2.092844461704901562e+02 1.224228411329024446e+01 2.682437793003966675e+01
2.091780437737523926e+02 1.221539293739077436e+01 2.675783239479597242e+01
2.095996116397126059e+02 1.216344420094870848e+01 2.715018447113650879e+01
2.099715359649366064e+02 1.218510360897666978e+01 2.744128547255125028e+01
2.102169602485505777e+02 1.234323004799023593e+01 2.753568198840467218e+01
2.106267164137701400e+02 1.246016255652029159e+01 2.784170157285916503e+01
2.108601570085161825e+02 1.266435407362201460e+01 2.790532885794335627e+01
2.107825543010901868e+02 1.269413575966046182e+01 2.780461316541374117e+01
2.104175899470165518e+02 1.264060029404421748e+01 2.753495242586479463e+01
2.100317484534938615e+02 1.260385586285333837e+01 2.725355765763266547e+01
2.101551416128047833e+02 1.273433937141113503e+01 2.729436877583289345e+01
2.110707731143721162e+02 1.311716552470248764e+01 2.776737496185747034e+01
2.125209159754778341e+02 1.386782435019001980e+01 2.858507864295819445e+01
2.141922022802296794e+02 1.481566201558989171e+01 2.934921079641598851e+01
2.155083441981747114e+02 1.557490915143277199e+01 3.016943327138062259e+01
2.167294488057921171e+02 1.629878498710089119e+01 3.069995561596715561e+01
2.173936281172848055e+02 1.689818580265749404e+01 3.115205137451801676e+01
2.177353074981275540e+02 1.745195428444617036e+01 3.121305167965824268e+01
2.177514688340869498e+02 1.768515354101361936e+01 3.109915115537185670e+01
2.178091847207966794e+02 1.784048933396210757e+01 3.106477017392992934e+01
2.179596687841548999e+02 1.799592499098449494e+01 3.108695664234791423e+01
2.180758634081389289e+02 1.819244361840827651e+01 3.104801797553330189e+01
2.181937252073566640e+02 1.836384365724430623e+01 3.098015478931454325e+01
2.183016976892562866e+02 1.849311492690504721e+01 3.094810674359899139e+01
2.185223501345390957e+02 1.871303503564592674e+01 3.106745263391495016e+01
2.189448972232239328e+02 1.895593775139393600e+01 3.127610197231545897e+01
2.194606618768897874e+02 1.931403367638491986e+01 3.164246997142777929e+01
2.200901301006962854e+02 1.977294515797941798e+01 3.201758439901245623e+01
2.205527587450414728e+02 2.019535632056367547e+01 3.227780520957585253e+01
2.208315709173624839e+02 2.055534688895669859e+01 3.246033731864961425e+01
2.208111209742295102e+02 2.067517822963188934e+01 3.238823545729423614e+01
2.188252988987211722e+02 2.003424228133928864e+01 3.110430802518794025e+01
2.147700352298260782e+02 1.785508058475963367e+01 2.890298205220671690e+01
2.116885461455241568e+02 1.626592693278593060e+01 2.715015118311187692e+01
2.098332464146023426e+02 1.520809731199201131e+01 2.619203584010652008e+01
2.095737856806013895e+02 1.481806430136758301e+01 2.604078892618380436e+01
2.103304197065105825e+02 1.483236428194956780e+01 2.635443701628339142e+01
2.114032011983688903e+02 1.498116730006380237e+01 2.707779411356764498e+01
2.122936031512663249e+02 1.522923243363200108e+01 2.759185830397514394e+01
2.130081944020638502e+02 1.541204471691309053e+01 2.803841992843074848e+01
2.135385475325251718e+02 1.570210546755804515e+01 2.839153097173291940e+01
2.134556353851701829e+02 1.571663291630835779e+01 2.831786734722183851e+01
2.123171044966573220e+02 1.546134428139476746e+01 2.754683625065882424e+01
2.110694415933867845e+02 1.497194096923631790e+01 2.681916558018252772e+01
2.104656079225498502e+02 1.467214901939027349e+01 2.646442064967127905e+01
2.104154844794585131e+02 1.457374407057061205e+01 2.645243418680129821e+01
2.105505950234403088e+02 1.463357652084662597e+01 2.658503703292740283e+01
2.108680656883686027e+02 1.472562068295930615e+01 2.674499986129989892e+01
2.112046658714527325e+02 1.492935448972232315e+01 2.692856389913728421e+01
2.114743099669893809e+02 1.511185331077144944e+01 2.709535909456572966e+01
2.117207745013731426e+02 1.527446808510638299e+01 2.720853837831840139e+01
2.119010180587533512e+02 1.540507364975450066e+01 2.732224472246109315e+01
2.119475463951843324e+02 1.539698743377070045e+01 2.745341895753002959e+01
2.117098698993037260e+02 1.524914699436877541e+01 2.736886182695775105e+01
2.112767926988265970e+02 1.507520319565036537e+01 2.714823989569752172e+01
2.106927459846320403e+02 1.483039196649005476e+01 2.690079059058503574e+01
2.098903742128769068e+02 1.445852312130710970e+01 2.654031734583483626e+01
2.092231656911426114e+02 1.409140891564259768e+01 2.606544148242669579e+01
2.085698160836639090e+02 1.377529196371605380e+01 2.577865960220810493e+01
2.080376404338539089e+02 1.347899525645648922e+01 2.549720380593081615e+01
2.076561236095314769e+02 1.325706677022940916e+01 2.531449970872978383e+01
2.073317484534938444e+02 1.304886682016144661e+01 2.517810202779550011e+01
2.070967766096146931e+02 1.272303531304613244e+01 2.512319620516519336e+01
2.064195650364781329e+02 1.218936447612971286e+01 2.490920968681516712e+01
2.038576909206912831e+02 1.103794834808177683e+01 2.365993231434991273e+01
2.004236372714915717e+02 9.370162833920497647e+00 2.198322006158284481e+01
1.971252378706760169e+02 7.733321312657771784e+00 2.053922716302810159e+01
1.948185969097617090e+02 6.336611279092346116e+00 1.976738328386363008e+01
1.932637160531498921e+02 5.609628561125135526e+00 1.911664956032067408e+01
1.923715886709756262e+02 5.182551527088129717e+00 1.876838469860467740e+01
1.916260451052733913e+02 4.935767982468306947e+00 1.845021775916114137e+01
1.907321673278038361e+02 4.706524452828094951e+00 1.804032289383894039e+01
1.900298232960692530e+02 4.489736192404782500e+00 1.773584010652167819e+01
1.896704402341257776e+02 4.333293572637243685e+00 1.759524813448361868e+01
1.894467308385808337e+02 4.206904491109323629e+00 1.747337790229964938e+01
1.887948098421592817e+02 3.924552692168992163e+00 1.717065938028794037e+01
1.875021997836278445e+02 3.596493661405309350e+00 1.680934838691780797e+01
1.864791256345529575e+02 3.170498488168881135e+00 1.663245027601320558e+01
1.858689034369885462e+02 2.948908430192238139e+00 1.642740159227717811e+01
1.854629809426058955e+02 2.820829981414186172e+00 1.628803018114233581e+01
1.853046575494465742e+02 2.789647424339094073e+00 1.619420788371383324e+01
1.852307969707897541e+02 2.835315820133706755e+00 1.618898998585259008e+01
1.851430441898527022e+02 2.882068850730949539e+00 1.612600626924463754e+01
1.850197897306443906e+02 2.945582401730977296e+00 1.603637826291991431e+01
1.848603761546783630e+02 2.958775555493911025e+00 1.588772226691447820e+01
1.847011317928375149e+02 2.944450608893450561e+00 1.585934977391883294e+01
1.846026991039973382e+02 2.966409609143110693e+00 1.581725151876612401e+01
1.845654941884656921e+02 2.947845987406030765e+00 1.583206191572581822e+01
1.845803517434602838e+02 2.926344697495076197e+00 1.587242087159144432e+01
1.846372382035562794e+02 2.941607256789370073e+00 1.589979194984604227e+01
1.846954977946683698e+02 2.944228688729229493e+00 1.588441565646758491e+01
1.846870315404033533e+02 2.954137424061693995e+00 1.594341313212571798e+01
1.845755222058864433e+02 3.008973896640683598e+00 1.587360537046797404e+01
1.845087159144497662e+02 3.037981636106410921e+00 1.586628200504868325e+01
1.843869067103109671e+02 3.062919914560736867e+00 1.586925296124719154e+01
1.843085023162917082e+02 3.053008405226219857e+00 1.582263863075258747e+01
1.841844572664983843e+02 3.069227995228716477e+00 1.587029876002108253e+01
1.832829343393714225e+02 2.909384448944492441e+00 1.542273572082443422e+01
1.805816305584066015e+02 2.530919026880079858e+00 1.440849954228966112e+01
1.773544009542567039e+02 2.027448750312075276e+00 1.325757163860301269e+01
1.744713528808011347e+02 1.539851313489972062e+00 1.221325418180809486e+01
1.732433992621154459e+02 1.356381591722377822e+00 1.183700518738383778e+01
1.729592055258120809e+02 1.319875724708036380e+00 1.169419678770562321e+01
1.734037476767732926e+02 1.342866653721323855e+00 1.183898305084745850e+01
1.741453133235318660e+02 1.382174262808954390e+00 1.210762295764098795e+01
1.746488307581347499e+02 1.430017476212932293e+00 1.216817110044661376e+01
1.750012455269216787e+02 1.480421093511609110e+00 1.236447058170823077e+01
1.747904657549446483e+02 1.465735526644289743e+00 1.229758939221614966e+01
1.738927570806402514e+02 1.379805265055896069e+00 1.191528197730866268e+01
1.726799550611667371e+02 1.320527615190435267e+00 1.160281283808149944e+01
1.715444866709201506e+02 1.249576964686953895e+00 1.120917639879053596e+01
1.704751282975949493e+02 1.170515132181197737e+00 1.089938139754223378e+01
1.696203889150878013e+02 1.093062220866043432e+00 1.052096868151682507e+01
1.693747649033260245e+02 1.083830342034453054e+00 1.036953313545452104e+01
1.694574884185414305e+02 1.135729146439568460e+00 1.042549585286693059e+01
1.698958445449249552e+02 1.196962467752226145e+00 1.053802324613720209e+01
1.708099503453632622e+02 1.264481677716441599e+00 1.078158062636966363e+01
1.723629226885627759e+02 1.384038392188410294e+00 1.133431995339676490e+01
1.738035229826070065e+02 1.526111681322644076e+00 1.184995422896612993e+01
1.750063746567172416e+02 1.658758911481594600e+00 1.226798801631113278e+01
1.763513301339843053e+02 1.871061610585591728e+00 1.274855058392743246e+01
1.776405808760298441e+02 2.060123720491553012e+00 1.315593497739188322e+01
1.788736802685234011e+02 2.301287136952481216e+00 1.356086437903964104e+01
1.801646203778190909e+02 2.519021332075785935e+00 1.408016865932480854e+01
1.815078421038031706e+02 2.769541457460678480e+00 1.451064107187439234e+01
1.830755499459069711e+02 3.053307997447918254e+00 1.508424366834031538e+01
1.848394906932231265e+02 3.328722017254292620e+00 1.568067630170046378e+01
1.864480318455435679e+02 3.741823628949485503e+00 1.636253432827540166e+01
1.878875502787872165e+02 4.113992066354128951e+00 1.696483952398124728e+01
1.886284612610613465e+02 4.340630808066798352e+00 1.723719381952342644e+01
1.884715165469222313e+02 4.321376459818580429e+00 1.713573746844572554e+01
1.870339288191073308e+02 4.139621071319592893e+00 1.658404394019251527e+01
1.856875946628200609e+02 3.973436156342755599e+00 1.608219368082332323e+01
1.851233432272739776e+02 3.904180421093511821e+00 1.589026880079891235e+01
1.853805986296429751e+02 4.050736497545008419e+00 1.597513661960109843e+01
1.865006324724680269e+02 4.354750478515353684e+00 1.633234486393519802e+01
1.876293905517489975e+02 4.725165746622652208e+00 1.691598102582596042e+01
1.890145329967544114e+02 5.017850703209520091e+00 1.737785514161280531e+01
1.901631862187578008e+02 5.376820438847124350e+00 1.779097339732031458e+01
1.911028156120835604e+02 5.715323587339455003e+00 1.812391189769480349e+01
1.916034730505700452e+02 5.863164026741380042e+00 1.837490915143277093e+01
1.916857832394796048e+02 5.933695802934893848e+00 1.842646120558129041e+01
1.914233543232822115e+02 5.947332797026270157e+00 1.820932342089933087e+01
1.911149324530500166e+02 5.916671752337096635e+00 1.812739881827512534e+01
1.911020721795334225e+02 5.900521512385918932e+00 1.820725678937002456e+01
1.915972038059308034e+02 6.138181364254209349e+00 1.839892923520763546e+01
1.924559960054370436e+02 6.432392021970096074e+00 1.877959721490194056e+01
1.934415989347832010e+02 6.766745263391494625e+00 1.913517989403312214e+01
1.943677855141612838e+02 7.104391245249521702e+00 1.947922272462481530e+01
1.952085966323615196e+02 7.321082415600987936e+00 1.989538683458625812e+01
1.958794612888013660e+02 7.665222336264529090e+00 2.015242309079308569e+01
1.963788315903353805e+02 7.965663402590918096e+00 2.034060861605037474e+01
1.967199228827429351e+02 8.107387167466503897e+00 2.052761796443729381e+01
1.970553108269300253e+02 8.265463674443118691e+00 2.067344170434686035e+01
1.972700546478404533e+02 8.414230630530665778e+00 2.076552747649033392e+01
1.974689533690254848e+02 8.490956753307997928e+00 2.093969596937501620e+01
1.978356292823656588e+02 8.693273045022053225e+00 2.108643790396405038e+01
1.983036783267219505e+02 9.001950123443091201e+00 2.121795056728342033e+01
1.989067047629615388e+02 9.216205719992233369e+00 2.155364087769424941e+01
1.998242697439596043e+02 9.655019556714471207e+00 2.199151432772060133e+01
2.010687924769064239e+02 1.003403977918943646e+01 2.259311215290299302e+01
2.021633914949097175e+02 1.049260173652528572e+01 2.317167466503925155e+01
2.025046658714527439e+02 1.062553191489361737e+01 2.328333379566700856e+01
2.012658714527448751e+02 1.020582817831285283e+01 2.259695414574606787e+01
1.992639490693223081e+02 9.506127770534551047e+00 2.164929956448167658e+01
1.982265888096757180e+02 9.018436017642653013e+00 2.111686038447668423e+01
1.980130017476213027e+02 8.947693417293129059e+00 2.101420011650808561e+01
1.987550556187411530e+02 9.064115509445477059e+00 2.140466587145274602e+01
2.001564925518044902e+02 9.327595772420870901e+00 2.214421481871896447e+01
2.014868012982329617e+02 9.718305639546173325e+00 2.283489417182168779e+01
2.024698715637049702e+02 1.008116730006380202e+01 2.335045077533357372e+01
2.032941579516768797e+02 1.038809675719160097e+01 2.384660600848844680e+01
2.038961746511692468e+02 1.080251879386390712e+01 2.418079280978668066e+01
2.041674443119087812e+02 1.104227579128408543e+01 2.430724846736386624e+01
2.042030014702210963e+02 1.105359094565729983e+01 2.431385614025354514e+01
2.040492579544508942e+02 1.102264695275874473e+01 2.423648644899997251e+01
2.039687591888817906e+02 1.103989292352076390e+01 2.417118921468001957e+01
2.040844850065189178e+02 1.105606258148631049e+01 2.421241643318816017e+01
2.044968681516824347e+02 1.123944353518821693e+01 2.436414324946600374e+01
2.050855696413215412e+02 1.154575993786235344e+01 2.475719437432383785e+01
2.059470748148353607e+02 1.181276318344475662e+01 2.510056589641876457e+01
2.067159505118033849e+02 1.215582401730977224e+01 2.562787039862409344e+01
2.074519598324502851e+02 1.260385308885128630e+01 2.601060500984770840e+01
2.080212211157036393e+02 1.293633387888707098e+01 2.627065938028794179e+01
2.084179034092485097e+02 1.322408388582207550e+01 2.647923104663097504e+01
2.087993064994868178e+02 1.346455102776775981e+01 2.656850952869705296e+01
2.090041582290770918e+02 1.366978556964132174e+01 2.674749646314738172e+01
2.092551887708396805e+02 1.378733390662709013e+01 2.683478875974368094e+01
2.095206940553136121e+02 1.394685844267524821e+01 2.704587921995062416e+01
2.097430025798219049e+02 1.414183749895974884e+01 2.708811062720186413e+01
2.099974229520929896e+02 1.430655496685067618e+01 2.710611944852839272e+01
2.102625176842630879e+02 1.443979860745096921e+01 2.724610114011484541e+01
2.104923714943548987e+02 1.468709256844850053e+01 2.745297511720158568e+01
2.108401786457322089e+02 1.488271796721129547e+01 2.759892923520763475e+01
2.111755610419151594e+02 1.510074065854808723e+01 2.783825348830758273e+01
2.115315958833809589e+02 1.523365696690615501e+01 2.799629115925545619e+01
2.114258814391522776e+02 1.531185331077145051e+01 2.794432577880107615e+01
2.098991844433964786e+02 1.477635440650226073e+01 2.699820522067186346e+01
2.072214402618657800e+02 1.374110793641987271e+01 2.559348941718216963e+01
2.050137978862104262e+02 1.270340647452079175e+01 2.450364226469527651e+01
2.035097839052400843e+02 1.201639435213182061e+01 2.371435546062303956e+01
2.030984243668340241e+02 1.172542095481150604e+01 2.350386695886155053e+01
2.032693666953313425e+02 1.156520846625426557e+01 2.364865044800133020e+01
2.037065355488363139e+02 1.151981192266082310e+01 2.394937723653915640e+01
2.038035257566090479e+02 1.150196399345335507e+01 2.399148658770007358e+01
2.036185469777247761e+02 1.141747343893034561e+01 2.397901190046880515e+01
2.034431523759327547e+02 1.130111237482315723e+01 2.391007794945768339e+01
2.030905794890288121e+02 1.118670975616521979e+01 2.367502288551693468e+01
2.025426169935365692e+02 1.100531498793309026e+01 2.341586729174179737e+01
2.020761990623873032e+02 1.080938167494243984e+01 2.318609392770950706e+01
2.017907903131848286e+02 1.069160864379039566e+01 2.303892479680434846e+01
2.017726122777330886e+02 1.065496685067546956e+01 2.303536575217065518e+01
2.021996782157618782e+02 1.077183555715831176e+01 2.328754195678104821e+01
2.029191517101722582e+02 1.099704013980970352e+01 2.361367860412216757e+01
2.036754278898166319e+02 1.129969208577214346e+01 2.408292324336320078e+01
2.043999472939609916e+02 1.165112763183444677e+01 2.442045826513911777e+01
2.049815001803101211e+02 1.191677439041304964e+01 2.465688646009597917e+01
2.051702848900108052e+02 1.226132208937834633e+01 2.476298371660795183e+01
2.053322255818469273e+02 1.244596798801631188e+01 2.477632111847762886e+01
2.055051235817914517e+02 1.261917112818663433e+01 2.494945213459457989e+01
2.056707342783433603e+02 1.274023412577325232e+01 2.501357319204416285e+01
2.058470193347943109e+02 1.285706954423146264e+01 2.509963105772698100e+01
2.060629115925545705e+02 1.295571583122971582e+01 2.507806319176676269e+01
2.062186496158007287e+02 1.310233848373047749e+01 2.514736885905295694e+01
2.064463563483037092e+02 1.319499015229271244e+01 2.521371189214680086e+01
2.066836944159338714e+02 1.335048683736025943e+01 2.539340619712058711e+01
2.070857860134816519e+02 1.359980581985630721e+01 2.557697855696413214e+01
2.076077755277538870e+02 1.381907403811478829e+01 2.588758911481594538e+01
2.081483758217981119e+02 1.402310188909539868e+01 2.628836306138866519e+01
2.086978307303947417e+02 1.427007406585480886e+01 2.658252101306554849e+01
2.090375849538128534e+02 1.442077727537518328e+01 2.678942273017282005e+01
2.081866986601570204e+02 1.415599600543704462e+01 2.632393408971122639e+01
2.058957807428777471e+02 1.331789231324031242e+01 2.517959444089988708e+01
2.037836749979194906e+02 1.238813004521623284e+01 2.393682765125246092e+01
2.026003522982607024e+02 1.177204915531637575e+01 2.336926683125745541e+01
2.024655247024882669e+02 1.158922022802296858e+01 2.335438708424644361e+01
2.030424339094010975e+02 1.181459125079752503e+01 2.371697134455879663e+01
2.042741990069072529e+02 1.213663347110876778e+01 2.441590057976642925e+01
2.053559377513939239e+02 1.251589225776027092e+01 2.498362229188049710e+01
2.061451246913922830e+02 1.279673222558184698e+01 2.541400316236234147e+01
2.068087186884518189e+02 1.311502676911980991e+01 2.577199644927737410e+01
2.072096701711559206e+02 1.332796194069183571e+01 2.597710893506061325e+01
2.071313767372187726e+02 1.343462509362256974e+01 2.592175649809980698e+01
2.067603844766845214e+02 1.339050459097339818e+01 2.565547726705317899e+01
2.063936142472745416e+02 1.329011345668395805e+01 2.538649615800715864e+01
2.061337568309800474e+02 1.317408249882104876e+01 2.531235817914505404e+01
2.061684956586867941e+02 1.325002635301950171e+01 2.534020638575272599e+01
2.065413659186107793e+02 1.339847429887098151e+01 2.548870981164526128e+01
2.072855002912702105e+02 1.366311964270853530e+01 2.577336958029349034e+01
2.080693056672861871e+02 1.401662736830425260e+01 2.620907098671252911e+01
2.087531471053288499e+02 1.434533274154622795e+01 2.648181641654414875e+01
2.092789758384421077e+02 1.462079114538544822e+01 2.678111459402479966e+01
2.097088712585647272e+02 1.487786901162306918e+01 2.701120974229520755e+01
2.100659685428167336e+02 1.504626203223390313e+01 2.708292324336320078e+01
2.104223445865349902e+02 1.522245554661710365e+01 2.725305278925906549e+01
2.108290770895170567e+02 1.539551998668479094e+01 2.736935282532109071e+01
2.110070848012427405e+02 1.558584426752475771e+01 2.753125468112846264e+01
2.111022192016422139e+02 1.573307720047712799e+01 2.764404837859580155e+01
2.110933978751144195e+02 1.587639601653305199e+01 2.761572581763710588e+01
2.111883769313989205e+02 1.597068712030846882e+01 2.766354683902466149e+01
2.113287525312768764e+02 1.606686731948181546e+01 2.776489777802435555e+01
2.114809620239118999e+02 1.616959971150378550e+01 2.784099975033981522e+01
2.116523287747232871e+02 1.626199339787511278e+01 2.794072512413659126e+01
2.118730200560348464e+02 1.639075979916225023e+01 2.792463313822852200e+01
2.121221226663707853e+02 1.647333074426475008e+01 2.818606341368692725e+01
2.122349024938278319e+02 1.654158506477294921e+01 2.815346334156287256e+01
2.112604455047296597e+02 1.619393048350855935e+01 2.760254098588032790e+01
2.087009819967266822e+02 1.514511914338816645e+01 2.623118810507919818e+01
2.061908152792033206e+02 1.388496490887403212e+01 2.483695802934894203e+01
2.042056506421814674e+02 1.290187245138561423e+01 2.397264556575771977e+01
2.031809897639324163e+02 1.232874143526866284e+01 2.347278703986241055e+01
2.030545119143388035e+02 1.213738522566506717e+01 2.341448306471746932e+01
2.035920025520818797e+02 1.216649282920469410e+01 2.377640156453715647e+01
2.043673555438431038e+02 1.233957113928264349e+01 2.422636966351355170e+01
2.049098144192626592e+02 1.254994035895586535e+01 2.454132153457793564e+01
2.054770700990318630e+02 1.274655885045354964e+01 2.477109767261227802e+01
2.056569890981719197e+02 1.286967460955921183e+01 2.487961385891425437e+01
2.053084551582568054e+02 1.284146855668673126e+01 2.460390302088823589e+01
2.045979638824932749e+02 1.262932120169768879e+01 2.418313406751920880e+01
2.038520097644872351e+02 1.233828400233016254e+01 2.378718133651418754e+01
2.033696912535715171e+02 1.211026935559932305e+01 2.353680823323809435e+01
2.031167327803822502e+02 1.201051624178201926e+01 2.344305528586091114e+01
2.032842825043690596e+02 1.206418485949679642e+01 2.355393769591389486e+01
2.038074842575383627e+02 1.223169297345279993e+01 2.385460900441066201e+01
2.043893922161502417e+02 1.241302116563566216e+01 2.422041665510832331e+01
2.048903547948625601e+02 1.265006796305029191e+01 2.441239424117173940e+01
2.052453826735831797e+02 1.283242808399678303e+01 2.456560237454575812e+01
2.054657577186607114e+02 1.303625065882548739e+01 2.469086243723820218e+01
2.056520347305057044e+02 1.322388415767427716e+01 2.479371411134844294e+01
2.059220200282948099e+02 1.336108629920386193e+01 2.494950484063358331e+01
2.062693750173375236e+02 1.348605509168076821e+01 2.513606202668589873e+01
2.065408499542289746e+02 1.368227135288080198e+01 2.528775555493911043e+01
2.067933423950733811e+02 1.385628727565258345e+01 2.547055396820993778e+01
2.069458098698993069e+02 1.395819856306693652e+01 2.553228383589003769e+01
2.071865266720297427e+02 1.408363338788870678e+01 2.566455380176981294e+01
2.074046658714527496e+02 1.421345390995589320e+01 2.573874448667092096e+01
2.077838636300590736e+02 1.444014813170961808e+01 2.588741157868456710e+01
2.082367416571888157e+02 1.466974395961053013e+01 2.619593608699270604e+01
2.086544481122915897e+02 1.489884878914810429e+01 2.637243196759965613e+01
2.087486282559848974e+02 1.502121556769952093e+01 2.634758523121307050e+01
2.075048212155676879e+02 1.449633276928624959e+01 2.569680434963521876e+01
2.051391633609808878e+02 1.345830120114288952e+01 2.453503564592637787e+01
2.030891286859552167e+02 1.242466365225110181e+01 2.349326749701794625e+01
2.019209575855086030e+02 1.172459152819773109e+01 2.300067130849677000e+01
2.017480068795250929e+02 1.155234541873561049e+01 2.283799550611667328e+01
2.022939915115537133e+02 1.170069627451524319e+01 2.319199700407778408e+01
2.032155399594995799e+02 1.211208910094593527e+01 2.360016644012316434e+01
2.041438014924131039e+02 1.252865544120502683e+01 2.416179366972731657e+01
2.049485339399151087e+02 1.288379428000776805e+01 2.455004299703181658e+01
2.057256733889983025e+02 1.322809231878831504e+01 2.500909872673305756e+01
2.059684179866293050e+02 1.340983383727703959e+01 2.501326250381425353e+01
2.057873560986434995e+02 1.334269743959610466e+01 2.499268218258481511e+01
2.053836084218702354e+02 1.316232350411939223e+01 2.479431052178978589e+01
2.050117451246914015e+02 1.297073427834336634e+01 2.468338095370190644e+01
2.049273045022053452e+02 1.291014729950900097e+01 2.467799938971954887e+01
2.053151793392327136e+02 1.298254875308607659e+01 2.481401148436849979e+01
2.058168881244972113e+02 1.332921301561763094e+01 2.516903104108297029e+01
2.065388166107242967e+02 1.360291270215540038e+01 2.547348886238175680e+01
2.071674359899026285e+02 1.391136231240811050e+01 2.574155455075036869e+01
2.077803711614746476e+02 1.416689505950234462e+01 2.602025576298926524e+01
2.083287580792809877e+02 1.443437265943576797e+01 2.632599517323642857e+01
2.088155205414851991e+02 1.471831673555438513e+01 2.660671585896973568e+01
2.091375905018169590e+02 1.503520208604954433e+01 2.671286859552276027e+01
2.093917584399012526e+02 1.528265139116203031e+01 2.676346361896307968e+01
2.096042164831202115e+02 1.549218286221531748e+01 2.686311409470442868e+01
2.097824017309772842e+02 1.565331354545202380e+01 2.696449832172875816e+01
2.100486005159643810e+02 1.574502482731837283e+01 2.703948514521900748e+01
2.102368137812422049e+02 1.594802074953535431e+01 2.705439540625259909e+01
2.104709478765014410e+02 1.609907625731642966e+01 2.711909900413326469e+01
2.106856112513523271e+02 1.621276318344475698e+01 2.711902688007988971e+01
2.108963882493273161e+02 1.636089766706427540e+01 2.725387944187078659e+01
2.108289994174595563e+02 1.641880495991567201e+01 2.723382618103137531e+01
2.094843490804183261e+02 1.582656939166134968e+01 2.661687980249105223e+01
2.071567727260118090e+02 1.479188881799772481e+01 2.535443701628339142e+01
2.052079669338955341e+02 1.375503620072678856e+01 2.436716691170351368e+01
2.040324003439762635e+02 1.303378734500263469e+01 2.389157535576576308e+01
2.037692917972759403e+02 1.285752725457016865e+01 2.372935171572027002e+01
2.042069821631667992e+02 1.286090321506837952e+01 2.397330023024217027e+01
2.049120558129212952e+02 1.310646897278703982e+01 2.434190407500901543e+01
2.056029237981636015e+02 1.333265277816305527e+01 2.479391383949624128e+01
2.060049876556908544e+02 1.357490360342866609e+01 2.501129573635884640e+01
2.064404782379538972e+02 1.376652889123137946e+01 2.513660850509029387e+01
2.066291325695580952e+02 1.401046076174096378e+01 2.524864489999722750e+01
2.064562734056423210e+02 1.395751061055785236e+01 2.516044827873172451e+01
2.061187328358622892e+02 1.382673583178451615e+01 2.493393991511553764e+01
2.056554439790285471e+02 1.364548808566118332e+01 2.468050431357319141e+01
2.053380093761269336e+02 1.352353463341562900e+01 2.449988903991788902e+01
2.053806873977086696e+02 1.346908652112402649e+01 2.451670781436378377e+01
2.056666010152847548e+02 1.354769064329107664e+01 2.464189575300285640e+01
2.060943021997836411e+02 1.377215179339232698e+01 2.485274210102915404e+01
2.065616105855918363e+02 1.400438847124746822e+01 2.507537240977558213e+01
2.070211240256317922e+02 1.424093594829260212e+01 2.533272767621847876e+01
2.074567338899830702e+02 1.442609781131238122e+01 2.553585952453604691e+01
2.076116202945990210e+02 1.455800160892118988e+01 2.565610419151710175e+01
2.075854947432661106e+02 1.460622763460844986e+01 2.560850786429582016e+01
2.073889345058115339e+02 1.454318843795944360e+01 2.545305278925906478e+01
2.071829981414186364e+02 1.444934394851452275e+01 2.535352159560597940e+01
2.071491691863851941e+02 1.446768565008738072e+01 2.543135177120031187e+01
2.073153957113928243e+02 1.455822075508335800e+01 2.553478598574162817e+01
2.075945574079724736e+02 1.467569974201780880e+01 2.566734722183694473e+01
2.080202252489666819e+02 1.490000832200615832e+01 2.595049238536436675e+01
2.084515076701156886e+02 1.514598185802657504e+01 2.611765652306582552e+01
2.083437515603761483e+02 1.524889456018197542e+01 2.599688479569474708e+01
2.071813337401869717e+02 1.485847596327221254e+01 2.538555577131127095e+01
2.052173874448667164e+02 1.411187550278787128e+01 2.437879552830868946e+01
2.035560709034924685e+02 1.333863352658880963e+01 2.344922189242420174e+01
2.022833726316957552e+02 1.280501262170933963e+01 2.282997864018419421e+01
2.017140031623623315e+02 1.251965657854586844e+01 2.248173042248051345e+01
2.019185053676939674e+02 1.249689589170296067e+01 2.271234153513273668e+01
2.029631362867208395e+02 1.266561624455602164e+01 2.334551027767760445e+01
2.042753613137673767e+02 1.308262642514355534e+01 2.414499986129989750e+01
2.052454242836139713e+02 1.350833587616854814e+01 2.460137313101611767e+01
2.059605370467974126e+02 1.383197314766012909e+01 2.494406502260811820e+01
2.064049876556908600e+02 1.409209409414962977e+01 2.511831673555438371e+01
2.066144802907154201e+02 1.419500124830092425e+01 2.520231906571610736e+01
2.067179228272628961e+02 1.414540209159754802e+01 2.515239812477461356e+01
2.066077144997087203e+02 1.419114815944963759e+01 2.505965491414463742e+01
2.064797220449943040e+02 1.419550889067657984e+01 2.498272628921745309e+01
2.064627728924519374e+02 1.426580210269355575e+01 2.501990346472856430e+01
2.067282171488807023e+02 1.437461233321312726e+01 2.519566978279564040e+01
2.072582734611223714e+02 1.461848872368165608e+01 2.546693389553108133e+01
2.079904740769508180e+02 1.492255818469305595e+01 2.582420594191239616e+01
2.086479430774778905e+02 1.519711503786512807e+01 2.624962967072595532e+01
2.091187050958417615e+02 1.546632361507947451e+01 2.646800188632139594e+01
2.095003828122832772e+02 1.564710255485589130e+01 2.661538184138256113e+01
2.096739743127409952e+02 1.585497239867957475e+01 2.667716996310577215e+01
2.099012677189381009e+02 1.593349884878914757e+01 2.682119337568309803e+01
2.100783683319925785e+02 1.609712335987128640e+01 2.692243058059862904e+01
2.102085855363532971e+02 1.622953479985575242e+01 2.700320397237094028e+01
2.104389719548392463e+02 1.642051651918222532e+01 2.713448084551582440e+01
2.106351687980249210e+02 1.656705595162140554e+01 2.728137257621570555e+01
2.107934145191267419e+02 1.670224971566478800e+01 2.738363338788870749e+01
2.108367832672196300e+02 1.684815390163388571e+01 2.731808371938195279e+01
2.105244361840827878e+02 1.674135759660462242e+01 2.698082609781131325e+01
2.089023273877222664e+02 1.617095342450553375e+01 2.614335487808261149e+01
2.067393242530999373e+02 1.517700352298260746e+01 2.490709589725096507e+01
2.049273766262587060e+02 1.426226525007628432e+01 2.409564204277511124e+01
2.041149296790479752e+02 1.355283641709894837e+01 2.369297067879830365e+01
2.040118477627673315e+02 1.334199839107880869e+01 2.370386141085744569e+01
2.044329606923909068e+02 1.349980859385835963e+01 2.401534577935587578e+01
2.052240311797830827e+02 1.379998058198563093e+01 2.447350273239202068e+01
2.061671447196870872e+02 1.404898332824766349e+01 2.500794474187910765e+01
2.071274570723182364e+02 1.443226996587977418e+01 2.552031124303032072e+01
2.080358456545257866e+02 1.484348525617908976e+01 2.595031762323504054e+01
2.083517157202696239e+02 1.503121307109767280e+01 2.611431662459430214e+01
2.082470942328497188e+02 1.501540403339898511e+01 2.601306832367055932e+01
2.078878776110294382e+02 1.481906016810452442e+01 2.578464035063386106e+01
2.073337374129656894e+02 1.472114344364614880e+01 2.548091486587700061e+01
2.069009903187328234e+02 1.461182557075092170e+01 2.518821049127576472e+01
2.067908818552525645e+02 1.460102638075952264e+01 2.515164082221420827e+01
2.070421204471691397e+02 1.474729673499958338e+01 2.526820161446919499e+01
2.075872479125634413e+02 1.493382618103137460e+01 2.562358733945463030e+01
2.082423312713251278e+02 1.519603595106660343e+01 2.601079086798524287e+01
2.086752947377181044e+02 1.538373047796055282e+01 2.624450886293655927e+01
2.088456600737884514e+02 1.551546228744209266e+01 2.637319759216621762e+01
2.091070126771893740e+02 1.562354018141973455e+01 2.642628921745401982e+01
2.092658964187633615e+02 1.579107880939831965e+01 2.652327942522677517e+01
2.092830203334350472e+02 1.593380953701905689e+01 2.649996948597742019e+01
2.092655940525395977e+02 1.598788593303559047e+01 2.642509917057338598e+01
2.092082249160864365e+02 1.598971677439041272e+01 2.644886404615939313e+01
2.090851785070320830e+02 1.604553524369607942e+01 2.633625898083164429e+01
2.088623318261255406e+02 1.600804183195095476e+01 2.620978113123803865e+01
2.083414713306887904e+02 1.586990762573164382e+01 2.593674997919498537e+01
2.074725124136591887e+02 1.562305750506255286e+01 2.553517712003106865e+01
2.065018696773835529e+02 1.529569197481206189e+01 2.498496768287608560e+01
2.050611639712613510e+02 1.476662043329912066e+01 2.420573386224305779e+01
2.023267968598296704e+02 1.358206885073095016e+01 2.277671225276706579e+01
1.991209603595106614e+02 1.196553579849649118e+01 2.122394795972148884e+01
1.965287553052789349e+02 1.060203056950262201e+01 2.001566756359399690e+01
1.950455934977391905e+02 9.812227801048573284e+00 1.942350134539099571e+01
1.947522954866986709e+02 9.544375710838025384e+00 1.931557879552831025e+01
1.952617159976698247e+02 9.546112236123054373e+00 1.955189603040306423e+01
1.964658464867264058e+02 9.807570251601985589e+00 2.017010457987738903e+01
1.977292934616771731e+02 1.017363865849260662e+01 2.080414158506477307e+01
1.986413881106271901e+02 1.054760464922743957e+01 2.118293988737551814e+01
1.990021498515909002e+02 1.071294071957613170e+01 2.125588781935698535e+01
1.986246525562428928e+02 1.062639185552997390e+01 2.112417820189186912e+01
1.981080778939776508e+02 1.050348969458237391e+01 2.088282892729340645e+01
1.977020277955005554e+02 1.045644816777164365e+01 2.068799411911564690e+01
1.975213265277816390e+02 1.048190241060778405e+01 2.067929207467613395e+01
1.976710172265527490e+02 1.056884240894338234e+01 2.070498210768676017e+01
1.980044578212987858e+02 1.073281921828622210e+01 2.094561568975560917e+01
1.983954090266026924e+02 1.096832921856362120e+01 2.100141196704485580e+01
1.988398818275125564e+02 1.115773807872617773e+01 2.117940303475824493e+01
1.995110682681905132e+02 1.143966822935449024e+01 2.150279619406918385e+01
2.002424200393908222e+02 1.178047102554855918e+01 2.179666564953258145e+01
2.009160670198895957e+02 1.210238286776332295e+01 2.217715609309550828e+01
2.015047324475020218e+02 1.239132569558101515e+01 2.247793558767233435e+01
2.018640433853921081e+02 1.259677938361674343e+01 2.263881661072429097e+01
2.019781464118283338e+02 1.264352964021193415e+01 2.269537573857804702e+01
2.019506338594690646e+02 1.272990651613082136e+01 2.272525174068628928e+01
2.021189630780326638e+02 1.274154068074010304e+01 2.277631279647146911e+01
2.023964964354073572e+02 1.290942883297733701e+01 2.295995728036838912e+01
2.027711892146800210e+02 1.303951288523953522e+01 2.308567227939748534e+01
2.030325501400870962e+02 1.319919276540264619e+01 2.321279369746733678e+01
2.031941524036727742e+02 1.327074537435157708e+01 2.333110488501761637e+01
2.031465477544453506e+02 1.327832117395766787e+01 2.328529224111625950e+01
2.025554550750367468e+02 1.303537962218092083e+01 2.299976698382756979e+01
2.005790146744708693e+02 1.229377513939360256e+01 2.200643291076035268e+01
1.985156620155898963e+02 1.132940996976337722e+01 2.102696052595078768e+01
1.972792809786679129e+02 1.078620766179366974e+01 2.041715442869427832e+01
1.970016061471885394e+02 1.056186301977863451e+01 2.035305001525701130e+01
1.974746372992316026e+02 1.068761130683236793e+01 2.062895503342672399e+01
1.984460844961025145e+02 1.102073011734028718e+01 2.113335737468445785e+01
1.995295098338372668e+02 1.139236039834669434e+01 2.160003883602873742e+01
2.004056561901855673e+02 1.178878748370273755e+01 2.205189880440511629e+01
2.011488057921162920e+02 1.213059169463785381e+01 2.244640628034064633e+01
2.015945296679519458e+02 1.246155787955283145e+01 2.262727953618685817e+01
2.015182640295153931e+02 1.256238175816250191e+01 2.254907764431745676e+01
2.010632694388193897e+02 1.246448167771644222e+01 2.233526034009265260e+01
2.004785819301506251e+02 1.226924186523898008e+01 2.198056534161835174e+01
2.001187272878582064e+02 1.218764182085494774e+01 2.181419179450192658e+01
2.002394019251574377e+02 1.216830702654720042e+01 2.186326943881938334e+01
2.005909040472689924e+02 1.223080251879386360e+01 2.202020860495436594e+01
2.010213376237898331e+02 1.247903686648728083e+01 2.227694526893949956e+01
2.015819828566673095e+02 1.273230602790646060e+01 2.258985547449305287e+01
2.020872479125634413e+02 1.298566395739132773e+01 2.284156564675857837e+01
2.024754889178618100e+02 1.328626591583677730e+01 2.294979888485117314e+01
2.027716496990207702e+02 1.351880773391772372e+01 2.296096424311354056e+01
2.031704208161114025e+02 1.375080307359427501e+01 2.312616438736164781e+01
2.036200421648312044e+02 1.397707287303392576e+01 2.336790202224749535e+01
2.038909401092956841e+02 1.416315570473522101e+01 2.343730755360758877e+01
2.038855474493051076e+02 1.416843463064162734e+01 2.343587616854836497e+01
2.035798579710948957e+02 1.409370024133817800e+01 2.324118006047324414e+01
2.030736275624844041e+02 1.388726733057782425e+01 2.297246525562428943e+01
2.026644816777164522e+02 1.374969902077727468e+01 2.283959333129906355e+01
2.026220949263502575e+02 1.371262170934006441e+01 2.280236622375100453e+01
2.029065965768814692e+02 1.380624150461871302e+01 2.311691031651363559e+01
2.032814724402896047e+02 1.391759826902271868e+01 2.330335931648589565e+01
2.035098282892729458e+02 1.403173735748564432e+01 2.344093317429054935e+01
2.034217065660628521e+02 1.398903714388748654e+01 2.341754001497961113e+01
2.020210796415989307e+02 1.345721379233820691e+01 2.273752115176565169e+01
1.994381175622069975e+02 1.240651613082193627e+01 2.142787039862409415e+01
1.970856306693667079e+02 1.139189436600183036e+01 2.029042414491386737e+01
1.956048877916169602e+02 1.060654941884656921e+01 1.967900912646675238e+01
1.949048295375738462e+02 1.026668423534633412e+01 1.920284057810202683e+01
1.947435767982468349e+02 1.020998640738994112e+01 1.922292712696607353e+01
1.948034453105495345e+02 1.020411384504424568e+01 1.928391356209603558e+01
1.949589003855862757e+02 1.023585952453604797e+01 1.932377597159421967e+01
1.952393381231102012e+02 1.034519404144359100e+01 1.945589614136314438e+01
1.956947321701018154e+02 1.043883325473660939e+01 1.966138311742350808e+01
1.959469388887347918e+02 1.056116119725928648e+01 1.980207217953341114e+01
1.958916086437903914e+02 1.051601708785264577e+01 1.979579738689006518e+01
1.957460900441066372e+02 1.035823185109157052e+01 1.971179505672834154e+01
1.957198923687203660e+02 1.033668062914366637e+01 1.966733612582873292e+01
1.958333351826680371e+02 1.035164914422036730e+01 1.975320813337402015e+01
1.960803184554356449e+02 1.046003217842381261e+01 1.990243834780437737e+01
1.964567560819994867e+02 1.066733889983078676e+01 2.004937446253710220e+01
1.968969680157563289e+02 1.093316596854281642e+01 2.023941302116563534e+01
1.973084718022691391e+02 1.114296929179727513e+01 2.044908041831951095e+01
1.976916946378540274e+02 1.131584509972537411e+01 2.063315209853255183e+01
1.980112763183444713e+02 1.152109628561125199e+01 2.078371938195234137e+01
1.983695886154955872e+02 1.166047879275430610e+01 2.082924630364226459e+01
1.987348220477683185e+02 1.189180282393408916e+01 2.109789453244195556e+01
1.991284002330161798e+02 1.214576825986851283e+01 2.127609642431135484e+01
1.994225138006602265e+02 1.231069100391134263e+01 2.138953646425698452e+01
1.995282670809176295e+02 1.242732669422175285e+01 2.145572692723792585e+01
1.995667785514161210e+02 1.250829149213570446e+01 2.141555105550778038e+01
1.995733390662709041e+02 1.263891092679408601e+01 2.146821548447945815e+01
1.997107936419872942e+02 1.270767288967793895e+01 2.162349024938278319e+01
1.999729562539876326e+02 1.283288024633138313e+01 2.172431412799245365e+01
2.003017309772809256e+02 1.298460428860717286e+01 2.187232655552165284e+01
2.006169380565341669e+02 1.315822352908541149e+01 2.205373241976199239e+01
2.004705733862243164e+02 1.302950983383727745e+01 2.195805986296429779e+01
1.989824988210491199e+02 1.240882964853394022e+01 2.116309190268800933e+01
1.972727703958501024e+02 1.176481733196482615e+01 2.038719243252240076e+01
1.965017282032788728e+02 1.133249743404810062e+01 1.997209076534716488e+01
1.966043274432022940e+02 1.126921689922050618e+01 2.000656883686093934e+01
1.976688174429249045e+02 1.157798274570723152e+01 2.051296013759050041e+01
1.994426780215817416e+02 1.220077949457682642e+01 2.135988515631501627e+01
2.018073316874254601e+02 1.319969485977419588e+01 2.262266082276901003e+01
2.039218452661654908e+02 1.423632833088296401e+01 2.360053260839412914e+01
2.056956170767566334e+02 1.518263474714971295e+01 2.448799411911564761e+01
2.068520624705262207e+02 1.582348192737662629e+01 2.502898832145135799e+01
2.071858331715165491e+02 1.612696329995284117e+01 2.519431052178978447e+01
2.070350328719243294e+02 1.617057616022635713e+01 2.505024549918167054e+01
2.067164942162057173e+02 1.611603927986906726e+01 2.481636938611334742e+01
2.065430219978362913e+02 1.612018641293794730e+01 2.479668229354489739e+01
2.066173791228605410e+02 1.626760797802990410e+01 2.477564148797470267e+01
2.069167965824294697e+02 1.650499320369496914e+01 2.497093400649116646e+01
2.075284251990346434e+02 1.687509778357236101e+01 2.532962911592554534e+01
2.083015007351105510e+02 1.722418929790007880e+01 2.566982717967211158e+01
2.089022968736996972e+02 1.761993120474908991e+01 2.597575244805681294e+01
2.094040167549723890e+02 1.797618241837498942e+01 2.622127659574467984e+01
2.098211378956420390e+02 1.825928042386751216e+01 2.648831312935171667e+01
2.102680767843768308e+02 1.862532386473965929e+01 2.669009681267164069e+01
2.108939304835085693e+02 1.897721712114066861e+01 2.698639906793530940e+01
2.118345612915753691e+02 1.954075009015506836e+01 2.757146384088324353e+01
2.128751920996421632e+02 2.021535687536408687e+01 2.814920802241393716e+01
2.138116147465948984e+02 2.084595134400399630e+01 2.867424616494216139e+01
2.147270326500041620e+02 2.147070931232489244e+01 2.916640683514105703e+01
2.155322671918777360e+02 2.202050264917195932e+01 2.965432883020333321e+01
2.161593469999167780e+02 2.268820494327165704e+01 2.996602679685982906e+01
2.166029903742128795e+02 2.315218730061860342e+01 3.016825432050819700e+01
2.160773419512330520e+02 2.306574662265250097e+01 2.970505423174013160e+01
2.138750783655579824e+02 2.200788093983189597e+01 2.829389164747981766e+01
2.115481816416544234e+02 2.088802463313822955e+01 2.702396737773586111e+01
2.104273239202196919e+02 2.004096091431107496e+01 2.645541901301006860e+01
2.104377541679380954e+02 1.992901328746983225e+01 2.649733973203140280e+01
2.112431135399040159e+02 2.015190990041332597e+01 2.697890648839080185e+01
2.123247940303475900e+02 2.087849593608699195e+01 2.751232766512247352e+01
2.132395433992621179e+02 2.133571250242725270e+01 2.803205914172376367e+01
2.137849981968986697e+02 2.171704624261422012e+01 2.837230436350522922e+01
2.142303697744736439e+02 2.206032899664345592e+01 2.859791949846042769e+01
2.145741962329052228e+02 2.224992094094149664e+01 2.887254015367971505e+01
2.144473716330550133e+02 2.226641238314516258e+01 2.879724541596160847e+01
2.141176648450719995e+02 2.209583344891675338e+01 2.854928292046936278e+01
2.137438403284418484e+02 2.195515270881300296e+01 2.834096646231518335e+01
2.135303531304613216e+02 2.184718854891952589e+01 2.822363727149157953e+01
2.135708008543926439e+02 2.187357763044744630e+01 2.822421703792060654e+01
2.138907958611889342e+02 2.204489167521984072e+01 2.841812810341479789e+01
2.144644067796610045e+02 2.234076950816943707e+01 2.876999639379733154e+01
2.150139171682987183e+02 2.273093012288829229e+01 2.909909012732669353e+01
2.155568420760631341e+02 2.301038031568143438e+01 2.945555216510860319e+01
2.159173291908236081e+02 2.330092929068767660e+01 2.965802102693556108e+01
2.161738245166301340e+02 2.343529640211933796e+01 2.979192210602235846e+01
2.162786096701711642e+02 2.361613914394296643e+01 2.977471219728702678e+01
2.163880135371300071e+02 2.369192210602235704e+01 2.994786263141834581e+01
2.165113207023773327e+02 2.380463813143221685e+01 3.012757080640239593e+01
2.167009209686815154e+02 2.391329301783683192e+01 3.010775610973952254e+01
2.169606535548836348e+02 2.411045521373685929e+01 3.037953896085883088e+01
2.172680962023911775e+02 2.432893006740825115e+01 3.053697467336125726e+01
2.175465643984576616e+02 2.454282504369053086e+01 3.067797442370107319e+01
2.178470470748148387e+02 2.477432383699963836e+01 3.080993092734888705e+01
2.181083469721767472e+02 2.502518793863907476e+01 3.091832783156259623e+01
2.182388498987489243e+02 2.515550778107575880e+01 3.095879219950622740e+01
2.170170240505977972e+02 2.454793475547171866e+01 3.013723265555216457e+01
2.140554523010347054e+02 2.295290854115232193e+01 2.841514605120807957e+01
2.114531249133124220e+02 2.143599267663458008e+01 2.687546672584537788e+01
2.100312297151099870e+02 2.045376570778662284e+01 2.607671225276706650e+01
2.097940580876029912e+02 2.011962051651918060e+01 2.596023190657161095e+01
2.101895420122610858e+02 2.024244223140725296e+01 2.619972814779882953e+01
2.109767261227773361e+02 2.018545868123942455e+01 2.672281061887985842e+01
2.113914005936364333e+02 2.022141529584731856e+01 2.708001331520985389e+01
2.116549529806652004e+02 2.017938361674387693e+01 2.732568448500651925e+01
2.119815723043635103e+02 2.023318538655718513e+01 2.743890537878997904e+01
2.122227218508141675e+02 2.027710338705650628e+01 2.768274015922771625e+01
2.121810813060001806e+02 2.029751172015867411e+01 2.762005048683736064e+01
2.118450914033676327e+02 2.009875724708036415e+01 2.748883741573968820e+01
2.114055285860911511e+02 1.992053871119864539e+01 2.725620960359510647e+01
2.112378457100058142e+02 1.979139781963438693e+01 2.718925629004965572e+01
2.113497628228244878e+02 1.990732613942134321e+01 2.721944020638575168e+01
2.117663707731143745e+02 2.015930261588393435e+01 2.744714416488668363e+01
2.124532719354212418e+02 2.053502732392021812e+01 2.775325806541096796e+01
2.132300896002662967e+02 2.089320369497073315e+01 2.821846653166523211e+01
2.140033232544592181e+02 2.143592332658326072e+01 2.857592721018613702e+01
2.146846653166523424e+02 2.189800826652611576e+01 2.893088019085134022e+01
2.152108075119975581e+02 2.236992426974395798e+01 2.919484590418596781e+01
2.156229132569557976e+02 2.277063996227357379e+01 2.927402701877999291e+01
2.160317096174651113e+02 2.309813587062054552e+01 2.950151460512080703e+01
2.163429776138034413e+02 2.337229326749701741e+01 2.972423090793087042e+01
2.166395655912785401e+02 2.362411994784876157e+01 2.987953341285472675e+01
2.169139254903048766e+02 2.390701267718938183e+01 3.010451052733779065e+01
2.171461177841271706e+02 2.413454464756303963e+01 3.039307054287220211e+01
2.174189159199977723e+02 2.435378789980304504e+01 3.057705622902161124e+01
2.178933895531082783e+02 2.463066381869122523e+01 3.079758661821409760e+01
2.182661849149768329e+02 2.497091458847679490e+01 3.112652500762850494e+01
2.187369857693694826e+02 2.537343060833865138e+01 3.131353990401952814e+01
2.191096757191600375e+02 2.567987738910926865e+01 3.148146411828344782e+01
2.194143748786374033e+02 2.596455934977391777e+01 3.161840827762212669e+01
2.190633748508973895e+02 2.585929151987572538e+01 3.129124247551943228e+01
2.165233654192903998e+02 2.460756192959582833e+01 2.970659380287941431e+01
2.135246830702654677e+02 2.280383089683486375e+01 2.801634164609281896e+01
2.113101944575439006e+02 2.139592221698244146e+01 2.674534106355238805e+01
2.105225581846930538e+02 2.074425088074565338e+01 2.620709867125301784e+01
2.107625315542733517e+02 2.072230852450830696e+01 2.639898194124663533e+01
2.117020527615190417e+02 2.106054259480152169e+01 2.704618990818053348e+01
2.127521845266165599e+02 2.127880662431690340e+01 2.776809620239118814e+01
2.133090487946961105e+02 2.151659408027962073e+01 2.817418791089905383e+01
2.137397736414324925e+02 2.171573968764736762e+01 2.844702765680046497e+01
2.141350578379428100e+02 2.201373963216732932e+01 2.861903797608810152e+01
2.142905267829898150e+02 2.207011012788149529e+01 2.876057033482204872e+01
2.140709062664706437e+02 2.190308469028267169e+01 2.852433909401093004e+01
2.136173375128297494e+02 2.177309218008821290e+01 2.813560431634719450e+01
2.132408194402063941e+02 2.160618325057560440e+01 2.794346306416266756e+01
2.132149047130294832e+02 2.160224971566479013e+01 2.791030819162806154e+01
2.134969375017337541e+02 2.181785070320951903e+01 2.804874753807317944e+01
2.140181281034147958e+02 2.203044467252905747e+01 2.853989014951871184e+01
2.147141141224444425e+02 2.239848816888124361e+01 2.896286443451968040e+01
2.153360980887125891e+02 2.281301561763155661e+01 2.931306277566645235e+01
2.158538267358317739e+02 2.312689394990152181e+01 2.960722350134539127e+01
2.162401481317096170e+02 2.342375932758190160e+01 2.985687536408777021e+01
2.165471774529113134e+02 2.370970623318261161e+01 3.003949624122721929e+01
2.168936447612971108e+02 2.401840827762212527e+01 3.014763238924796696e+01
2.171605536908097349e+02 2.429218563621737204e+01 3.031158145857028074e+01
2.174084163222280779e+02 2.444144359066825700e+01 3.042386196565785283e+01
2.176056034841465703e+02 2.463334905267829811e+01 3.058247940303475687e+01
2.177783267219617755e+02 2.490098199672667789e+01 3.070555355210962745e+01
2.179724541596160918e+02 2.507830452994535264e+01 3.073788454603456444e+01
2.181229576409886590e+02 2.531064661987849718e+01 3.094383478043773650e+01
2.183935476712252637e+02 2.548822436128602575e+01 3.107576909206912674e+01
2.187273794002607588e+02 2.569722044994313137e+01 3.130344531054953094e+01
2.191631418347249678e+02 2.599714555188770859e+01 3.151198923687203646e+01
2.196526533329634674e+02 2.629403034758245639e+01 3.166455934977391706e+01
2.201547754445338398e+02 2.670013870010263801e+01 3.196924463924103321e+01
2.206401536797137339e+02 2.700904047268995001e+01 3.219979749785014889e+01
2.208933035590446252e+02 2.723268051818358515e+01 3.235961330411384296e+01
2.199157147216288877e+02 2.681416405448139884e+01 3.172177314211212362e+01
2.167683680545923721e+02 2.516541096840411740e+01 2.986607950289883107e+01
2.139144081666620423e+02 2.340567838220200159e+01 2.831056339981691750e+01
2.120967544175982766e+02 2.217565813198701719e+01 2.726854836472578825e+01
2.116230991150933392e+02 2.170958140309023676e+01 2.696554966850675328e+01
2.120965214014258322e+02 2.156285888651557769e+01 2.737300063802047134e+01
2.131064329107603612e+02 2.178996920857721520e+01 2.798742822269688446e+01
2.139555216510860305e+02 2.233767926988265984e+01 2.848902327387722266e+01
2.145353407861521760e+02 2.262636134150739409e+01 2.879468223806485483e+01
2.149262392854170685e+02 2.284418985270049163e+01 2.902238064856167910e+01
2.150887292296596343e+02 2.313284695830675020e+01 2.896237343615634430e+01
2.147266637077311486e+02 2.303405642320175417e+01 2.865344669755055662e+01
2.139814835362978158e+02 2.270239673777358647e+01 2.821031096563011431e+01
2.132442564287497646e+02 2.229875447307831138e+01 2.779908457932258870e+01
2.127872839745901388e+02 2.204536048156675676e+01 2.754812061360925313e+01
2.126436711143166178e+02 2.193257788010762965e+01 2.747086188243779148e+01
2.127664151571472075e+02 2.195433715220949367e+01 2.760992815334683215e+01
2.132043995672556775e+02 2.215103886376875764e+01 2.788100640794474216e+01
2.138599128963355440e+02 2.245887541956781064e+01 2.816711143166245890e+01
2.143457211018336181e+02 2.287105606258148782e+01 2.853738799966712136e+01
2.148649754500818290e+02 2.318157785236761015e+01 2.885181558434353377e+01
2.153135620960359518e+02 2.350819717606590942e+01 2.912422535992676487e+01
2.156815001803101381e+02 2.377248744764071020e+01 2.937735304724125385e+01
2.159020166994923500e+02 2.393047796055369147e+01 2.948693167632944068e+01
2.159998834919137778e+02 2.405303337124469465e+01 2.954179034092485168e+01
2.160417736969125428e+02 2.416387971927099088e+01 2.943757940580875854e+01
2.160816582984271292e+02 2.425890038558628703e+01 2.942926849565868608e+01
2.160382451663014365e+02 2.433125745513051541e+01 2.931882992593414627e+01
2.160975477821853588e+02 2.439216899220505397e+01 2.929403589558656407e+01
2.162931066048988953e+02 2.453652528502870922e+01 2.936962467752226047e+01
2.163837221559543877e+02 2.467172459707620291e+01 2.949656855946073364e+01
2.164857804654775464e+02 2.479156980776165753e+01 2.957252905767150253e+01
2.166184165996282900e+02 2.491485755499459032e+01 2.966165219562262578e+01
2.168907098671253095e+02 2.512351521540125887e+01 2.981191711281866219e+01
2.172394185691697430e+02 2.539693750173375264e+01 2.994878082609780989e+01
2.174642764015645469e+02 2.553986240949818409e+01 3.019480429415517619e+01
2.167394213431717844e+02 2.520521512385919038e+01 2.976210158395517169e+01
2.140822769008849207e+02 2.374509695137174248e+01 2.827884823434769501e+01
2.113356570223861866e+02 2.204687786068961586e+01 2.670887680656883845e+01
2.094049238536436519e+02 2.079834392077450289e+01 2.570230796970789910e+01
2.087382645843158002e+02 2.008545868123942313e+01 2.538845737745845810e+01
2.089403173458348419e+02 1.994188188299259323e+01 2.553790396404893315e+01
2.096483536297816954e+02 2.024531887153596443e+01 2.588093150988931868e+01
2.104058420483231089e+02 2.068658215207079110e+01 2.627471497128907885e+01
2.110658797747510391e+02 2.100105134677799512e+01 2.670530389192488130e+01
2.116842492163444263e+02 2.122926849565868679e+01 2.710975339121750949e+01
2.119303780964797852e+02 2.144438403284418371e+01 2.724793475547171795e+01
2.115307165247302237e+02 2.123600099864074053e+01 2.703701628339204888e+01
2.106506671474936923e+02 2.073949069322311445e+01 2.656967738356126318e+01
2.097638880412771414e+02 2.030551194207883725e+01 2.607013786790202303e+01
2.090936225692807113e+02 1.991708507864295896e+01 2.568535604316347332e+01
2.088562734056423267e+02 1.977955560487114894e+01 2.548016865932480712e+01
2.090018585813753589e+02 1.986912813115481669e+01 2.551868290382534710e+01
2.094678992482454305e+02 2.015300563122416833e+01 2.568078726178257298e+01
2.100183306055646426e+02 2.039860190296540665e+01 2.602189242420039506e+01
2.105457072318233429e+02 2.065881439152265031e+01 2.641895753002857106e+01
2.110224943826458457e+02 2.088775555493911185e+01 2.676939998335598858e+01
2.114561263835335296e+02 2.117912563455297104e+01 2.708641848594967882e+01
2.118439623845321762e+02 2.149994174595689245e+01 2.724668645454797655e+01
2.121866764681405755e+02 2.170113734084163326e+01 2.749614413714666128e+01
2.123833698576937081e+02 2.195760492662764563e+01 2.760705428722017274e+01
2.125966240395017905e+02 2.222698271796721059e+01 2.761233598712863113e+01
2.128391245249521546e+02 2.247194651724042203e+01 2.764870592804238569e+01
2.130063524647008251e+02 2.265504729673499895e+01 2.778013814530222803e+01
2.132694693334073008e+02 2.275928597187161984e+01 2.793747676773280730e+01
2.135001276040944163e+02 2.294959360869927067e+01 2.811439707065383331e+01
2.138485117478986979e+02 2.320068795250908522e+01 2.828888457377458465e+01
2.142278703986241055e+02 2.346784376820438922e+01 2.842529612471913225e+01
2.146160919859080707e+02 2.373876945268939664e+01 2.864899165025382288e+01
2.148824932730450143e+02 2.392125162972620700e+01 2.877133346278676385e+01
2.142367583012011494e+02 2.364379871841105185e+01 2.836001276040944319e+01
2.117738161946239757e+02 2.234334100807234691e+01 2.693666121112929801e+01
2.093646897278703989e+02 2.100419706510582785e+01 2.562165663402591065e+01
2.079159283197869570e+02 2.001039418569169825e+01 2.484535215956059773e+01
2.075828122832811005e+02 1.972904657549446483e+01 2.459525645648977843e+01
2.079426835695858529e+02 1.990521234985713761e+01 2.483607312269410983e+01
2.091487697300896116e+02 2.020423312713251462e+01 2.558246830702654862e+01
2.102378013259729812e+02 2.077644040056589603e+01 2.625196538045438288e+01
2.113268967239035874e+02 2.121473827290632030e+01 2.679431052178978589e+01
2.121122555410690893e+02 2.176325279480706953e+01 2.737199644927737197e+01
2.125421731532081253e+02 2.220149796110849039e+01 2.757866237621015770e+01
2.124016172431967675e+02 2.225491137063441371e+01 2.738168881244972042e+01
2.118439263225054674e+02 2.199257954450886388e+01 2.703438930344808355e+01
2.112870620544259168e+02 2.166597963882493261e+01 2.677204638131432191e+01
2.109130183916336136e+02 2.150868540042719701e+01 2.657092291048295252e+01
2.110109073760714580e+02 2.160217481760936664e+01 2.654014258370551360e+01
2.114190324280839945e+02 2.178034064745207843e+01 2.683010069627451699e+01
2.120274015922771866e+02 2.212399234375433466e+01 2.724308025187938753e+01
2.128003633942689135e+02 2.259162528780271373e+01 2.766720019972814626e+01
2.136760215262559370e+02 2.310643568476240617e+01 2.824293322977058907e+01
2.144745956892008110e+02 2.364005381563982411e+01 2.861394490831923321e+01
2.150747066492829163e+02 2.407983855308052767e+01 2.893064162667480232e+01
2.154650864101639343e+02 2.442348747538073184e+01 2.911673278038225732e+01
2.158431717939471355e+02 2.472923798163610698e+01 2.929633276928624852e+01
2.162765569086521111e+02 2.504247551943188554e+01 2.954053094399289847e+01
2.167521873006186013e+02 2.539332575106105594e+01 2.975351882160392947e+01
2.171062082165940694e+02 2.568431024438958232e+01 2.987214901939027456e+01
2.172852284390690443e+02 2.588456267857638338e+01 2.999189991400593769e+01
2.173817110044661547e+02 2.603140447723931317e+01 3.002489666842353344e+01
2.176297983300507610e+02 2.624301367583012023e+01 3.017236539155038955e+01
2.181288912313794981e+02 2.659943965158534240e+01 3.040295153818413709e+01
2.188797386890066434e+02 2.706077006296984777e+01 3.084592360398346855e+01
2.194284418430469543e+02 2.749031873283586336e+01 3.122653332963466255e+01
2.189449804432855160e+02 2.718739493467225188e+01 3.077146661488529489e+01
2.159421148991650341e+02 2.563623124081111726e+01 2.903062775666453987e+01
2.128389553108269183e+02 2.391726538877638930e+01 2.722112402563177724e+01
2.109254986268689720e+02 2.267814641182834379e+01 2.620349246858442527e+01
2.103862243058059960e+02 2.221318205775472165e+01 2.586515021221115873e+01
2.107888069017170949e+02 2.234025076978556967e+01 2.610798912591195275e+01
2.119924131043856903e+02 2.288741712668867478e+01 2.677696191295181549e+01
2.134056367721712206e+02 2.343257233210352553e+01 2.772480790035784537e+01
2.143751893256400933e+02 2.379072928513967256e+01 2.836043718272351555e+01
2.148023024217037857e+02 2.403841438042664080e+01 2.870389747288412963e+01
2.149288024633138150e+02 2.418877083969042019e+01 2.868715359649366192e+01
2.146708064023967495e+02 2.410948708702044385e+01 2.846480346195456335e+01
2.140721517933923224e+02 2.388427418236289412e+01 2.812778163055840608e+01
2.134873366806291415e+02 2.360493217564981094e+01 2.783520208604954504e+01
2.130343865294460386e+02 2.337287025992399236e+01 2.757424616494216352e+01
2.129043801492413195e+02 2.333324086659824204e+01 2.754361563427556803e+01
2.130637132791478336e+02 2.343609531471053131e+01 2.765650642181475050e+01
2.135435490582262901e+02 2.362828372492995754e+01 2.786698660157008689e+01
2.140198701767039324e+02 2.386207939193874950e+01 2.803608699270437299e+01
2.142952203944630867e+02 2.399566146078948137e+01 2.817821853588171521e+01
2.141994091375627534e+02 2.404687231268551173e+01 2.805593220338982974e+01
2.137579239368637047e+02 2.384588754195678106e+01 2.775654248384143941e+01
2.129676911980914724e+02 2.340136758301201070e+01 2.755466448445171679e+01
2.121586923354323346e+02 2.302610058531443471e+01 2.718658770007489878e+01
2.118595938860994750e+02 2.281587006574384802e+01 2.715112485783239649e+01
2.119077228217148843e+02 2.283563760437182566e+01 2.712070515132181114e+01
2.121085661183389277e+02 2.289863519099004208e+01 2.732269133679158912e+01
2.122469777247635250e+02 2.294923298843241000e+01 2.732337374129656737e+01
2.120789120363949110e+02 2.291387555826791456e+01 2.717189658520347351e+01
2.118789203584010750e+02 2.276832644456156984e+01 2.705130239396376979e+01
2.119122361230547256e+02 2.279156148575549778e+01 2.708146689228550130e+01
2.123640877694249411e+02 2.300808898998585406e+01 2.730895170462425980e+01
2.130414130766456822e+02 2.335261727093677919e+01 2.767773031152043117e+01
2.136152237232655580e+02 2.367584121612249959e+01 2.802780104857277621e+01
2.134913062775666504e+02 2.370853283031429370e+01 2.781448861272157203e+01
2.113657438486504532e+02 2.264661155649255164e+01 2.647951122083830455e+01
2.081834752697716908e+02 2.101339565591278458e+01 2.499183056395461833e+01
2.054431856639573937e+02 1.944825653970983836e+01 2.362242503259452420e+01
2.038557768592748687e+02 1.845557158312297119e+01 2.282615051735138323e+01
2.036390718189131519e+02 1.810192515742461694e+01 2.266599073483314442e+01
2.041238120336209079e+02 1.818860162556520166e+01 2.290473799550611744e+01
2.050337707009903170e+02 1.849139227163028210e+01 2.335974368221032549e+01
2.056954367666232031e+02 1.866721406973841013e+01 2.377203251130405803e+01
2.059344891675219742e+02 1.880995311936530712e+01 2.398244056700601945e+01
2.060119781408638175e+02 1.888909539793059622e+01 2.402668589974756586e+01
2.058619684318566385e+02 1.882590085716663353e+01 2.398207717273710671e+01
2.056461177841271706e+02 1.867202696329995248e+01 2.392674137978861992e+01
2.056060251324585977e+02 1.858531443313268028e+01 2.381521817526144957e+01
2.056563871397264904e+02 1.855316652334322569e+01 2.384124108851840518e+01
2.056551887708396862e+02 1.850640794474188056e+01 2.377073150434131321e+01
2.057159727038198014e+02 1.860656606285888515e+01 2.383466115564925403e+01
2.058030735942744514e+02 1.875663125190712677e+01 2.384916641238314483e+01
2.061265000416100293e+02 1.891534855335792997e+01 2.399328136702821013e+01
2.064713195927764957e+02 1.914090820827207295e+01 2.410254930788648764e+01
2.068277150545091274e+02 1.933841438042664151e+01 2.433932980110405353e+01
2.072415850647729485e+02 1.957261227773308576e+01 2.452111570362562176e+01
2.077468861826957891e+02 1.985253127687314390e+01 2.479931482149296684e+01
2.081839080140919407e+02 2.018999417459568946e+01 2.507212127936974611e+01
2.085353047241254956e+02 2.047760548142805703e+01 2.536881466892285530e+01
2.087720352853061172e+02 2.069339232711032039e+01 2.545871730145080392e+01
2.087913589836056474e+02 2.073920219700962519e+01 2.551995062276346005e+01
2.086983910788094079e+02 2.073091347887597280e+01 2.540562845016505378e+01
2.087038836028738729e+02 2.073374296096979208e+01 2.543786235401814366e+01
2.089760381702682537e+02 2.087602430025798128e+01 2.551758439901245623e+01
2.095353713001747735e+02 2.113066659269327729e+01 2.585060889345058044e+01
2.101688340869372382e+02 2.144869205803212253e+01 2.618881799772531949e+01
2.105597991622513803e+02 2.166041221670504058e+01 2.638310632749868390e+01
2.106504313573192064e+02 2.187468168326444484e+01 2.638381647202418989e+01
2.105461150101251064e+02 2.195936919193320236e+01 2.625906127770534582e+01
2.102329662403950294e+02 2.189541457460678586e+01 2.609937030153402304e+01
2.087262642514355377e+02 2.114595411800604907e+01 2.535665621792560032e+01
2.063866903381508564e+02 1.988822436128602789e+01 2.410683236705595078e+01
2.044901467447085963e+02 1.863636439290965185e+01 2.320689894310521950e+01
2.033626813503842072e+02 1.786192959582790252e+01 2.264495270326500176e+01
2.029762739604427395e+02 1.756180199173347489e+01 2.243998723959055752e+01
2.031417875669228010e+02 1.761660795028988247e+01 2.257488141141224602e+01
2.036627396044273155e+02 1.786996865377680521e+01 2.283416183527975818e+01
2.040730450220533214e+02 1.802986490610003045e+01 2.312226691447751747e+01
2.047335765208466114e+02 1.833008682626425312e+01 2.343405642320175275e+01
2.056798746151072237e+02 1.863302172043607285e+01 2.392881910732613804e+01
2.062891508779716503e+02 1.894473355710283258e+01 2.422707426003495357e+01
2.063523703847540958e+02 1.893542955421786900e+01 2.423007018225193576e+01
2.058147909789453252e+02 1.880671863297178703e+01 2.397131681877444720e+01
2.050951149823850983e+02 1.861585619573358485e+01 2.361967322255818402e+01
2.044518017143332713e+02 1.842043884712474622e+01 2.331295181558434493e+01
2.042556076451496665e+02 1.833831729035479441e+01 2.319485700019417962e+01
2.045968182196454848e+02 1.854764625925823296e+01 2.340055757441260553e+01
2.055137063441426903e+02 1.886176592970678811e+01 2.386255374628977322e+01
2.066730256040389406e+02 1.920226081167299981e+01 2.455009847707287207e+01
2.074813226441787606e+02 1.957004632583428005e+01 2.498100363394268797e+01
2.078748897334183994e+02 1.982261643873616563e+01 2.514516075341895629e+01
2.078414269466559290e+02 1.991278537546117633e+01 2.510621099059613215e+01
2.076565202918250179e+02 2.003622014480290758e+01 2.499372243335460197e+01
2.078172626147743358e+02 2.024022580376709612e+01 2.505232045271713659e+01
2.084339038530888502e+02 2.058773613692473958e+01 2.541595605980748473e+01
2.094606785209020927e+02 2.092262753474437531e+01 2.582096590751477194e+01
2.100548808566118453e+02 2.132488002441121822e+01 2.630093483869178073e+01
2.103178895392382515e+02 2.155637049571416597e+01 2.628175538849898629e+01
2.102362562068295802e+02 2.162329606923909253e+01 2.617963327692862663e+01
2.101216705040361603e+02 2.165931093789009410e+01 2.610058808843518463e+01
2.103480207495353511e+02 2.184883908014091958e+01 2.619896807123637217e+01
2.110522816166883899e+02 2.218900662986490602e+01 2.661407251241366012e+01
2.119591694637854005e+02 2.257499791949846113e+01 2.715511942078837038e+01
2.127603789286804101e+02 2.298745873671946427e+01 2.753779300396682217e+01
2.130041748730893971e+02 2.320531221393103749e+01 2.770426086715304237e+01
2.127941246636522408e+02 2.320963133512718812e+01 2.760166440123165543e+01
2.111061139005242921e+02 2.260562845016505307e+01 2.664861438597464627e+01
2.079308996088657011e+02 2.113666398513134936e+01 2.491065494188465834e+01
2.051348608837970460e+02 1.959984465588504676e+01 2.341701018058753192e+01
2.032604676967461046e+02 1.848116175205969824e+01 2.244462814502482573e+01
2.027006075064495576e+02 1.805069766151627064e+01 2.212562345696135679e+01
2.030134012039168852e+02 1.810128158894837469e+01 2.225970207217953245e+01
2.040637715331909305e+02 1.833397597714222371e+01 2.300489333962106997e+01
2.050308219368082234e+02 1.858081777580515492e+01 2.356617659297067746e+01
2.053429831618075525e+02 1.876319454076395843e+01 2.373699686537768017e+01
2.053869344503314949e+02 1.886362451108213989e+01 2.378274015922771767e+01
2.050193042802851551e+02 1.875397653194263370e+01 2.357393825071430626e+01
2.042714444228688819e+02 1.850238564176537537e+01 2.317487586340813976e+01
2.035327581902410543e+02 1.817806873977086823e+01 2.281923493023384708e+01
2.030550334267247479e+02 1.788235734694443835e+01 2.257584676412660585e+01
2.029419345890316038e+02 1.771554828150572902e+01 2.253733529362811794e+01
2.031951982024466759e+02 1.777033482204776860e+01 2.261005575744125906e+01
2.034988376931399046e+02 1.783758495381286480e+01 2.265377125579072981e+01
2.035227218508141789e+02 1.788331437765263843e+01 2.267859302615883976e+01
2.033917334738827662e+02 1.782221420843851334e+01 2.260102638075952086e+01
2.033794418707869909e+02 1.786596854281672009e+01 2.256191572581763793e+01
2.038631418347249564e+02 1.807979694304973961e+01 2.281866903381508394e+01
2.048381869122583225e+02 1.840277400205276237e+01 2.331027212960137618e+01
2.057492690504591053e+02 1.868400787816582920e+01 2.382774556853172143e+01
2.064524924408443951e+02 1.900340924852284274e+01 2.418680962023912073e+01
2.069254597908402502e+02 1.924794862548198182e+01 2.436431246359122227e+01
2.070527143610086398e+02 1.934766290327054961e+01 2.446235124413992068e+01
2.067639740353407944e+02 1.945796277289245069e+01 2.434986546090044257e+01
2.065098477072872925e+02 1.947289799994452153e+01 2.421971483258897706e+01
2.064263419234930268e+02 1.959143388166107158e+01 2.425412632805348423e+01
2.068432300479902324e+02 1.984029515381841335e+01 2.445316097533912014e+01
2.075533967655136109e+02 2.014621764820105909e+01 2.487254570168381917e+01
2.086053565979638904e+02 2.062891897140004005e+01 2.544193458903159666e+01
2.099277982745707334e+02 2.121845820965907592e+01 2.601778690116230663e+01
2.109517795223168548e+02 2.174667535853976474e+01 2.664594024799578520e+01
2.114097228771949233e+02 2.212098255152708859e+01 2.688019917334738906e+01
2.100923742683569628e+02 2.161719326472301717e+01 2.608491775083913566e+01
2.068925185164636957e+02 2.023922438902604881e+01 2.452535160476018916e+01
2.038285000970900853e+02 1.869649088740325737e+01 2.285052567338899721e+01
2.016223223945185623e+02 1.758243779300396525e+01 2.182805625676163075e+01
2.011592887458736811e+02 1.718533662514910176e+01 2.166381036921967151e+01
2.019978917584398914e+02 1.739105106937779155e+01 2.199959499570029564e+01
2.042066021248855634e+02 1.770926239285417125e+01 2.321137340841632124e+01
2.063081250520125423e+02 1.833262503814252753e+01 2.426567727260118090e+01
2.079706455102776772e+02 1.904291935976032590e+01 2.517713667508114028e+01
2.089456462037781819e+02 1.968445171849427311e+01 2.573466115564925616e+01
2.088513190379760829e+02 1.987549169186385356e+01 2.556644567116979516e+01
2.080176953590945743e+02 2.007003522982607180e+01 2.514220366723071365e+01
2.074316707814363667e+02 1.999140891564259803e+01 2.484722183694415776e+01
2.072700601958445361e+02 1.999383616743876502e+01 2.475071707953063793e+01
2.076035978806624200e+02 2.004055313600932209e+01 2.485178229631889835e+01
2.081467308385808224e+02 2.039083747121972934e+01 2.523499958389969322e+01
2.084508973896640782e+02 2.061218896501983266e+01 2.532084107742239709e+01
2.081438874864767286e+02 2.060279064606507760e+01 2.506947210740936072e+01
2.074876251768426414e+02 2.039207745013731454e+01 2.465677827401592381e+01
2.071449998612999082e+02 2.033157923936863654e+01 2.442454714416488670e+01
2.073421426391855391e+02 2.047933368470692628e+01 2.450234125773253169e+01
2.081456989098171846e+02 2.075438708424644219e+01 2.506843740464367798e+01
2.090742073289134169e+02 2.113014230630530577e+01 2.558162778440456009e+01
2.096921107381619436e+02 2.143798441010846290e+01 2.597686759688202329e+01
2.096994840356181840e+02 2.141851091569807863e+01 2.598030735942744585e+01
2.093559349773918825e+02 2.126083663901911436e+01 2.582722683014785403e+01
2.093875058947543550e+02 2.114791533745734853e+01 2.584093317429054792e+01
2.098263613415073792e+02 2.134906100030514153e+01 2.597496463147382784e+01
2.103436489223001900e+02 2.163975699742017866e+01 2.634364337429609648e+01
2.105621182279674883e+02 2.192028072900773950e+01 2.641350938999694975e+01
2.105119032428083869e+02 2.203716607950289941e+01 2.633776248994424307e+01
2.103092956808787903e+02 2.212163999001359116e+01 2.625889761158423141e+01
2.103449998612998968e+02 2.223775694194013752e+01 2.630179200532608519e+01
2.104917695359094694e+02 2.238327276762184681e+01 2.639560043274432033e+01
2.099171655247024830e+02 2.205066714749369083e+01 2.600595578240728045e+01
2.079862187578018791e+02 2.105896418763349942e+01 2.507929762268024021e+01
2.059859912896335459e+02 2.002729063219506855e+01 2.395402923798163641e+01
2.042787816582984135e+02 1.913767926988266055e+01 2.303425892535160457e+01
2.032699353657521613e+02 1.860306527226830298e+01 2.257519764764625947e+01
2.031487031540403336e+02 1.851954839246581130e+01 2.254891397819634236e+01
2.042707259563372020e+02 1.894810951760104345e+01 2.316265083636161748e+01
2.064486310299869558e+02 1.971066326389081524e+01 2.426814336042608744e+01
2.088737163305500815e+02 2.074652833643096983e+01 2.549703459180559761e+01
2.109666925573525020e+02 2.174569890981719311e+01 2.659352270520680150e+01
2.117556936392132911e+02 2.231321257177730288e+01 2.697931149269050621e+01
2.113315265333296225e+02 2.220488779161696513e+01 2.669154761574523604e+01
2.096896307803267803e+02 2.170891009459347032e+01 2.578352520180865071e+01
2.082760936503092921e+02 2.109754778218535876e+01 2.498591639157812949e+01
2.079065244528281085e+02 2.079220782823379210e+01 2.477944741879109003e+01
2.087300479902355050e+02 2.104687786068961586e+01 2.513204527171350122e+01
2.102229881550112225e+02 2.172585369913173636e+01 2.585642042775111804e+01
2.115301783683320025e+02 2.235089461566201408e+01 2.687336125828733202e+01
2.123444783489139809e+02 2.281383394823712152e+01 2.735984632028627672e+01
2.126253876667868781e+02 2.313968764736885930e+01 2.747248467363865743e+01
2.128727176898110827e+02 2.339160032178423876e+01 2.760363394268911819e+01
2.132244500540930403e+02 2.366610446891730746e+01 2.779876279508446757e+01
2.132814752142916461e+02 2.389400260756193006e+01 2.775382118782767904e+01
2.131643013675830218e+02 2.402023634497489368e+01 2.773731032760964155e+01
2.131389275708064019e+02 2.410697661516269363e+01 2.763389275708064119e+01
2.132879941191156377e+02 2.415251740686288073e+01 2.775927487586340803e+01
2.137407029321201719e+02 2.427484812338760989e+01 2.796802130433576394e+01
2.145544314682792901e+02 2.461249687924768992e+01 2.846066465089184305e+01
2.151458098698992956e+02 2.487450692113512218e+01 2.872863324918860428e+01
2.151791616965796550e+02 2.498274570723182464e+01 2.855608199950068027e+01
2.149570473522150280e+02 2.496364392909650576e+01 2.851059946184360072e+01
2.147523093567089347e+02 2.492849177508391278e+01 2.837528364170989548e+01
2.141646481178396186e+02 2.473684706926682964e+01 2.792889123137950946e+01
2.119586562734056372e+02 2.363182335154927927e+01 2.682007822685788767e+01
2.094773696912535854e+02 2.238354184582096451e+01 2.543253072207273391e+01
2.079521484645898681e+02 2.137262059973924266e+01 2.456894782102138919e+01
2.072938528114510746e+02 2.093720491553163754e+01 2.415891425559654948e+01
2.073028710921246045e+02 2.066919470720408469e+01 2.430668257094510309e+01
2.076472190629420993e+02 2.070924574884185532e+01 2.469831063274986960e+01
2.080922993703015322e+02 2.085693639213292983e+01 2.504552414768786761e+01
2.087345446475630411e+02 2.101264944936059109e+01 2.524641460234680679e+01
2.095755749119254290e+02 2.144221753724097823e+01 2.576748037393547719e+01
2.105131515437321355e+02 2.188052927959166638e+01 2.625113040583650204e+01
2.107467141945685114e+02 2.199075979916225165e+01 2.635494743266109907e+01
2.102551360648006948e+02 2.177818524785708476e+01 2.606668146134428099e+01
2.091041388110627111e+02 2.132379538960858767e+01 2.545811256900330122e+01
2.081195317484534826e+02 2.083195650364781315e+01 2.498996366057311036e+01
2.077891564259757615e+02 2.066194623984021916e+01 2.489439651585342261e+01
2.079222114344364627e+02 2.071018336153568740e+01 2.499639379733141098e+01
2.086418402729618151e+02 2.097447640711254024e+01 2.541574246164942252e+01
2.096831756775499969e+02 2.137524480568115592e+01 2.596244001220560804e+01
2.103220422203112321e+02 2.167177730311520278e+01 2.623280812227801206e+01
2.105149047130294946e+02 2.174840356181863399e+01 2.643517434602901517e+01
2.105145357707564813e+02 2.176868983883047903e+01 2.647088962245831922e+01
2.105318677355821251e+02 2.179444922189242462e+01 2.642725457016838320e+01
2.108031124303032016e+02 2.192895780742877676e+01 2.663221171183666769e+01
2.114665510832477935e+02 2.220283225609587063e+01 2.698972232239451685e+01
2.122107464839523914e+02 2.257488418541429809e+01 2.736980776165774287e+01
2.128450331493245358e+02 2.292464700823878587e+01 2.777221559543954044e+01
2.130005964104413465e+02 2.311421398651835091e+01 2.778709256844850017e+01
2.128880357291464520e+02 2.321180615273655334e+01 2.764899442425587495e+01
2.128514660600848742e+02 2.321341229992510335e+01 2.760891286859552451e+01
2.128840855502233183e+02 2.335471719049072092e+01 2.754499708729784402e+01
2.126507531415573169e+02 2.327404921079641653e+01 2.739272656661766092e+01
2.108230602790646060e+02 2.237772198951427072e+01 2.637419345890316080e+01
2.089206857333074367e+02 2.125538017698132975e+01 2.543717162750700567e+01
2.073503203972370841e+02 2.035680046603234317e+01 2.465053954339926179e+01
2.066366168270964465e+02 1.970388637687591782e+01 2.430659935088351986e+01
2.064363893589281247e+02 1.948831312935171667e+01 2.422278565286138274e+01
2.067013897750284457e+02 1.960280174207328940e+01 2.446365779910676963e+01
2.073466670365336029e+02 1.989476545812643948e+01 2.484656994646175932e+01
2.082442425587395007e+02 2.025245360481566692e+01 2.519873782906599402e+01
2.091571999223279477e+02 2.062273294682238145e+01 2.575671724597076206e+01
2.100231379511220950e+02 2.103441704346861130e+01 2.620070737052345322e+01
2.102659019667674443e+02 2.115928597187161841e+01 2.628393298011040358e+01
2.097537268717578911e+02 2.081850536769397308e+01 2.609272101861355253e+01
2.087900884906654824e+02 2.036562179256012683e+01 2.553732697162195819e+01
2.078487725040916416e+02 1.997744736331105031e+01 2.498038780548697702e+01
2.073441565646758704e+02 1.975940247995783494e+01 2.470717356930844133e+01
2.073295375738578059e+02 1.977119198868207306e+01 2.465905018169713614e+01
2.076706760243002634e+02 1.992999528419651156e+01 2.487107548059585582e+01
2.080633831729035421e+02 2.009840217481760760e+01 2.508007156925296144e+01
2.084734694443673959e+02 2.019545341063552257e+01 2.524825931371189114e+01
2.088243169019945071e+02 2.036237343615634288e+01 2.546602679685982906e+01
2.090400898776665031e+02 2.054212322117118461e+01 2.555325806541096867e+01
2.092040861050237197e+02 2.067120031068823138e+01 2.566014313850592288e+01
2.093275569363921420e+02 2.077355543843102481e+01 2.572388415767427716e+01
2.094480429415517904e+02 2.090954811506560418e+01 2.577273433382340784e+01
2.095736303364864455e+02 2.103436988543371555e+01 2.578070404172099117e+01
2.097345085855363607e+02 2.121184776276734496e+01 2.588379428000776628e+01
2.102443368748092780e+02 2.145189880440511487e+01 2.616816277844045757e+01
2.109135038419928492e+02 2.181979805265055816e+01 2.642543482482177097e+01
2.115321118477627635e+02 2.213820355627063208e+01 2.687930594468640066e+01
2.118034619545618398e+02 2.233780132597298262e+01 2.708371383394823795e+01
2.107442092707148618e+02 2.187191877721989641e+01 2.649186385197925020e+01
2.087608227690088540e+02 2.085233154872534556e+01 2.551725984077228304e+01
2.071939720935393439e+02 1.992275791284085429e+01 2.467632666648173156e+01
2.065087048184415721e+02 1.930326777441815267e+01 2.424723293295237170e+01
2.065072013093289627e+02 1.918150018031013460e+01 2.426364392909650647e+01
2.069135454520236408e+02 1.932727121418069771e+01 2.446742489389442099e+01
2.075315154373214170e+02 1.955792948486782024e+01 2.466549973646980476e+01
2.077837859580016016e+02 1.976933340730672128e+01 2.487757496740547580e+01
2.079161752059696653e+02 1.990986157729756556e+01 2.503267774418153024e+01
2.081095065050348012e+02 2.002353463341562900e+01 2.513994285555771313e+01
2.083771727371078271e+02 2.009297622680240636e+01 2.522853061111265305e+01
2.082540569780021542e+02 1.998793586507254005e+01 2.513388166107242938e+01
2.078796166329163100e+02 1.975730533440594883e+01 2.498424644234236780e+01
2.074913562096035946e+02 1.948197453466115547e+01 2.472582041110710449e+01
2.073017226552747729e+02 1.924928846847346620e+01 2.467745013731310166e+01
2.073497378568060014e+02 1.929329801104052677e+01 2.469576132486337983e+01
2.077058975283641757e+02 1.945397375794058092e+01 2.486147465949124680e+01
2.081786734722183780e+02 1.970362007267885218e+01 2.511098227412688288e+01
2.086095703070820377e+02 1.998747815473383582e+01 2.540670753696357664e+01
2.089839634941329791e+02 2.014812893561541074e+01 2.572337928930067363e+01
2.093564176537490766e+02 2.043794002607561922e+01 2.593809259618852181e+01
2.099494965186274271e+02 2.079724818996366054e+01 2.625747177452911174e+01
2.107115592665538486e+02 2.127635718050431279e+01 2.668908984992648925e+01
2.114021082415600858e+02 2.168431301839163439e+01 2.700507087575244825e+01
2.119004937723653939e+02 2.212754029237981612e+01 2.728586368553912678e+01
2.124129989736192385e+02 2.251244694721074069e+01 2.747586895614302804e+01
2.128617992177314306e+02 2.283429776138034484e+01 2.771557047352214909e+01
2.132337346389636252e+02 2.309194984604288692e+01 2.789123415351327395e+01
2.134726844017864664e+02 2.339870731504341350e+01 2.790469083747121815e+01
2.135787455962717445e+02 2.359000249660184778e+01 2.786567172459707464e+01
2.125984687508668856e+02 2.312175649809980982e+01 2.733177064551027868e+01
2.104959194429803802e+02 2.207690643291076071e+01 2.622913811756220781e+01
2.090566118338927595e+02 2.114354905822630215e+01 2.538968626036783149e+01
2.083238702876640218e+02 2.037181059113983750e+01 2.506776887014896360e+01
2.081330466864545485e+02 2.000414435906682442e+01 2.487399927875946659e+01
2.084303531304613273e+02 2.007159699298177458e+01 2.501735415684207453e+01
2.089302560403894802e+02 2.038467086465643874e+01 2.533271935421232257e+01
2.093258120891009355e+02 2.062178146411828195e+01 2.557402424477794156e+01
2.096234403173458247e+02 2.065169075425115963e+01 2.580517073982634813e+01
2.099747538073178248e+02 2.075499181669394488e+01 2.605919442980387757e+01
2.101882909373352959e+02 2.089896807123637146e+01 2.611501289910954426e+01
2.100514799300951552e+02 2.081401425837055186e+01 2.608107298399400875e+01
2.096684706926683077e+02 2.061484368498432573e+01 2.594303031984243546e+01
2.091912563455296947e+02 2.038436017642652942e+01 2.566591583677772093e+01
2.088822020028294730e+02 2.027533357374684542e+01 2.550458819939526833e+01
2.087787899803045946e+02 2.022726289217454010e+01 2.541015284751310688e+01
2.089185164637021899e+02 2.025139671003356412e+01 2.552349302338483739e+01
2.091121140669644092e+02 2.039356986324169796e+01 2.564163222280784638e+01
2.094999528419650972e+02 2.056081444700269145e+01 2.584945490859663408e+01
2.098898416044827968e+02 2.075410413603706061e+01 2.612952647784959481e+01
2.102915032317123973e+02 2.097431828899553352e+01 2.633670836916419233e+01
2.106574579045188500e+02 2.121439429665177911e+01 2.654675303059724101e+01
2.109575605425947913e+02 2.139072651113761836e+01 2.676319176676190636e+01
2.112735443424228094e+02 2.164887236816555216e+01 2.683459180559793467e+01
2.115236566895059411e+02 2.181069932591750060e+01 2.699315653693583883e+01
2.117421176731670869e+02 2.197693139892923497e+01 2.712830869094842967e+01
2.119906599350883596e+02 2.214801242752919563e+01 2.724182362894948639e+01
2.122576992426974414e+02 2.233698022136536210e+01 2.732149574190684760e+01
2.124362700768398611e+02 2.250405559100113706e+01 2.751212793697467163e+01
2.126280839967821521e+02 2.264452828095092940e+01 2.752969014397070779e+01
2.124286554412050236e+02 2.261532358733945358e+01 2.741492413104385761e+01
2.111063580127049306e+02 2.190249660184748492e+01 2.663967655136064749e+01
2.090883464173763571e+02 2.067943632278288035e+01 2.554786540542039930e+01
2.073578684568226720e+02 1.932595633720768902e+01 2.471737912286054950e+01
