1.842395887861338792e+02 1.971207031931600184e+01 1.319380707264584451e+01
1.842570777351247671e+02 1.972109652184028405e+01 1.320565419065898993e+01
1.842755481882161348e+02 1.974055574943290736e+01 1.321830832315477267e+01
1.844167284650729925e+02 1.985503911475600702e+01 1.330449528878031806e+01
1.847293120746815589e+02 1.993222895946024664e+01 1.264510629325888402e+01
1.851028143721281936e+02 2.004944963066364139e+01 1.213221223753853373e+01
1.851315469958704227e+02 2.038953353108823308e+01 1.143329407316931245e+01
1.851542997150002918e+02 2.045743180364101832e+01 1.131427761298202839e+01
1.851973659338102607e+02 2.042053088466236233e+01 1.124633208282440577e+01
1.850714862153201921e+02 2.034287573431047491e+01 1.119277104053975513e+01
1.850313608736113622e+02 2.034278121910079662e+01 1.112552710405397605e+01
1.850331675681963475e+02 2.036132801139998705e+01 1.120151733263537430e+01
1.851155593846332863e+02 2.045344035363229196e+01 1.122212528354562977e+01
1.852160181469202485e+02 2.052695501076019369e+01 1.131914514628046220e+01
1.853492264293607832e+02 2.054610161112080391e+01 1.138312830803233844e+01
1.853728988541848537e+02 2.055291034141801987e+01 1.148045716279881390e+01
1.854347699645204557e+02 2.061062278252777347e+01 1.145298958878613327e+01
1.854911810038969406e+02 2.064631317978247083e+01 1.144549380561856644e+01
1.854361586110626376e+02 2.064440833478741411e+01 1.131493921944977643e+01
1.853757124992729644e+02 2.061651180713080933e+01 1.127567178502879131e+01
1.852602476298493457e+02 2.058003257139533559e+01 1.115493951026580532e+01
1.851942905542953497e+02 2.055134357005758261e+01 1.115315462688303327e+01
1.851372724364566977e+02 2.052689684755423727e+01 1.121698511021927480e+01
1.851458369685337004e+02 2.048226385738382049e+01 1.125214476821962428e+01
1.851616391845518592e+02 2.052686413075088723e+01 1.127807465247484409e+01
1.851702109870296056e+02 2.058223550282091452e+01 1.128677005176525405e+01
1.851011276391554645e+02 2.055781422672017555e+01 1.125569635898330745e+01
1.849564175827371741e+02 2.051527874716454392e+01 1.118305051474437306e+01
1.846582439074041702e+02 2.043095300412958792e+01 1.102181120223346689e+01
1.841171770487989363e+02 2.025802652242191471e+01 1.088148519746408383e+01
1.839714600418775206e+02 2.019695515616820813e+01 1.082188245216076261e+01
1.842062176467166807e+02 2.037564706566626072e+01 1.090449601582039207e+01
1.845013377537369763e+02 2.047568414471005482e+01 1.106807639737102278e+01
1.846067876461350465e+02 2.053534868841970606e+01 1.103918746001279594e+01
1.845886189146745835e+02 2.054148854184842676e+01 1.098055531320886402e+01
1.846594035363229125e+02 2.065726967370441614e+01 1.102935060780550280e+01
1.846020618856511248e+02 2.075446402605711782e+01 1.098695326586401499e+01
1.845397109288664126e+02 2.077584263944628518e+01 1.094643532251497753e+01
1.845641794625719854e+02 2.074701913569476019e+01 1.101990635723841017e+01
1.844139220903856256e+02 2.068435918687838182e+01 1.095516343860873576e+01
1.842186100447856631e+02 2.062371677426859762e+01 1.089426656197289667e+01
1.842202131681498258e+02 2.063330279765020592e+01 1.094306549176990551e+01
1.841857223870179610e+02 2.064200910254173138e+01 1.094639897051125388e+01
1.841065404525097335e+02 2.066924402373058811e+01 1.088833391496539349e+01
1.841172315768044996e+02 2.074403100098877317e+01 1.089785813994067354e+01
1.841090996335718160e+02 2.074418731460477971e+01 1.090675347525155559e+01
1.840424736811493176e+02 2.078702451579130894e+01 1.088651994997964323e+01
1.840209278485430104e+02 2.090304920607223949e+01 1.092635811085906994e+01
1.840707482696446107e+02 2.093965203862036972e+01 1.087633775373698519e+01
1.839015769499214912e+02 2.090429244459954461e+01 1.080319025184668114e+01
1.837543985924504284e+02 2.084030201244692648e+01 1.069799118827429751e+01
1.837085441749549375e+02 2.085805633106496870e+01 1.072027496655615586e+01
1.835656080963182717e+02 2.077390871284825380e+01 1.061387992206130448e+01
1.834800282091548809e+02 2.073048987960216394e+01 1.057493602047344794e+01
1.835868049496888261e+02 2.075789565520851454e+01 1.064694206944686705e+01
1.836269957250043490e+02 2.070853326935380778e+01 1.056369598092246775e+01
1.836115933810271486e+02 2.073427412318967100e+01 1.052609710347234362e+01
1.835997717094166148e+02 2.073872724364566977e+01 1.056741115570290290e+01
1.833946228116093664e+02 2.065857834583842134e+01 1.050024719362531300e+01
1.828782280579305564e+02 2.048515747688012567e+01 1.036069912173559082e+01
1.826014148199848819e+02 2.044977243645669773e+01 1.021886814401209875e+01
1.827752282905833852e+02 2.057525955330657652e+01 1.032882932007212240e+01
1.829171392427150522e+02 2.066887323329261861e+01 1.039589149653928857e+01
1.830205897749083874e+02 2.072332126446809752e+01 1.044724233699761484e+01
1.830571453498516803e+02 2.069152053161170102e+01 1.036424707729890038e+01
1.830031698947246070e+02 2.072371386610830157e+01 1.029235008433664866e+01
1.830784221776304435e+02 2.070549060664223973e+01 1.032023934159250800e+01
1.830471630896294926e+02 2.069829654510556693e+01 1.027615163147792643e+01
1.828678677368696697e+02 2.065672439364857738e+01 1.018473361251672138e+01
1.827769259291572155e+02 2.067897545512708746e+01 1.015297286686442213e+01
1.827154728668644168e+02 2.063562932588844134e+01 1.017180320479264743e+01
1.826309653638108443e+02 2.060371226662013555e+01 1.011969624265689482e+01
1.825862342232303774e+02 2.063639635316698673e+01 1.014647312859884920e+01
1.825736673355435471e+02 2.068522072936660194e+01 1.013254667597277958e+01
1.825852054615250495e+02 2.069489763275751670e+01 1.019604999127551892e+01
1.825930647647298315e+02 2.072436456697493057e+01 1.020064124934566330e+01
1.826930691269702720e+02 2.076317033094864328e+01 1.022307770604315635e+01
1.828271498575001317e+02 2.082694265107892662e+01 1.024895669749316518e+01
1.829064481184202862e+02 2.084823038445879106e+01 1.025844093526435152e+01
1.830155004943872541e+02 2.091016329320072131e+01 1.030896658523817777e+01
1.830822173268190625e+02 2.093696562554528029e+01 1.032353283312976266e+01
1.831049954923515486e+02 2.092041819345082132e+01 1.038937358227185470e+01
1.831207577211656030e+02 2.094122608038155064e+01 1.049514337230268168e+01
1.831541288605828015e+02 2.104316436922002964e+01 1.036938361542488174e+01
1.832486077182574320e+02 2.109896469493398641e+01 1.039631681498284266e+01
1.833178691909498070e+02 2.118837244808933917e+01 1.031550267550747435e+01
1.834351080381550503e+02 2.117195951840865575e+01 1.042649988367358738e+01
1.834753242598731902e+02 2.117079988948990987e+01 1.038948627348339393e+01
1.833003438899552009e+02 2.104580352469028171e+01 1.038956624789158312e+01
1.824819912173558976e+02 2.080940280928284736e+01 1.014769819112429516e+01
1.819703731169662149e+02 2.060175289361949780e+01 9.976582039202000374e+00
1.818670970743907276e+02 2.061179331704763484e+01 9.948223841098121412e+00
1.819049322398650474e+02 2.067051997906124683e+01 9.958824085383586322e+00
1.821089542255569143e+02 2.084327560635142262e+01 1.006024254056883649e+01
1.823983416215901912e+02 2.096238294654801493e+01 1.022855595300412901e+01
1.826815200953876683e+02 2.109479512010701896e+01 1.027645335310882402e+01
1.828171930436805610e+02 2.111484688536032195e+01 1.034128351654743128e+01
1.828991340952713358e+02 2.116615773861455096e+01 1.026007314023148886e+01
1.829088837026696979e+02 2.112801721630896168e+01 1.021826106554993352e+01
1.827061849299133485e+02 2.101939742918629506e+01 1.015678982725527746e+01
1.825002253824230820e+02 2.099387832257313846e+01 1.008687401849589982e+01
1.823845424009771534e+02 2.104712310242540596e+01 1.003596303728261496e+01
1.824223993776537043e+02 2.108816087942767581e+01 1.005207788053277440e+01
1.824224248240562929e+02 2.113168876868493129e+01 1.005611658814633813e+01
1.825096950793927704e+02 2.118876141452916784e+01 1.008063237945675539e+01
1.825910072413191472e+02 2.128218242889548151e+01 1.004115773861455274e+01
1.826342115977432741e+02 2.127303989995928646e+01 1.011495594137148757e+01
1.825989028965276475e+02 2.131460478101552880e+01 1.003315666259524264e+01
1.826864130750886943e+02 2.140829116500901463e+01 1.009586750421683199e+01
1.827707751701273651e+02 2.143566422381201519e+01 1.015039550980050009e+01
1.828604410225091499e+02 2.148953062292793703e+01 1.011493049496888297e+01
1.829569664979933634e+02 2.155106002442854773e+01 1.012164834525679069e+01
1.829651057116268191e+02 2.152419952887803234e+01 1.014369583551445331e+01
1.828917364625138191e+02 2.153805327749665466e+01 1.028241508171930363e+01
1.829443378119001977e+02 2.155523686965625529e+01 1.032670636305473089e+01
1.829795992555109763e+02 2.165025010178560905e+01 1.043952480660733961e+01
1.830802252370150711e+02 2.165577197115105079e+01 1.049384924097016203e+01
1.831555720351305752e+02 2.171811202233467242e+01 1.043844151689641109e+01
1.832265275111964229e+02 2.165854926423544313e+01 1.045765355086372317e+01
1.832269128424358655e+02 2.163623276915023652e+01 1.035455199790612468e+01
1.828636545396382189e+02 2.148834191240621294e+01 1.015633179200837510e+01
1.821815891641947189e+02 2.117462048508113881e+01 9.930564037689757484e+00
1.814508048333624117e+02 2.081276173442680033e+01 9.672995550514745133e+00
1.812152038620368728e+02 2.071940978886756213e+01 9.590054818821613480e+00
1.813333115221311118e+02 2.081946504391321895e+01 9.660323242017099687e+00
1.816613665445239292e+02 2.101269411969987644e+01 9.708667771767579779e+00
1.819123226022218205e+02 2.114418658756470748e+01 9.823845460361775750e+00
1.820816974931658194e+02 2.121826833595067896e+01 9.912787907869482495e+00
1.821826506427034360e+02 2.126162900599080885e+01 9.965138428430174500e+00
1.822863156517187235e+02 2.131804368056767274e+01 9.970743907404175488e+00
1.823034847030768333e+02 2.132294756586983198e+01 1.003339295061943837e+01
1.822162689757459475e+02 2.128320755540045539e+01 9.972027133135577870e+00
1.819987603966730774e+02 2.123887992206130448e+01 9.917673617169779021e+00
1.819086219682428975e+02 2.122249607398359927e+01 9.928012127028441824e+00
1.819617140696795161e+02 2.123688056185656947e+01 9.974121008549991174e+00
1.820732129354969970e+02 2.129548362705752496e+01 1.003078651195253812e+01
1.822546094340719947e+02 2.135485735473739410e+01 1.008696489850520628e+01
1.824015660443203615e+02 2.142097074390740374e+01 1.010045876228697814e+01
1.825359521316815119e+02 2.149265689524806433e+01 1.009568574419822085e+01
1.825021084162158900e+02 2.154831181294713005e+01 1.003699179898796068e+01
1.824631027162217265e+02 2.154101960100040714e+01 1.005113636363636331e+01
1.824920825335892403e+02 2.148139867969522498e+01 1.009673995230617116e+01
1.824370674111557094e+02 2.145390202407956792e+01 1.006502646425870928e+01
1.822777111324376165e+02 2.149612124120281464e+01 1.000198845460361774e+01
1.821672701099284666e+02 2.146739588786133979e+01 9.961176060024428125e+00
1.820399035944861339e+02 2.143625312627231949e+01 9.882946548013727295e+00
1.819478166986564247e+02 2.141458733205374187e+01 9.891020328040481147e+00
1.819509211597743388e+02 2.139660036061187753e+01 9.966276246146687612e+00
1.818801219973244940e+02 2.130020211714069589e+01 9.963771593090211098e+00
1.817340232943639933e+02 2.123835281800732844e+01 9.878195341127202767e+00
1.815850673239108914e+02 2.121636712615599407e+01 9.852523556098411461e+00
1.815222837782818601e+02 2.120004871168498894e+01 9.830846856278718349e+00
1.813773265282382283e+02 2.116852425405688365e+01 9.751359564939219737e+00
1.811988200139591640e+02 2.112971121968242727e+01 9.701909934275576575e+00
1.809297824696097337e+02 2.106028252777293019e+01 9.720387657767696865e+00
1.806231351422090370e+02 2.090690978886756213e+01 9.604515645902402809e+00
1.802840690978886755e+02 2.082919647530971829e+01 9.528001948467400339e+00
1.802703171348804858e+02 2.080572398650613763e+01 9.475066160646774094e+00
1.803500843366486492e+02 2.086128438899552151e+01 9.389577153492700390e+00
1.803602156400860679e+02 2.091078127726400382e+01 9.364025330076193754e+00
1.803252122957017320e+02 2.083611062641772804e+01 9.315248211481417684e+00
1.803096972605129906e+02 2.083013799220612938e+01 9.335187285523177891e+00
1.803320101203978254e+02 2.086783865526667725e+01 9.331373960332694395e+00
1.802260549351480279e+02 2.078877304717035912e+01 9.288184144710056600e+00
1.801484215959983715e+02 2.080668004420403605e+01 9.294036817309370591e+00
1.801425870994009131e+02 2.079348063165241811e+01 9.270586139708020923e+00
1.799986295294596630e+02 2.072746175769208321e+01 9.262966759727795818e+00
1.798835027336706673e+02 2.072096201942651206e+01 9.208744110975397135e+00
1.797966614319781229e+02 2.069929986040830627e+01 9.124302041528528306e+00
1.798114894142965170e+02 2.072044582097365151e+01 9.151707817134880685e+00
1.798229475658698391e+02 2.068606046065259108e+01 9.115359448612807114e+00
1.797831239457918855e+02 2.065894913627639085e+01 9.108125399872040617e+00
1.797152983772465404e+02 2.064681483743384049e+01 9.030146716687024622e+00
1.796009967719420786e+02 2.063606191473273910e+01 8.967613999883672804e+00
1.795535610422846560e+02 2.061565026464258565e+01 9.008121037631594774e+00
1.794976371197580534e+02 2.060780550223928387e+01 8.914623684057465525e+00
1.794448903623567730e+02 2.062027787471645368e+01 8.907244227301809758e+00
1.794452720583958580e+02 2.061289478276042431e+01 8.965709154888617860e+00
1.794562067411155795e+02 2.060941589600418666e+01 9.064826528238237202e+00
1.793875559820857291e+02 2.060926321758855195e+01 9.081461205141627246e+00
1.793162515267841570e+02 2.055276493340312882e+01 8.946769760949223382e+00
1.793839498633164737e+02 2.058334060373407937e+01 9.053270226254870323e+00
1.793768757633920643e+02 2.058262810446111857e+01 9.082668091665212273e+00
1.793897552783109290e+02 2.058325699412551657e+01 9.002046617809574158e+00
1.794727105508055729e+02 2.062921683243180482e+01 8.941589600418774708e+00
1.795176598034083497e+02 2.065802579538184247e+01 8.913696707962543542e+00
1.795922359390449685e+02 2.074899668469726066e+01 8.831813819577735813e+00
1.796525439132204838e+02 2.070486535217821356e+01 8.922839236898738591e+00
1.797961597743267532e+02 2.071358256267085451e+01 9.011549031582621438e+00
1.797673726225789608e+02 2.072238338277205827e+01 8.949234426801606190e+00
1.796324921479671843e+02 2.064678575583086229e+01 8.927430494968882968e+00
1.794295825335892403e+02 2.054232827313441589e+01 8.892837928226603239e+00
1.793364668760542031e+02 2.056615337637410690e+01 8.889813441516896120e+00
1.794151035305065989e+02 2.069382161344733362e+01 8.961306927237830067e+00
1.796734208689582886e+02 2.080121633804455428e+01 9.071308090501949195e+00
1.797206203105915279e+02 2.080873029721398382e+01 9.158443843424649344e+00
1.798541303146629389e+02 2.086290932356191519e+01 9.170065579014714530e+00
1.799004318618042362e+02 2.088733423486302598e+01 9.166423108241726680e+00
1.800077102599895227e+02 2.095320043040772262e+01 9.191004333158844020e+00
1.800504929331704886e+02 2.099820057581574062e+01 9.189786541034141720e+00
1.799366675391147510e+02 2.098362342232303845e+01 9.161842755772697799e+00
1.798232129354969970e+02 2.092778310940499154e+01 9.158403856220555639e+00
1.797121866457279111e+02 2.091298784388995458e+01 9.112200459489326221e+00
1.795141627406502778e+02 2.088109259582388333e+01 9.046770487989297393e+00
1.794274304949688883e+02 2.086848208573256613e+01 8.985324696097249486e+00
1.794511429069970347e+02 2.086524312220089428e+01 8.963458965858198013e+00
1.794149544872913395e+02 2.079258637236084439e+01 8.925467486767869829e+00
1.791933235909963287e+02 2.066280608387134166e+01 8.899988367358808716e+00
1.787621706508462864e+02 2.056527729308439589e+01 8.768688565113709643e+00
1.784263253940557092e+02 2.046563281568079873e+01 8.665274384924096296e+00
1.781145451637294173e+02 2.035445748269644639e+01 8.533960041877508118e+00
1.779134240679346135e+02 2.025575452218926387e+01 8.463142703425813096e+00
1.777982718257430292e+02 2.016757546675972890e+01 8.437416390391438981e+00
1.777699572500436318e+02 2.012807174431454627e+01 8.445024864770546813e+00
1.777361026289769086e+02 2.014538620368754707e+01 8.417262839527714036e+00
1.775941771360437258e+02 2.010442840109346818e+01 8.326542779037980679e+00
1.776610357412900498e+02 2.007295847147094747e+01 8.421755947187808289e+00
1.776642819752224796e+02 2.010527903798057281e+01 8.400897167451869763e+00
1.775798544465770874e+02 2.006580439713837194e+01 8.328454894433781064e+00
1.775616239167102890e+02 2.001240330367009790e+01 8.293106206014074999e+00
1.775328440353632402e+02 1.999840051183621270e+01 8.277423951608213315e+00
1.775089280521142427e+02 1.997749083929506142e+01 8.229377508288257204e+00
1.774561922003140921e+02 2.001797606584074884e+01 8.220184086546851177e+00
1.773530688361542502e+02 2.005857761879834911e+01 8.221689059500960184e+00
1.773392877915430574e+02 2.012107761879834911e+01 8.199659745245158504e+00
1.772963742511487339e+02 2.013114348862909253e+01 8.187234630372826061e+00
1.772385418484266779e+02 2.013920999825510449e+01 8.147331035886697492e+00
1.773009727796195989e+02 2.006964316873146004e+01 8.179975135229453187e+00
1.773188506950503154e+02 2.005145262606874823e+01 8.205145262606874823e+00
1.773970911126621388e+02 2.006609884836852231e+01 8.191913133251905066e+00
1.775421283371139509e+02 2.014047141278427233e+01 8.270099022858140358e+00
1.777188245216076439e+02 2.018257793869598160e+01 8.301576222881404732e+00
1.777717384982260285e+02 2.015750959692898192e+01 8.362422206712034622e+00
1.778928088466236375e+02 2.015813121619263626e+01 8.394182952364333872e+00
1.778894790030826414e+02 2.017323910893968630e+01 8.412478915837841242e+00
1.778396840283836582e+02 2.013393532251497575e+01 8.433759378816960250e+00
1.778095627580992186e+02 2.011537398941429799e+01 8.399457628104460838e+00
1.777112923864363268e+02 2.007412537079043702e+01 8.348190397254697359e+00
1.776685351596580063e+02 2.002285450474030171e+01 8.346074710638049510e+00
1.777082715349270075e+02 2.006675681963589852e+01 8.344718780899203381e+00
1.777446453498516803e+02 2.000330076193799655e+01 8.303153899842959262e+00
1.777690230035479431e+02 2.002630430989356114e+01 8.276718722735997957e+00
1.777666492177048667e+02 2.005712717384982113e+01 8.383568167277379857e+00
1.776566698656429821e+02 2.009498415052637554e+01 8.434540946896992963e+00
1.776665030826499105e+02 2.015543389751643133e+01 8.457519048449951171e+00
1.776936071366253600e+02 2.013157607747339028e+01 8.532266038504042527e+00
1.777223906531727948e+02 2.015223492118885673e+01 8.533960041877508118e+00
1.778260847437910854e+02 2.020578505787239010e+01 8.574027220380386893e+00
1.778628838771593053e+02 2.027231285988483833e+01 8.484368638399349294e+00
1.778855348106787631e+02 2.034793593322864069e+01 8.439095852963415467e+00
1.778570275693596159e+02 2.040066814982841947e+01 8.491322776711452747e+00
1.778397640027918385e+02 2.045073576455534337e+01 8.428379282266037720e+00
1.777847743267608962e+02 2.044487218635491033e+01 8.356035159658000921e+00
1.777336234223230349e+02 2.042463502588262614e+01 8.335190920723549723e+00
1.776883579072878376e+02 2.045450183214098772e+01 8.274784796137963028e+00
1.776877544640260567e+02 2.047636392717966558e+01 8.252995405106728910e+00
1.777160872157273275e+02 2.043581690222764990e+01 8.232314750189029695e+00
1.776800514744372776e+02 2.043388297562961498e+01 8.215029372419007103e+00
1.777006739661490258e+02 2.047520066306054787e+01 8.219591548886175048e+00
1.777277234921188835e+02 2.048236927819461428e+01 8.258484557668818837e+00
1.776904881347059870e+02 2.049161359274123129e+01 8.232387454196475218e+00
1.775756267085441777e+02 2.042736869656255294e+01 8.216105391729191965e+00
1.774991711743151370e+02 2.040965800034897981e+01 8.141289332868026918e+00
1.774356714942127553e+02 2.033524544872913253e+01 8.303422904670505034e+00
1.773301634386087358e+02 2.020989283429302574e+01 8.375305356831269421e+00
1.773323554644331921e+02 2.015273657884022640e+01 8.432083551445355596e+00
1.775279692316640592e+02 2.024828055022392803e+01 8.541775722677833471e+00
1.777162180829407419e+02 2.030894840923631861e+01 8.458609608561623361e+00
1.780112254987494964e+02 2.032762243354853737e+01 8.503918746001279061e+00
1.781610829988948979e+02 2.038453513057639910e+01 8.532811318559879510e+00
1.783241508171930434e+02 2.046286642819752188e+01 8.559104722852323377e+00
1.784143292328273276e+02 2.049346390973070342e+01 8.617744140057000735e+00
1.784999272959925634e+02 2.050837186645727783e+01 8.631568807072646621e+00
1.784806861804222535e+02 2.052935060780550103e+01 8.579625428953644217e+00
1.784835870703193166e+02 2.057955272494620047e+01 8.517405339382307261e+00
1.784027147676380025e+02 2.055696722503344276e+01 8.420101931018438179e+00
1.784095962019426622e+02 2.056404496015820271e+01 8.424344209852847598e+00
1.784078840225673162e+02 2.054657055196882354e+01 8.571577095329494966e+00
1.784155942825568673e+02 2.059574390740417726e+01 8.567327546094340107e+00
1.784045578142267061e+02 2.055680364101669255e+01 8.643019688245216159e+00
1.784979170301866986e+02 2.056997760716570767e+01 8.700074158087593545e+00
1.785377879078694718e+02 2.056153667190135437e+01 8.715600098877450463e+00
1.786236767870645110e+02 2.054388050369336227e+01 8.761977985226545584e+00
1.786315106438666760e+02 2.053638835572616728e+01 8.729922788344094187e+00
1.786426670738091218e+02 2.059520953294945755e+01 8.700474030128541258e+00
1.786381776013493834e+02 2.056817454778107290e+01 8.683719391612866545e+00
1.785448220205897769e+02 2.051185438841389086e+01 8.605322660385040123e+00
1.783653739894143087e+02 2.037770822427732043e+01 8.585220002326527933e+00
1.783413016925492798e+02 2.031094413424067824e+01 8.587375676147269488e+00
1.783485975396963852e+02 2.019702786017565188e+01 8.591043593322863714e+00
1.783030448438317990e+02 2.007120994009189729e+01 8.599484528587215237e+00
1.783317265747687941e+02 2.007496510207642615e+01 8.605286308381318250e+00
1.783855311754784054e+02 2.009142165416157866e+01 8.653052841272611317e+00
1.783887519630081897e+02 2.016467094166230467e+01 8.603810417030187452e+00
1.784057101727447332e+02 2.029541455825044949e+01 8.557454341883325100e+00
1.784192840109346889e+02 2.035795454545454675e+01 8.518674024312220538e+00
1.784747026406095642e+02 2.038866108299889390e+01 8.574572500436223876e+00
1.785608496190309893e+02 2.048917073809108302e+01 8.552993951026580888e+00
1.786143161461059776e+02 2.049503431629151251e+01 8.557730617111614535e+00
1.783681985401035206e+02 2.042615453963822603e+01 8.494648985052055679e+00
1.778402620252428221e+02 2.033675405688361693e+01 8.329774472168905319e+00
1.777942113069272239e+02 2.023967239574245269e+01 8.330028936194963762e+00
1.778197413191415137e+02 2.029425129413133178e+01 8.374200255918106350e+00
1.780872920665387085e+02 2.032830221601814813e+01 8.552870354213924386e+00
1.783130016576513697e+02 2.040216221718140943e+01 8.605093642761589834e+00
1.784884037108125483e+02 2.041226080381550645e+01 8.674038853021578177e+00
1.785480500785203333e+02 2.042866646309544620e+01 8.712364770546152215e+00
1.785944134240679375e+02 2.044410152387599666e+01 8.676558046879543795e+00
1.786173479032164266e+02 2.047800703774792197e+01 8.619696242656894825e+00
1.785814721107427374e+02 2.043955025300994421e+01 8.592839382306753038e+00
1.783374920025591734e+02 2.038580018030593877e+01 8.544454865352177464e+00
1.782307770604315635e+02 2.038849749898214370e+01 8.504540365264933399e+00
1.782576230151805987e+02 2.036093177455941472e+01 8.474822602221834700e+00
1.782679033618333051e+02 2.041378758797185000e+01 8.523945064851973896e+00
1.783449696097248989e+02 2.046398243471180223e+01 8.557585209096725265e+00
1.783819105159076344e+02 2.053952916884778546e+01 8.580337928226603239e+00
1.784710601698365622e+02 2.061563572384109833e+01 8.572733089047869015e+00
1.785113490955621387e+02 2.064253257139533559e+01 8.601411184784504727e+00
1.786508390042459098e+02 2.063886101901936954e+01 8.648512476007677918e+00
1.786445064851974678e+02 2.062534534403536313e+01 8.676619845285872046e+00
1.787118413016925444e+02 2.065054818821613480e+01 8.670141918222531885e+00
1.787733634327924221e+02 2.063891918222532595e+01 8.732194788576746802e+00
1.787756536090269321e+02 2.070406560809631813e+01 8.647894491944395412e+00
1.787878533414761932e+02 2.073581181294713005e+01 8.653296399697550711e+00
1.787467864828709310e+02 2.076459169429418949e+01 8.573314721107427872e+00
1.787868645669749412e+02 2.075543825975687895e+01 8.602367242482404919e+00
1.787919393066945872e+02 2.079888617460594347e+01 8.609492235212004019e+00
1.788094682428895510e+02 2.082974175536555705e+01 8.597637846798114936e+00
1.787856431396498635e+02 2.082816407840400075e+01 8.597841418018960624e+00
1.787729199383470018e+02 2.086117896818472772e+01 8.553931832722620143e+00
1.787745812249171138e+02 2.084821947885767557e+01 8.524632117722328317e+00
1.787406611702436976e+02 2.082947275053800951e+01 8.495561420345488557e+00
1.787440855289943613e+02 2.077000814284883390e+01 8.528045570871865877e+00
1.786215029372418996e+02 2.072392470772988915e+01 8.560413394986332136e+00
1.782632975629616681e+02 2.060853617751410383e+01 8.476367562380039189e+00
1.777794233118129341e+02 2.045646847554237269e+01 8.360528267318095175e+00
1.776360691851334934e+02 2.039345954749025935e+01 8.302172395742452693e+00
1.776399479439306788e+02 2.043461365090443849e+01 8.312776275228291212e+00
1.778569294189495622e+02 2.049263508404583334e+01 8.442149421276100796e+00
1.781101574768801186e+02 2.062353137904961287e+01 8.484343191996742917e+00
1.781116333682312529e+02 2.064910137846798222e+01 8.460583522363751996e+00
1.781368652940149957e+02 2.071384793229802668e+01 8.494787122666201284e+00
1.782899835688943142e+02 2.066181003896934953e+01 8.572682196242656261e+00
1.784500341708834981e+02 2.069582097365206863e+01 8.614603326935380778e+00
1.784728050660152405e+02 2.066066858605246281e+01 8.632721165590647061e+00
1.784554106322340488e+02 2.062035057872390098e+01 8.652736578840226400e+00
1.783381172570232138e+02 2.055363738149246799e+01 8.607583755016577243e+00
1.782171232478334275e+02 2.055123814924678527e+01 8.541492177048798595e+00
1.781968679113592771e+02 2.059719435235270169e+01 8.492260658407492002e+00
1.782027387599604538e+02 2.061983074507066860e+01 8.496041266794625457e+00
1.782707497237247765e+02 2.066965116617227949e+01 8.515180596754493791e+00
1.783711939452102513e+02 2.071545105566218936e+01 8.464087855522596016e+00
1.784148308904786973e+02 2.076197435002617198e+01 8.530779241551794456e+00
1.785292088349909818e+02 2.081222735997208062e+01 8.524912028150991361e+00
1.786592981155121151e+02 2.084435526086197754e+01 8.548130052928517131e+00
1.787247353574128965e+02 2.088893372302681328e+01 8.509491508171930008e+00
1.788254085965218394e+02 2.093145102658058576e+01 8.532942185773279675e+00
1.788487611237131318e+02 2.097454996219391532e+01 8.590341999651020188e+00
1.788770466178095830e+02 2.095004507648461711e+01 8.627919065898911555e+00
1.789440324550689354e+02 2.097042037457104513e+01 8.655037660675857225e+00
1.789987749374745647e+02 2.096211394172046738e+01 8.626315942534752423e+00
1.790081719304368164e+02 2.099755351014947991e+01 8.683257721165590581e+00
1.790646084162158900e+02 2.100945879136857997e+01 8.708456930145990427e+00
1.791089469551561706e+02 2.101698729133950039e+01 8.727283632873843899e+00
1.791233859710347360e+02 2.104734848484848442e+01 8.690335456290350535e+00
1.791550231198743575e+02 2.106851989181643603e+01 8.645931483743384049e+00
1.791724611760600112e+02 2.103567949165357831e+01 8.699259873204210791e+00
1.790672003140813047e+02 2.103895480718897204e+01 8.680095096841737856e+00
1.786258651776885813e+02 2.090540845111382495e+01 8.588887919502122159e+00
1.779319999418368070e+02 2.072106744023730585e+01 8.494387250625255348e+00
1.775131666957482821e+02 2.066019237480369952e+01 8.311024108648869202e+00
1.775222728726807304e+02 2.074664107485604703e+01 8.269397429186296833e+00
1.778038773047170480e+02 2.097783981853079638e+01 8.351316669574826435e+00
1.779905339382306693e+02 2.120978014308148829e+01 8.283265718606410033e+00
1.779789521898447049e+02 2.135667495492351620e+01 8.270862414936312135e+00
1.779385251265049703e+02 2.143051314488454651e+01 8.244874367475135912e+00
1.779671705054382471e+02 2.143148737858430763e+01 8.218562787180829332e+00
1.778813434246495717e+02 2.143148374338393580e+01 8.191618682021752917e+00
1.778849313674169821e+02 2.146695602861629837e+01 8.214622229977315726e+00
1.777750465305647651e+02 2.141682298028267439e+01 8.195508346420055545e+00
1.776857042110161160e+02 2.137785726749258330e+01 8.222197987553073517e+00
1.777794923806200131e+02 2.145268423195486562e+01 8.262817716512534716e+00
1.778631165299831309e+02 2.151451171988599853e+01 8.232554673413599033e+00
1.779621430233234491e+02 2.158988759960449144e+01 8.302630430989356825e+00
1.779772618216716182e+02 2.169318908858256378e+01 8.311158611062641199e+00
1.781007423079160219e+02 2.185092406793462416e+01 8.359579480020938647e+00
1.781936434886291067e+02 2.190175507473971805e+01 8.450928430175071782e+00
1.782393597685104396e+02 2.196085616239167138e+01 8.417400977141859642e+00
1.782521665794218677e+02 2.198306723666608420e+01 8.371492031640784148e+00
1.783477796196126235e+02 2.197297592043273440e+01 8.443996103065201098e+00
1.784289754551270732e+02 2.200489661490141202e+01 8.524152271273193193e+00
1.784901558773919703e+02 2.206650599081021369e+01 8.493263973710231340e+00
1.785573016634676833e+02 2.215871284825219689e+01 8.459761967079625578e+00
1.786788773047170480e+02 2.228394550107601901e+01 8.471329174664107953e+00
1.787883768103297939e+02 2.232050834642005555e+01 8.459743791077764641e+00
1.788924671377886284e+02 2.238898461583202604e+01 8.517212673762577069e+00
1.790524704821729642e+02 2.243868507532135226e+01 8.581366689931948954e+00
1.791297293956842793e+02 2.243353036119350818e+01 8.607082097365207574e+00
1.790308773919618375e+02 2.239962484732158288e+01 8.582744430873029629e+00
1.789177681323794502e+02 2.236533036700982890e+01 8.608739748734949515e+00
1.787404975862269509e+02 2.233792459140347830e+01 8.556970860233816367e+00
1.783262119758041138e+02 2.225966963299017110e+01 8.381710579887164059e+00
1.780445930029663373e+02 2.218317774675740139e+01 8.360266532891293068e+00
1.778912711568661678e+02 2.229960230907927610e+01 8.322093293782353740e+00
1.778858292619089241e+02 2.244207308206828344e+01 8.317923718955388068e+00
1.779146745768626658e+02 2.258398403419996470e+01 8.366308235909963642e+00
1.780050347525155701e+02 2.267672890129703944e+01 8.370983103588669039e+00
1.779570246611993127e+02 2.278754798464491316e+01 8.333613243761996969e+00
1.779703185889606232e+02 2.285492642354446602e+01 8.223622986098993337e+00
1.778455439713837052e+02 2.276922293956842935e+01 8.219220758448205544e+00
1.777200750305356962e+02 2.269743136741697143e+01 8.131190746233931677e+00
1.777007066829523581e+02 2.269347626941197049e+01 8.071682516140290531e+00
1.776164936311289466e+02 2.272513159425347595e+01 8.053201157447798408e+00
1.776242002559181117e+02 2.276191982202059094e+01 8.088684348281276471e+00
1.777426496248473313e+02 2.280578942011283772e+01 8.130158349328214129e+00
1.778892645262606891e+02 2.282394361077182410e+01 8.178106642238120116e+00
1.780128431629151464e+02 2.285718024777525770e+01 8.197002413773047280e+00
1.781544051358110892e+02 2.294250567091258119e+01 8.231060606060605522e+00
1.782801757982900028e+02 2.301944105159076415e+01 8.299700459489326221e+00
1.784329196475309800e+02 2.311594835107311141e+01 8.338168149828417697e+00
1.785758811725702344e+02 2.313846114697842182e+01 8.426856133310067776e+00
1.786412602512650381e+02 2.317858285348688341e+01 8.409363549118827663e+00
1.786871655615657630e+02 2.317490403071017369e+01 8.525802652242191471e+00
1.786562445471994351e+02 2.304792648170767322e+01 8.552434130169254800e+00
1.786621444774035865e+02 2.299351843773628801e+01 8.578156808003257083e+00
1.787674089745826791e+02 2.306725847728726819e+01 8.634389722561508052e+00
1.789253438899552009e+02 2.314505903565404665e+01 8.688975891351130798e+00
1.789658654685046315e+02 2.310002253824230678e+01 8.689223084976443801e+00
1.789389686209503907e+02 2.303718082940731549e+01 8.639333595067760996e+00
1.788470852963415325e+02 2.300100695050311117e+01 8.571867911359273506e+00
1.788520582504507672e+02 2.290172235793636801e+01 8.592595823881811867e+00
1.788009327924155230e+02 2.279942781946141039e+01 8.547319403245506209e+00
1.786974749898214441e+02 2.267916448554644404e+01 8.538638544756587123e+00
1.786527583900424645e+02 2.266274428546501341e+01 8.534418077124410473e+00
1.786715414703658382e+02 2.266785537718839194e+01 8.564597510614785136e+00
1.786747295410923186e+02 2.262449107194788667e+01 8.581592072355027412e+00
1.787598622986099031e+02 2.256088597103472182e+01 8.641830977723492069e+00
1.789076622753446202e+02 2.256132219507939141e+01 8.677303262955854635e+00
1.790023265282382283e+02 2.266109026929564507e+01 8.697805793055312762e+00
1.792091149014133578e+02 2.275892441691386026e+01 8.714709474786250354e+00
1.793299853137905018e+02 2.289858881521549350e+01 8.712659221776304364e+00
1.794350389693479997e+02 2.291011967079625578e+01 8.764504449485254867e+00
1.794369619903449120e+02 2.281016256616064553e+01 8.834049467806664779e+00
1.793034592566742162e+02 2.264105304484383296e+01 8.865192229395685075e+00
1.791077255278310929e+02 2.252437765369627343e+01 8.830621473855638115e+00
1.789805734892107125e+02 2.249255510963764237e+01 8.784072733089047347e+00
1.790206879253184411e+02 2.257625923340894403e+01 8.865210405397546012e+00
1.791969951433723054e+02 2.264314328505787088e+01 8.916721194672250661e+00
1.792489748734950297e+02 2.269112429477112869e+01 8.917430058744837851e+00
1.793649414005699896e+02 2.277778383644506377e+01 8.892241755365555278e+00
1.794518263246670244e+02 2.283311522131099736e+01 8.944010643866690202e+00
1.796182821497120869e+02 2.291955301576222936e+01 8.969260745652301026e+00
1.798118711103356020e+02 2.301789972663293327e+01 9.032455068923399111e+00
1.798053641016692836e+02 2.300945879136857997e+01 9.006830541499446952e+00
1.798116457279125200e+02 2.301958645960565519e+01 9.018688565113709643e+00
1.797583645960565377e+02 2.303615933810271699e+01 8.951121095794800198e+00
1.797586372360844393e+02 2.305804687954400123e+01 8.955857761879835621e+00
1.797098383062874518e+02 2.297212891874600160e+01 8.933494009189786311e+00
1.796574114465189211e+02 2.293792895364392592e+01 8.857790961437794763e+00
1.796668520618856633e+02 2.288432428895480797e+01 8.871510207642645085e+00
1.797250661606467759e+02 2.290057363461874118e+01 8.909857936369451892e+00
1.795582722619670903e+02 2.280183068690746140e+01 8.810384313383353927e+00
1.789492562380038407e+02 2.238553481067876305e+01 8.720249520153551259e+00
1.782133717210492705e+02 2.207444890362356915e+01 8.572871226662012845e+00
1.779430436805676834e+02 2.203554135403943448e+01 8.526580585121852351e+00
1.780616966207177256e+02 2.219351625661606420e+01 8.632034112720292640e+00
1.783458638690164548e+02 2.239507721165590581e+01 8.725695050311173873e+00
1.785667931716396311e+02 2.259034563485139202e+01 8.757615744779851497e+00
1.787575539463735197e+02 2.284742336997615197e+01 8.741359128715174620e+00
1.789040125341708745e+02 2.294071351712906548e+01 8.738759960449019815e+00
1.789708020706101195e+02 2.307784054557087217e+01 8.777100418775082957e+00
1.789855028209154852e+02 2.335519906357238540e+01 8.750196300820102024e+00
1.792480442621997270e+02 2.357563397894491786e+01 8.789227447216891420e+00
1.794707620834060435e+02 2.369696606176932363e+01 8.894157505961729271e+00
1.794847939568429069e+02 2.373840007561216936e+01 8.913373175129413184e+00
1.795630670912580626e+02 2.371228479613796480e+01 8.948990868376665020e+00
1.795542408247542596e+02 2.365995245157913018e+01 8.971772669109521203e+00
1.795369881637875835e+02 2.361178604664689118e+01 8.945130285581340601e+00
1.795994954341883272e+02 2.359725615075902994e+01 8.966777903798057281e+00
1.795972307043564342e+02 2.353633382772058269e+01 8.892158145756994259e+00
1.796319723143139697e+02 2.352382510323969100e+01 8.815873465945442078e+00
1.795848092246844772e+02 2.351113098353981101e+01 8.829887163380446324e+00
1.795982267492584299e+02 2.353663191415110845e+01 8.843900860815448794e+00
1.795834932821497034e+02 2.354052521374978113e+01 8.912587971849008639e+00
1.795795127377421068e+02 2.357340196591636072e+01 8.880576397371022779e+00
1.796126512243354796e+02 2.360770371662886191e+01 8.950928430175071782e+00
1.797358736113534690e+02 2.360086226952829591e+01 9.027147676379922103e+00
1.799204509102541749e+02 2.368771811202233479e+01 9.040572471354620276e+00
1.799884618740184976e+02 2.368410835805269699e+01 9.044553015762229364e+00
1.797684958994939848e+02 2.351398825103239787e+01 8.926790699703367693e+00
1.791597961379631272e+02 2.328012127028441824e+01 8.724128278950736615e+00
1.785085463560751577e+02 2.296400061071366139e+01 8.523850549642295604e+00
1.780963909730704415e+02 2.295006688768684810e+01 8.440575379514918097e+00
1.780733292619089241e+02 2.309608198103879317e+01 8.452549729541091850e+00
1.783119510847437823e+02 2.330508419124062058e+01 8.448380154714127954e+00
1.785836168789623741e+02 2.346166681207468230e+01 8.572547693828884263e+00
1.787461394172046880e+02 2.358793913220496563e+01 8.671043447914849267e+00
1.788508549991275629e+02 2.363657811318559965e+01 8.693563514220903343e+00
1.789661708253358938e+02 2.366370397836328721e+01 8.650326440993428179e+00
1.790931156575350371e+02 2.362551983365323238e+01 8.675194846739952226e+00
1.790436151340661866e+02 2.357741886232768991e+01 8.656386320013959690e+00
1.789577008084685588e+02 2.347720365846565471e+01 8.648450677601349668e+00
1.788218351945559164e+02 2.338549845867504118e+01 8.551983365323096109e+00
1.787034076368289561e+02 2.339337230268132473e+01 8.538493136741697853e+00
1.786734535857616493e+02 2.343599866224626282e+01 8.556792735415575279e+00
1.787078898388879225e+02 2.349936383993485833e+01 8.481355057290757671e+00
1.788029176118187706e+02 2.352918338858837899e+01 8.542484586750422437e+00
1.788930669458500518e+02 2.358703033211190458e+01 8.623458675042169119e+00
1.789961394172046880e+02 2.364290336183330510e+01 8.545320043040772973e+00
1.791434704530913677e+02 2.369891089396847406e+01 8.508742656895247336e+00
1.792372767986971382e+02 2.368090574652474700e+01 8.581893793985925001e+00
1.792732471063804951e+02 2.372735997208166125e+01 8.596056534636188573e+00
1.792900235560984186e+02 2.372247062758099290e+01 8.584667451869947286e+00
1.792825314081312058e+02 2.369734775780840863e+01 8.651544233118128702e+00
1.792076862676670714e+02 2.367474044669342348e+01 8.640027918338859081e+00
1.791788554935147886e+02 2.369516663758506425e+01 8.582551765253301213e+00
1.790837404757750164e+02 2.370326949921479809e+01 8.555156895248066107e+00
1.788212353864944930e+02 2.361457061013203074e+01 8.452731489559704769e+00
1.783419960158203992e+02 2.331340516489268921e+01 8.402932879660326648e+00
1.778080032571395463e+02 2.304247731634967877e+01 8.273210754376782106e+00
1.776520095387657818e+02 2.297470991101029369e+01 8.219729686500320653e+00
1.777639518990286831e+02 2.308026158901878588e+01 8.248716774268597618e+00
1.780510018612226020e+02 2.317452960507183235e+01 8.373509567847380097e+00
1.782857594660617622e+02 2.325743761996161396e+01 8.463586197871226346e+00
1.784454392776129907e+02 2.333180654917699215e+01 8.483997847961379790e+00
1.785815411795498164e+02 2.337131390682254306e+01 8.517143604955505154e+00
1.786062278252777276e+02 2.332286759146164101e+01 8.532662275344616631e+00
1.786531400860815495e+02 2.336847118013144708e+01 8.568000058163205424e+00
1.786224844413424080e+02 2.333761196417146522e+01 8.489221630896295778e+00
1.785206115861106184e+02 2.334330468795440083e+01 8.467861193508985806e+00
1.784490853835863504e+02 2.332160981213284501e+01 8.446984237771186343e+00
1.783625639795265556e+02 2.338402983772465404e+01 8.408629238643634096e+00
1.783484848484848442e+02 2.341089033327516944e+01 8.418422468446459916e+00
1.784175754667597289e+02 2.348312176467166879e+01 8.444777671145233811e+00
1.785658480195428410e+02 2.356801823416506636e+01 8.437292793578782479e+00
1.786488941720467665e+02 2.362571976967370446e+01 8.439568429011806927e+00
1.786955592392252754e+02 2.365411431978130707e+01 8.444941255161984017e+00
1.787202058977490822e+02 2.369533749200255812e+01 8.461612284069097711e+00
1.788105878846041890e+02 2.368599139184551916e+01 8.578280404815913585e+00
1.788611789681847313e+02 2.376546777758390050e+01 8.493420287326237883e+00
1.789197311405804669e+02 2.382516867329727361e+01 8.535054237189553916e+00
1.789839796719595313e+02 2.385249810969580508e+01 8.606053335659861858e+00
1.790679637061594747e+02 2.390885462106671255e+01 8.754322253242598606e+00
1.791213611644273840e+02 2.396484034199965052e+01 8.808533996393881793e+00
1.791112734833943989e+02 2.397981373233292501e+01 8.837357500145408551e+00
1.788990177688594088e+02 2.389137294247658971e+01 8.808232274762984204e+00
1.783015653172802786e+02 2.364657127900889932e+01 8.608852439946490520e+00
1.777761988890827638e+02 2.343412289885418431e+01 8.415623364159833031e+00
1.775271004187750918e+02 2.328497789798173656e+01 8.323641889140930061e+00
1.775866813528761838e+02 2.336985982667364681e+01 8.267296283371139864e+00
1.778467763043098842e+02 2.347364843250159794e+01 8.328807508869889631e+00
1.780923522654568671e+02 2.364138748327807704e+01 8.312158291165008706e+00
1.781564154016169255e+02 2.372508797184900686e+01 8.402034985168382875e+00
1.782092857558308481e+02 2.377309442796487104e+01 8.401453353108824018e+00
1.782992206130401769e+02 2.379426583493282266e+01 8.382466701564590394e+00
1.784038816669574885e+02 2.379765020647938201e+01 8.442814662944220672e+00
1.783496917350084345e+02 2.380110001163264144e+01 8.453709358459837730e+00
1.782744321817018545e+02 2.380479701041121388e+01 8.385894695515617059e+00
1.781501083289711005e+02 2.387117576920839923e+01 8.278725353341476634e+00
1.780310518815797138e+02 2.392505307392543301e+01 8.175641976385739085e+00
1.781007204967137909e+02 2.401795425463851430e+01 8.188626912115395839e+00
1.781415547024951991e+02 2.406628060838713523e+01 8.225055255045658598e+00
1.783137250625254353e+02 2.413926816146106091e+01 8.291993834700168264e+00
1.785276238876286925e+02 2.417009829581806457e+01 8.479835543535159559e+00
1.786335899784796197e+02 2.419592275926249059e+01 8.597459721979875624e+00
1.788024850229744800e+02 2.423555007852032972e+01 8.701928110277439288e+00
1.788708486011748846e+02 2.427806011167335498e+01 8.786144797301227882e+00
1.789071751584947378e+02 2.422128918746001247e+01 8.841109026929563797e+00
1.788635491188274216e+02 2.428272770895131671e+01 8.723270371662886546e+00
1.788697762170650947e+02 2.429580352469028171e+01 8.650908073052987035e+00
1.788966076310126141e+02 2.434768146920258403e+01 8.530615657535042473e+00
1.788299126097830651e+02 2.437473826557319967e+01 8.499887308788460771e+00
1.788342675798290031e+02 2.436073547373931092e+01 8.499890943988832603e+00
1.787809355551677868e+02 2.431548086430523981e+01 8.525897167451869763e+00
1.786750530739254259e+02 2.440520851509335287e+01 8.525704501832141347e+00
1.783279241551794314e+02 2.430414630954458133e+01 8.410479555633106230e+00
1.776439757459431235e+02 2.405328113185598937e+01 8.268652213109985993e+00
1.770903892572558505e+02 2.383625603443261909e+01 8.077713313557843833e+00
1.768982180247775204e+02 2.379544000465305587e+01 7.986088088175420374e+00
1.770064052230559071e+02 2.388868652940150028e+01 7.952153492700517745e+00
1.771522894491944271e+02 2.404356787646134919e+01 7.985262897690920347e+00
1.772593024777525841e+02 2.429291354039434481e+01 7.934977170941662550e+00
1.773667590007561330e+02 2.446209576571860467e+01 7.928604664689117953e+00
1.773408654685046315e+02 2.459546763217588605e+01 7.940658989123480893e+00
1.774265980340836393e+02 2.484517681614610751e+01 8.119529023439772786e+00
1.774989566974931563e+02 2.501708907694992234e+01 8.146687605420810385e+00
1.774763203047751858e+02 2.515220220438550669e+01 8.122640754958412757e+00
1.772094566102483668e+02 2.519136058279532264e+01 8.052837637410574345e+00
1.769180262316058929e+02 2.526502791833885908e+01 7.904939510265806213e+00
1.766839702204385389e+02 2.534461336008840959e+01 7.787013610190193447e+00
1.765371699238062035e+02 2.544058992031640898e+01 7.708755016576513519e+00
1.765388021287733409e+02 2.548970511254580273e+01 7.694585005525504506e+00
1.765316407840400075e+02 2.553071017274472254e+01 7.641176641656487689e+00
1.765796145233525181e+02 2.553490155877392098e+01 7.704999854591985553e+00
1.766062132844762402e+02 2.559746699238062106e+01 7.744619903449078357e+00
1.765928611935089805e+02 2.562439292153783654e+01 7.748335078229511730e+00
1.765242867736869528e+02 2.563258666317687329e+01 7.788722154365149031e+00
1.764869423602629013e+02 2.563009655092188765e+01 7.710659861571570239e+00
1.765483154481474912e+02 2.565239123480486327e+01 7.696544378526144037e+00
1.766105682545221782e+02 2.557283850985866280e+01 7.668553335659861858e+00
1.767915975978596066e+02 2.555938463328098820e+01 7.765522305589484198e+00
1.768237400395509837e+02 2.559094544291281181e+01 7.767267201768161655e+00
1.767086895829698108e+02 2.553051750712499413e+01 7.786475600535101904e+00
1.766933563077996894e+02 2.545101203978363458e+01 7.739385214913045985e+00
1.767411046646891180e+02 2.547997368114930339e+01 7.802226923748037279e+00
1.767867373349619129e+02 2.549473986506136214e+01 7.875781568080032713e+00
1.768197413191415137e+02 2.553074288954807258e+01 7.895131739661490400e+00
1.768664936311289466e+02 2.559362822078752941e+01 7.886858023614261803e+00
1.769435089862153063e+02 2.559604926423544313e+01 7.953505787238992930e+00
1.767957271854824626e+02 2.552965232943639862e+01 7.849171901355203040e+00
1.762805720351305752e+02 2.534663816669574743e+01 7.589451375559820967e+00
1.757651333391496564e+02 2.509142165416157866e+01 7.483783371139416829e+00
1.755040168964113434e+02 2.491922948292910078e+01 7.392107252951782392e+00
1.755012396033269226e+02 2.483410036061187753e+01 7.356649508520909819e+00
1.756162282615017602e+02 2.489927586808584792e+01 7.441426016402024501e+00
1.756725593264700649e+02 2.490542662711568767e+01 7.424787704298260849e+00
1.756690622637119645e+02 2.482013028558134238e+01 7.306712761007386980e+00
1.756443029139766168e+02 2.477675870994009344e+01 7.318796167044727241e+00
1.756923093700924881e+02 2.481801096376432270e+01 7.415739690571744092e+00
1.758269499214796667e+02 2.490876737625777793e+01 7.533443843424649344e+00
1.759250966963298879e+02 2.500409323561914832e+01 7.559475513290292881e+00
1.759869423602629013e+02 2.503690818937939966e+01 7.603014308148664746e+00
1.760182850578723901e+02 2.509134895015413136e+01 7.612865701157447873e+00
1.760969726051299915e+02 2.516606685860524806e+01 7.546926801605304824e+00
1.761755329203745646e+02 2.524101741988018333e+01 7.519437416390391427e+00
1.762689103123364021e+02 2.531851625661606420e+01 7.589465916361310072e+00
1.763678132088640780e+02 2.539057683359506612e+01 7.554582533589251803e+00
1.764635607514686342e+02 2.535066596870819566e+01 7.639620775897167704e+00
1.765725767754318554e+02 2.539837433839353054e+01 7.700354068516256589e+00
1.766579349153725218e+02 2.550225382423079168e+01 7.784799773163496361e+00
1.768311194963066271e+02 2.562410937590880167e+01 7.859328651195253812e+00
1.769130968999011202e+02 2.569029546908625505e+01 7.897556418309776838e+00
1.769859208689582886e+02 2.569642805211423209e+01 7.942200314081311774e+00
1.770526849589949450e+02 2.571325539463735410e+01 7.988272843599139250e+00
1.771615519397429068e+02 2.578346565462688389e+01 8.008091956028616565e+00
1.772859957540859739e+02 2.586829669051358138e+01 8.014882510323969811e+00
1.774638188506950485e+02 2.590580832315477267e+01 8.125221747222706625e+00
1.775722750538009791e+02 2.596070348397603667e+01 8.152729308439480960e+00
1.775833660501366751e+02 2.598414325597627084e+01 8.177975775024719951e+00
1.775807850578723901e+02 2.602941604141220111e+01 8.171774123189671002e+00
1.776337935497004707e+02 2.603609026929564507e+01 8.217868463909731247e+00
1.776764308148665066e+02 2.610144753678822838e+01 8.203745710463561380e+00
1.777574557959634660e+02 2.615058817542022851e+01 8.239995928575583051e+00
1.778693181818181870e+02 2.615503039027511178e+01 8.279074332577211592e+00
1.779025802652242305e+02 2.619468679113592913e+01 8.296196126330483978e+00
1.779219268016053093e+02 2.626201797243064107e+01 8.235622782527773467e+00
1.779074914209271299e+02 2.631865075902983619e+01 8.213666172279415534e+00
1.776713124527423986e+02 2.631285988483685045e+01 8.212979119409061113e+00
1.772737960216367128e+02 2.627800194846739856e+01 8.077985953585761436e+00
1.767972321584365716e+02 2.615021374978188717e+01 7.955614203454894451e+00
1.765790801488978161e+02 2.614538256848717523e+01 7.880056563717792173e+00
1.767444490490315729e+02 2.629281175478392285e+01 8.037446199034491201e+00
1.770297759262490445e+02 2.652367606002442812e+01 8.046021636712614722e+00
1.772945602861629766e+02 2.657417989879602160e+01 8.123291455825045304e+00
1.773741675391147510e+02 2.667977883440935116e+01 8.192916448554644404e+00
1.775190448147502025e+02 2.673202756935962299e+01 8.197882132263130117e+00
1.776393481358692554e+02 2.680468431919967287e+01 8.197282324201710324e+00
1.777263493863781889e+02 2.687603966730646121e+01 8.182527045890768846e+00
1.777535479555633060e+02 2.687729381143488538e+01 8.170403652649333992e+00
1.777402249461990209e+02 2.691411112080497858e+01 8.158869161868201658e+00
1.778456312161926292e+02 2.697577138951898945e+01 8.136901646018728229e+00
1.779017623451404688e+02 2.698621532018844960e+01 8.188132524864769834e+00
1.780728894026638613e+02 2.704597074390740374e+01 8.274050485662769461e+00
1.782423660792183000e+02 2.713159425347525300e+01 8.278583580526959196e+00
1.784048231838538925e+02 2.717383528180073426e+01 8.334183970220438553e+00
1.785179506194381531e+02 2.719992875007270428e+01 8.368322136916185983e+00
1.786048573547373906e+02 2.722500072704007579e+01 8.424715000290815325e+00
1.786657324201709969e+02 2.723629165939626517e+01 8.409229046705053889e+00
1.786910334147618187e+02 2.723475396963880613e+01 8.409018205083464537e+00
1.787353065200953779e+02 2.726684915372535301e+01 8.409821584365730018e+00
1.788081377595533183e+02 2.732523410690397370e+01 8.430840312918048696e+00
1.788381427034258024e+02 2.736899101378467947e+01 8.448405601116734331e+00
1.789101124003955192e+02 2.741511443610771792e+01 8.543128017216309544e+00
1.789324652474844299e+02 2.748823285639504377e+01 8.543895044494853153e+00
1.789677666782993128e+02 2.749858227185482562e+01 8.588248124236608660e+00
1.790086263304833381e+02 2.750026173442680033e+01 8.646062350956784215e+00
1.790412304426220089e+02 2.753251686732972559e+01 8.707944366893503485e+00
1.790823227476298598e+02 2.754758113767231009e+01 8.655215785494096536e+00
1.791132873844006212e+02 2.753812234630372657e+01 8.560918687838073637e+00
1.791413911184784524e+02 2.749158087593788125e+01 8.588757052288721994e+00
1.790800689233990681e+02 2.750155950095969359e+01 8.586579567265747670e+00
1.790982958180654805e+02 2.747543695108474537e+01 8.549758622695282639e+00
1.790722059849939001e+02 2.747036584656546410e+01 8.521342261385447259e+00
1.790244539929040855e+02 2.745758811725702486e+01 8.483808817542023206e+00
1.790143372302681257e+02 2.743107660094224443e+01 8.487109579480021537e+00
1.789630336474146475e+02 2.741799715000290760e+01 8.511807130809049937e+00
1.786781066422381343e+02 2.731644419240388544e+01 8.394190222765079312e+00
1.780565746233932316e+02 2.708079232827313376e+01 8.252351974640841803e+00
1.776270357122084533e+02 2.690173326353748706e+01 8.063205228872215358e+00
1.775794000465305658e+02 2.680979177572267957e+01 7.992907724073750941e+00
1.777949129005990869e+02 2.692167233757924905e+01 8.090160239632409045e+00
1.780235560984121435e+02 2.701955010760192977e+01 8.144975426045483857e+00
1.782527518466817753e+02 2.715199499796428739e+01 8.234154161577386333e+00
1.784134640551387179e+02 2.722965378351654664e+01 8.333704123771301653e+00
1.785031844355260944e+02 2.732316204269179494e+01 8.379158669225848399e+00
1.786128729715582040e+02 2.731369961612283959e+01 8.468944483219914332e+00
1.785457599022858233e+02 2.734091272610946177e+01 8.368085848891990253e+00
1.784513283022160124e+02 2.727873989414296574e+01 8.393953934740883582e+00
1.783141358401675234e+02 2.721798115512126870e+01 8.416117751410457259e+00
1.782338706159483479e+02 2.715617911359274217e+01 8.413765776769615456e+00
1.781895647938114280e+02 2.716662304426219876e+01 8.423133688128888963e+00
1.781541761181876211e+02 2.718290510672948201e+01 8.436518495899493431e+00
1.782030186703890990e+02 2.723022450997498822e+01 8.481293258884429420e+00
1.782920338219042549e+02 2.728525053800965594e+01 8.389260891060315473e+00
1.783399603036119458e+02 2.728074288954807258e+01 8.341243529343337570e+00
1.783591468911766356e+02 2.735427572267783347e+01 8.349110102948873902e+00
1.783703542139242586e+02 2.731859623102425516e+01 8.324154452393415227e+00
1.783881376141452790e+02 2.734563485139300809e+01 8.372259058919327757e+00
1.783835536264759014e+02 2.735847074390740374e+01 8.384924097016227762e+00
1.783754834816494963e+02 2.732402358518001506e+01 8.343337404757750875e+00
1.783170149188623270e+02 2.735018248705868515e+01 8.363370994009189374e+00
1.782670563601465687e+02 2.729688681440120845e+01 8.284279939510266644e+00
1.781926074565230067e+02 2.726358837899145016e+01 8.307196242656894825e+00
1.781367816844064578e+02 2.732882932007212062e+01 8.272683650322806059e+00
1.781399261327284478e+02 2.736309835398127177e+01 8.282836764962484111e+00
1.780816066131565094e+02 2.735330875937881601e+01 8.247767986971441090e+00
1.779950597626941260e+02 2.742847743267608962e+01 8.200910254173210845e+00
1.778854402954690954e+02 2.752832184610015531e+01 8.126345024137730633e+00
1.777712659221776335e+02 2.757887294247658971e+01 8.003649741173733290e+00
1.775623146047810224e+02 2.753498880358285206e+01 7.848183126853951919e+00
1.772096601814691894e+02 2.748163496771941894e+01 7.728497789798173478e+00
1.770812067411155795e+02 2.753533414761821518e+01 7.667898999592857479e+00
1.769602818007328437e+02 2.754515282382364916e+01 7.680640376897574839e+00
1.769247259058919326e+02 2.750865177688594088e+01 7.684348281277263659e+00
1.768602556272901722e+02 2.751055298668062576e+01 7.707813499680102431e+00
1.766102883440935329e+02 2.747450997498982161e+01 7.603505060198918031e+00
1.764365766591054410e+02 2.745764264526260590e+01 7.609383179200837510e+00
1.764944272378293419e+02 2.750876083289711005e+01 7.615268568603501542e+00
1.766079036526493269e+02 2.755174344209852677e+01 7.653380009306112619e+00
1.767988062001977596e+02 2.759965901820508449e+01 7.733143575873902442e+00
1.769256855987902100e+02 2.763507677543186247e+01 7.714331413947537186e+00
1.770600353341476136e+02 2.755965363810853219e+01 7.775584540219856677e+00
1.771532709532949355e+02 2.753571947885767557e+01 7.786286570115744432e+00
1.772313877740941166e+02 2.755567309370092488e+01 7.837768277787471760e+00
1.773077233467108726e+02 2.755035479555633060e+01 7.840600098877450463e+00
1.773100753213517180e+02 2.756273265282382212e+01 7.848564822893037807e+00
1.772976211248764002e+02 2.753434900831733856e+01 7.829123771302274548e+00
1.772765187867155134e+02 2.750647065666259650e+01 7.813623276915023119e+00
1.772441182457977220e+02 2.757991988018379459e+01 7.796127057523410286e+00
1.773344638806491105e+02 2.757612473099517203e+01 7.833751381376141687e+00
1.774222248880358279e+02 2.760477010992845948e+01 7.849484528587216126e+00
1.774714018786715428e+02 2.761530855580759436e+01 7.838989705112545892e+00
1.775613185598790267e+02 2.762150657244227148e+01 7.922410283254812668e+00
1.775678364741464463e+02 2.760120034316291537e+01 7.888868289420113200e+00
1.775868740184959051e+02 2.758175565637177939e+01 7.881805095096841463e+00
1.776684588204501836e+02 2.764405208515093193e+01 7.907578665736055612e+00
1.777138115802943048e+02 2.761477418135287465e+01 7.956930145989646874e+00
1.777298828011400076e+02 2.760758011981620541e+01 7.940608096318269027e+00
1.777110597336125295e+02 2.754815913453149534e+01 8.040179869714418004e+00
1.776992707788053281e+02 2.752771840283836369e+01 8.087942767405339239e+00
1.776918440644448367e+02 2.749778979817367386e+01 8.120804978770429727e+00
1.777563943174547774e+02 2.750538373175129436e+01 8.153492700517652736e+00
1.776983583435118987e+02 2.751754711219682292e+01 8.100244285465015182e+00
1.776823489210725313e+02 2.755082373640435023e+01 8.061413075088699642e+00
1.776989399755714487e+02 2.755829770836968606e+01 8.106140580468794710e+00
1.777054506194381531e+02 2.753929651602396333e+01 8.087164834525678359e+00
1.776664267434420879e+02 2.754181570988192718e+01 8.129613069272378922e+00
1.776936035014250024e+02 2.757846580003489834e+01 8.081352149130459850e+00
1.777743303960914432e+02 2.755050020357122165e+01 8.069839469551562061e+00
1.777740795672657441e+02 2.755079465480137202e+01 7.979973681149305165e+00
1.777620070668295114e+02 2.754395684290118140e+01 8.018332315477229244e+00
1.777189263072180552e+02 2.751173806200197802e+01 7.943570784621648784e+00
1.775283472925027581e+02 2.740332184610015531e+01 7.917364625138137768e+00
1.773460892514395368e+02 2.737055778514511672e+01 7.915009015296923245e+00
1.772523774210434340e+02 2.743395204443669044e+01 7.918404292444599868e+00
1.773176837957308294e+02 2.749221340080265108e+01 7.989487000523468829e+00
1.774602527191298691e+02 2.758838989705112610e+01 7.998495027045890993e+00
1.776051554411679092e+02 2.765829116500901463e+01 8.069643168731460037e+00
1.777865628453440365e+02 2.766094849648112586e+01 8.127802739487000494e+00
1.778867816844064578e+02 2.764167829930785913e+01 8.139773454312802414e+00
1.778989959576571778e+02 2.765994518117838652e+01 8.165274384924096296e+00
1.778889264526260661e+02 2.765226036759146311e+01 8.141849153725353005e+00
1.778208718664572814e+02 2.758304251730355361e+01 8.105253591577968209e+00
1.777368260338509742e+02 2.757164979933693871e+01 8.135567527482114869e+00
1.777222561507590228e+02 2.759275940789856207e+01 8.209911010294886680e+00
1.777245863141976372e+02 2.761418164369220207e+01 8.208965858198103760e+00
1.777778747164543631e+02 2.771669065898912265e+01 8.229453847496074559e+00
1.778850404234281370e+02 2.775419138602919844e+01 8.217254115046820573e+00
1.780057726981911230e+02 2.777786381085325473e+01 8.162606147850869576e+00
1.780630198336532430e+02 2.779393139649857503e+01 8.130503693363579032e+00
1.781260214913046127e+02 2.784371183039609221e+01 8.090054818821613480e+00
1.781760091316233456e+02 2.788528761705345360e+01 8.084136712615599407e+00
1.782349466352585239e+02 2.788343002966323425e+01 8.149083202466119502e+00
1.782618471180131507e+02 2.789184915372535301e+01 8.184820857325656007e+00
1.782467828476705733e+02 2.792708878613389345e+01 8.308246815564473309e+00
1.782526209794683894e+02 2.798058803001221406e+01 8.304909701622753104e+00
1.782619598092246918e+02 2.799590676438085168e+01 8.300278456348513245e+00
1.783046225207933446e+02 2.796965334729250330e+01 8.319097888675623054e+00
1.783396004187750918e+02 2.806588800674693118e+01 8.222794160414121478e+00
1.783188797766532900e+02 2.805712717384982113e+01 8.185086226952829946e+00
1.783617097074390756e+02 2.802707860757285019e+01 8.172144913627638729e+00
1.783088139068225360e+02 2.797278325481300598e+01 8.167455505147444228e+00
1.782922955563310552e+02 2.792500218112022381e+01 8.222725091607049563e+00
1.783133324608852490e+02 2.789146745768626801e+01 8.206021345896585828e+00
1.782895800616529982e+02 2.786599197347757695e+01 8.196762490548479718e+00
1.782920665387076156e+02 2.790632815680800149e+01 8.212462920956202339e+00
1.782423369976152969e+02 2.788757779328796715e+01 8.197613127435584346e+00
1.780711481416855690e+02 2.779335703483976161e+01 8.190680800325713662e+00
1.777203513057639839e+02 2.757903289129296809e+01 8.067607456523003151e+00
1.774366529983132637e+02 2.740549569592275958e+01 7.943632583027976146e+00
1.773352854359332298e+02 2.732617198860001295e+01 7.874658291165008706e+00
1.773532215145698956e+02 2.738020560693305328e+01 7.970805705810504627e+00
1.774308766649217830e+02 2.746649072296865057e+01 7.957006485197464229e+00
1.775612458558715616e+02 2.750536192054905982e+01 8.027991042866283067e+00
1.776148432501599359e+02 2.748859637643226961e+01 8.126268684929913277e+00
1.776361128075379554e+02 2.754467661257488587e+01 8.092908451113824952e+00
1.776420381841447238e+02 2.756403768975745905e+01 8.133230093642762171e+00
1.776220809341010920e+02 2.755248138777409395e+01 8.112978392368987102e+00
1.774807007212237409e+02 2.745318952480660712e+01 7.999152998313267204e+00
1.772913104170301892e+02 2.740084263944628518e+01 7.937758099226429387e+00
1.771302928517419844e+02 2.737415299831326720e+01 7.860720932937823591e+00
1.769696569824928645e+02 2.737908596521840110e+01 7.818712557436166222e+00
1.768965930902111268e+02 2.739743282149711945e+01 7.770328040481591536e+00
1.768685984121444790e+02 2.739034781597161583e+01 7.761567207584482375e+00
1.767209220322224041e+02 2.739437925318443590e+01 7.725596899901122860e+00
1.766179295352759766e+02 2.739061318559879155e+01 7.684151980457162523e+00
1.764847648752399323e+02 2.744005191066131388e+01 7.642158145756994259e+00
1.763753489792357243e+02 2.743179637061594889e+01 7.610702756935962654e+00
1.762855449892398099e+02 2.737810446111789631e+01 7.582046472401558823e+00
1.762415845111382566e+02 2.728800601989181729e+01 7.568603501424998825e+00
1.762381419763857480e+02 2.723860001163264144e+01 7.521611266212993918e+00
1.762131681498284195e+02 2.719060809631826814e+01 7.518590414703658631e+00
1.761936980166346700e+02 2.716394753678822838e+01 7.588222677834002283e+00
1.762041383121037654e+02 2.713213953353108820e+01 7.541415837840982128e+00
1.761912697027860304e+02 2.711034287209911042e+01 7.542233757924736715e+00
1.761527147676380025e+02 2.706540452509742423e+01 7.536312016518350809e+00
1.761668375210841759e+02 2.706184566393299562e+01 7.492536933635782326e+00
1.762125647065666385e+02 2.702970685744198320e+01 7.555331384865933586e+00
1.761961190600825944e+02 2.708224277322166174e+01 7.521520386203687458e+00
1.762068029139766168e+02 2.714096216483452650e+01 7.501057843308323037e+00
1.762342195951841006e+02 2.719641351131274476e+01 7.492729599255510742e+00
1.762006812365497694e+02 2.717932079916245058e+01 7.475502384691444568e+00
1.759945944570464746e+02 2.711335645320770027e+01 7.409021840283836369e+00
1.757652860175653018e+02 2.694990693887046973e+01 7.292586372360844393e+00
1.755261734426801468e+02 2.682380910835805210e+01 7.220180451346478456e+00
1.755036570115744894e+02 2.680839585877973619e+01 7.207682632466701378e+00
1.756279008898970631e+02 2.683608518001512167e+01 7.276747804338975278e+00
1.757840872738905489e+02 2.686978712266620306e+01 7.321780666550340655e+00
1.758964658581980984e+02 2.685700212295701661e+01 7.470703920200081782e+00
1.759685082591752519e+02 2.681946504391321895e+01 7.594213488047460991e+00
1.760362865701157489e+02 2.686389446286279181e+01 7.602636247309951578e+00
1.760883390042459098e+02 2.686192418426103501e+01 7.615544843831791866e+00
1.761505372826150051e+02 2.690848383062874305e+01 7.645520706101319952e+00
1.760402016809166525e+02 2.689722561507590370e+01 7.566982202058977869e+00
1.759458137032513321e+02 2.687415299831326720e+01 7.563296108881521818e+00
1.759258346420054693e+02 2.686172061304019110e+01 7.541593962659221440e+00
1.759235444657709593e+02 2.686837302972139696e+01 7.564670214622229771e+00
1.760254427674053375e+02 2.692832838946082674e+01 7.605206333973128174e+00
1.760775533647414761e+02 2.695204080148897674e+01 7.634982260222183292e+00
1.761019928168440742e+02 2.700206479381143509e+01 7.664663671261560118e+00
1.761563281568080015e+02 2.697646934799046292e+01 7.679578898388879082e+00
1.761574623393241552e+02 2.700587084860117315e+01 7.682018117838655513e+00
1.762201586401442341e+02 2.701536235677310671e+01 7.620732274762985092e+00
1.762992169778398193e+02 2.705084918280695661e+01 7.654550543825975772e+00
1.763843606409585334e+02 2.707594660617693094e+01 7.675620165183504540e+00
1.764282156982492893e+02 2.709943000058163065e+01 7.737007793869597805e+00
1.764367656895248047e+02 2.711923820740999247e+01 7.724535421392427104e+00
1.764025039260164078e+02 2.714009335194555916e+01 7.721372797068574378e+00
1.764060700575815872e+02 2.712970031408131177e+01 7.621419327633339513e+00
1.764366384575117763e+02 2.716313325190484562e+01 7.589687663584016697e+00
1.764613032920374565e+02 2.715814575699412714e+01 7.605951550049439014e+00
1.765155368463909724e+02 2.715034825219566272e+01 7.605518961205141260e+00
1.765185613331006778e+02 2.712980209969173373e+01 7.672588408073052868e+00
1.765050711045192884e+02 2.711402169487582015e+01 7.681600069795846863e+00
1.764306331064968276e+02 2.708338786133891674e+01 7.639297243064037346e+00
1.762231467748502212e+02 2.693501715814575803e+01 7.538547664747280663e+00
1.758086067004013273e+02 2.676212339324143485e+01 7.430516780084918338e+00
1.754990403071017226e+02 2.659321744314546621e+01 7.313797766532891487e+00
1.753570275693596159e+02 2.653032120630489032e+01 7.267616181003896614e+00
1.754086074274414102e+02 2.656814183097772286e+01 7.244936165881463275e+00
1.755610822718548150e+02 2.664781815273657983e+01 7.330217966614319458e+00
1.756905208515093477e+02 2.669830018030593877e+01 7.394266561972895779e+00
1.758368558424940318e+02 2.671387701390100489e+01 7.405506601523875965e+00
1.759187205548769839e+02 2.681328520328040455e+01 7.387774094108067402e+00
1.759957177339614987e+02 2.683346420054673587e+01 7.498789478276042253e+00
1.759950343162915090e+02 2.686093904496015838e+01 7.419425783749200143e+00
1.758669116791717499e+02 2.682456523003547844e+01 7.337488367358808716e+00
1.756969478857674574e+02 2.669391612865701191e+01 7.306283807363461946e+00
1.755336146978421539e+02 2.660130576397370916e+01 7.286188419705694308e+00
1.754449448903623647e+02 2.658848804746117622e+01 7.229624701913569318e+00
1.754680865759320625e+02 2.658134851393008802e+01 7.278216425289361524e+00
1.755534119990693966e+02 2.658991668120746965e+01 7.315913453149537560e+00
1.755840276566044338e+02 2.664258346420054835e+01 7.367467864828709523e+00
1.755859979352061941e+02 2.670640304193567260e+01 7.471809021113243965e+00
1.756000443494445449e+02 2.679837361135345830e+01 7.472354301169080060e+00
1.755977069156051869e+02 2.687657040656080909e+01 7.507761152794741655e+00
1.756307327109870187e+02 2.689869787122666267e+01 7.482067556563717581e+00
1.755976596580003388e+02 2.689511356365962769e+01 7.469824201709998057e+00
1.756483416215901912e+02 2.689669124062118399e+01 7.379155034025475679e+00
1.756773287093584486e+02 2.690069723143139768e+01 7.328934740882917076e+00
1.756753766067585616e+02 2.692335543535159559e+01 7.289896324085384016e+00
1.757132808410399605e+02 2.690111891467457639e+01 7.303459256674227795e+00
1.757076062932588911e+02 2.694212033967312436e+01 7.417957162798813897e+00
1.756875181760018734e+02 2.691618682021752917e+01 7.451691822253242670e+00
1.756069875821555399e+02 2.693987015064270452e+01 7.462851887396033668e+00
1.754995855871575543e+02 2.689833798638980866e+01 7.457031931600069719e+00
1.752996350258826226e+02 2.685358139940673539e+01 7.419763857383818717e+00
1.749688390624091312e+02 2.668843424649566742e+01 7.324314401209794489e+00
1.746316596870819637e+02 2.665582649915663183e+01 7.119921625079974170e+00
1.744751933926598042e+02 2.668157098819287043e+01 7.072420461815855042e+00
1.745709336648636167e+02 2.666738280114000048e+01 7.067712877333798716e+00
1.745767536206595594e+02 2.671040176234513908e+01 7.104733757924736715e+00
1.747390725876810222e+02 2.676401733263537608e+01 7.135491188274297514e+00
1.747712368405746588e+02 2.676472256150758966e+01 7.147654568719827850e+00
1.748599866224626282e+02 2.668968475542371976e+01 7.165699703367649498e+00
1.748673442680160406e+02 2.667410428662827826e+01 7.154695951840865042e+00
1.748339331413947662e+02 2.662310606060606233e+01 7.163085994300005588e+00
1.746098739312510872e+02 2.655586212412028146e+01 7.038191415110801152e+00
1.741446918804164454e+02 2.643914311056825284e+01 6.780295759902285724e+00
1.734013842843017414e+02 2.588428066655033888e+01 6.505409178153899852e+00
1.726527947420461828e+02 2.514720016867329733e+01 6.352370877682777639e+00
1.718349946199034548e+02 2.465419792938986632e+01 6.115330367009829793e+00
1.714772145640667702e+02 2.453915474320944412e+01 5.876250508928052341e+00
1.713261210957948038e+02 2.442108343511894475e+01 5.813521491304600275e+00
1.712964614959576579e+02 2.435299976734717475e+01 5.754751206886523640e+00
1.713343620950386708e+02 2.430989356133310153e+01 5.735037515267841890e+00
1.716897392834293044e+02 2.438453149537602371e+01 5.833100680509510028e+00
1.721004333158843735e+02 2.445841694294189494e+01 5.969449776071656721e+00
1.722261130983539772e+02 2.448887628686093265e+01 6.008357325655790504e+00
1.724047395742453261e+02 2.446153958006165396e+01 6.084572936660268994e+00
1.724505321933345101e+02 2.438347365206770334e+01 6.123909439888326922e+00
1.724713873378700555e+02 2.437065957075553868e+01 6.102443581690223162e+00
1.725228944919443848e+02 2.434568937939859268e+01 6.150853545047403337e+00
1.724856009713255389e+02 2.436028470889315400e+01 6.229973681149305165e+00
1.725352323620078039e+02 2.438855566218810011e+01 6.226076746350258873e+00
1.725491878962368446e+02 2.441242438783225666e+01 6.235001163264119128e+00
1.725661570115744894e+02 2.445840603734077945e+01 6.266285697667655086e+00
1.726341025417320907e+02 2.444423239108939683e+01 6.302714040597917844e+00
1.725454072878497129e+02 2.440800034897923609e+01 6.225342435875065306e+00
1.725794145873320531e+02 2.442289376490432318e+01 6.122055487698482068e+00
1.726543978654103455e+02 2.442273745128831663e+01 6.161366544523934508e+00
1.726508099226429351e+02 2.440354722852323732e+01 6.160861251672192118e+00
1.726012803175711099e+02 2.438171785028790950e+01 6.166357674635025710e+00
1.726336990344907747e+02 2.442958980398999458e+01 6.176339934857209002e+00
1.724408916419473030e+02 2.440535028790786853e+01 6.093097481533182425e+00
1.724649566684115598e+02 2.439056592799395062e+01 6.126537689757459049e+00
1.724859463153609056e+02 2.440200226836503106e+01 6.174406008259174961e+00
1.724503213517129154e+02 2.442336634095271464e+01 6.153452713313558142e+00
1.725138355726167561e+02 2.440604097597859479e+01 6.248407782236957253e+00
1.726765544116791773e+02 2.442638355726167632e+01 6.279379689408480125e+00
1.727760062234630425e+02 2.436219318908858256e+01 6.320210259989530677e+00
1.728879376781248141e+02 2.437270618856511462e+01 6.401195253882393743e+00
1.729061463967893815e+02 2.436922366660850514e+01 6.426379922061303596e+00
1.728983307159890614e+02 2.440811304019077355e+01 6.436754783923690049e+00
1.729568792531844394e+02 2.447636029197929375e+01 6.473146774850230045e+00
1.730060925958238727e+02 2.454755205606933188e+01 6.506917786308381579e+00
1.731089651311580155e+02 2.459518408654685118e+01 6.510989210725295351e+00
1.731934689990112304e+02 2.462663584016750917e+01 6.516671028907113694e+00
1.732891074856046032e+02 2.467795396382248541e+01 6.477599895306229705e+00
1.733026813237945589e+02 2.461121895538882143e+01 6.475058890246030430e+00
1.733259684173791584e+02 2.457827676961554175e+01 6.408669225847728690e+00
1.733509458791368445e+02 2.456831632059559212e+01 6.369663525853544783e+00
1.734142528936195049e+02 2.462361862385854749e+01 6.329116500901529996e+00
1.733542502762752235e+02 2.466027234921188693e+01 6.238734514046414326e+00
1.732017827022625625e+02 2.462925681963589852e+01 6.184635462106671255e+00
1.731229352061885720e+02 2.463073271098702932e+01 6.087117576920840101e+00
1.729938492409701496e+02 2.458019615541208580e+01 6.049235153841679313e+00
1.727873553190251812e+02 2.449844776944105007e+01 5.996804658872797233e+00
1.726510643866689918e+02 2.450430044204036406e+01 6.107721892630721960e+00
1.726161046646891180e+02 2.446979875530739079e+01 6.138490228581399144e+00
1.725127959053102984e+02 2.443452640609550386e+01 6.276482434711801339e+00
1.725055218693654524e+02 2.445254609434072179e+01 6.221074710638050398e+00
1.725304411679171892e+02 2.444688608736113622e+01 6.230442621997324792e+00
1.726349749898214441e+02 2.450508564532076861e+01 6.262828622113651100e+00
1.725786221136509084e+02 2.451921203396731386e+01 6.222445181178386520e+00
1.725839076949921491e+02 2.452055342290466911e+01 6.259088000930611351e+00
1.726417946257197684e+02 2.451694366893503130e+01 6.302143314139475372e+00
1.726566335136392638e+02 2.454413496771941894e+01 6.313590560111673078e+00
1.726960536264759014e+02 2.453759887745012591e+01 6.344849648112603546e+00
1.726565280928284665e+02 2.452683141394753719e+01 6.320152096783575146e+00
1.726389482638282971e+02 2.455392456232187470e+01 6.344733321700692485e+00
1.726058715756412596e+02 2.454690135520269934e+01 6.391140289652765816e+00
1.726655833769557375e+02 2.460624600127959027e+01 6.350578723899261036e+00
1.726874418367940507e+02 2.462326964462281254e+01 6.352636247309951578e+00
1.727767587099400828e+02 2.460081864712383037e+01 6.319243296690513212e+00
1.728224059210143650e+02 2.464405935555167915e+01 6.297890129703949569e+00
1.727656240911998964e+02 2.461969260745652477e+01 6.305411359274122773e+00
1.727394870005234679e+02 2.459134167975338769e+01 6.264220903856220879e+00
1.727601240330367034e+02 2.461363636363636331e+01 6.270200808468563203e+00
1.727777256732391038e+02 2.468869961612283959e+01 6.167873553190251990e+00
1.728074943290874330e+02 2.467875007270400900e+01 6.192447507706624776e+00
1.727589534985168314e+02 2.472845053219333522e+01 6.180036933635782326e+00
1.727586881288896734e+02 2.465486317105798975e+01 6.220554876984819792e+00
1.727235466468911795e+02 2.463276478799511438e+01 6.257583027976502343e+00
1.726738789042051962e+02 2.458188652358517956e+01 6.316484179607980032e+00
1.725638341185366187e+02 2.456364508811725855e+01 6.341854243005874636e+00
1.725027700226836487e+02 2.452013537486186223e+01 6.287228087012156408e+00
1.724008717210492705e+02 2.447035130576397322e+01 6.310267986971441978e+00
1.723233510731111551e+02 2.444175681963589852e+01 6.177401413365904759e+00
1.721047628395277229e+02 2.442897909032745929e+01 6.012366951666376025e+00
1.718427375966963382e+02 2.436689350316989433e+01 5.987055051474436951e+00
1.717507633920781700e+02 2.436831486651544409e+01 5.929520735182923552e+00
1.716817491130111080e+02 2.432470700284999765e+01 5.888632001395916582e+00
1.715706064968300950e+02 2.425976778340022122e+01 5.913983888791950250e+00
1.715989356133310082e+02 2.421966061769324696e+01 5.862985662769731654e+00
1.715358394404699709e+02 2.415995972197987385e+01 5.868831064968301092e+00
1.714339920316407699e+02 2.412563252486476983e+01 5.801841592508578671e+00
1.714402045890769557e+02 2.413704341883324744e+01 5.796923166404932104e+00
1.714701186529401582e+02 2.407411446518932152e+01 5.858663409527133048e+00
1.714821257197696696e+02 2.411928546501483339e+01 5.935653318210899698e+00
1.715040496132146757e+02 2.407387817716512401e+01 5.997259058919327757e+00
1.714517972430640498e+02 2.402566451462804764e+01 5.961695893677659619e+00
1.713929360786366658e+02 2.397262694119699944e+01 5.952996859186878709e+00
1.714016023963240798e+02 2.394975426045483502e+01 5.911904554179026050e+00
1.713837644680974677e+02 2.396847917757226654e+01 5.895328040481591536e+00
1.713588342639446296e+02 2.399429273541557706e+01 5.815368173093700577e+00
1.712909250857907182e+02 2.392211946722503413e+01 5.819083347874134837e+00
1.713272734543128024e+02 2.394514482638282971e+01 5.831770197173268500e+00
1.712941095213168126e+02 2.393051314488454651e+01 5.834838306287442933e+00
1.713249723724771627e+02 2.394780215785494093e+01 5.807621561100448027e+00
1.713164478276042644e+02 2.388537486186238468e+01 5.766740097714185609e+00
1.713309595474902665e+02 2.383978217879369410e+01 5.780662915139882507e+00
1.713812670854417490e+02 2.384782324201709969e+01 5.808548537195370010e+00
1.714468242889548151e+02 2.385762737742104278e+01 5.876145088117256776e+00
1.714898105333566036e+02 2.385744561740242986e+01 5.882899290408887261e+00
1.714868223986506166e+02 2.382502690048275440e+01 5.854766474728086756e+00
1.714675303902751011e+02 2.382204240097714276e+01 5.879547635665677952e+00
1.715192265747687941e+02 2.379057974175536572e+01 5.887305153260047774e+00
1.716367344268016097e+02 2.380394637352410925e+01 5.955406997033676930e+00
1.716021345896585899e+02 2.376398098063165065e+01 5.953876577676961546e+00
1.715439095852963476e+02 2.371349895306229172e+01 5.959703803873669159e+00
1.714888908276624306e+02 2.370191356947594841e+01 5.911875472576048729e+00
1.713407455068923468e+02 2.364368129471296598e+01 5.908356598615715605e+00
1.713340930902111268e+02 2.366353675914616517e+01 5.868900133775373895e+00
1.714130241958936836e+02 2.371415692432966793e+01 5.906393590414703354e+00
1.714838342639446296e+02 2.378017943349037466e+01 5.916204996219391887e+00
1.715142645262606891e+02 2.379657782236957075e+01 5.881543360670040244e+00
1.715664478276042644e+02 2.384042560925958298e+01 5.903965276566044196e+00
1.715339164194730301e+02 2.384828854766474748e+01 5.891242075263188660e+00
1.715403470889315543e+02 2.383181018437736398e+01 5.948089338684348526e+00
1.715496204850811353e+02 2.377593351945559164e+01 5.961259669632990033e+00
1.715423609899377766e+02 2.376102556272901722e+01 5.973303088466236588e+00
1.715642376257779347e+02 2.374753169894724536e+01 5.981035159658000033e+00
1.716135745652300386e+02 2.373146411330192507e+01 6.026936834758331862e+00
1.716848099517245316e+02 2.369893634037108043e+01 6.082780782876752390e+00
1.717712113941720418e+02 2.372378293491537349e+01 6.077509742336997256e+00
1.718905404815913585e+02 2.376065840749141955e+01 6.109099633571802634e+00
1.720365592101436505e+02 2.376739079858081638e+01 6.208213371721049256e+00
1.721040612458558599e+02 2.382181338335368892e+01 6.196580730529866798e+00
1.721478435991391791e+02 2.385607151166172102e+01 6.177121502937241715e+00
1.721904154306985504e+02 2.383842988425521980e+01 6.209049467806665668e+00
1.721725302448670902e+02 2.389667306461932128e+01 6.143677659512592371e+00
1.721546123422322978e+02 2.387072136916186693e+01 6.204207380910835568e+00
1.720697195079392827e+02 2.388788315011923302e+01 6.032218780899203381e+00
1.719728886756238069e+02 2.394506485197464229e+01 5.959732885476647368e+00
1.719263762868609433e+02 2.393118202175303821e+01 5.876719449776071968e+00
1.719687699936020522e+02 2.388235037515267933e+01 5.917448234746699676e+00
1.720674256965043867e+02 2.391372578956552175e+01 5.921167044727505768e+00
1.721625261734426715e+02 2.394745681381957780e+01 6.032378729715581755e+00
1.722660203280404687e+02 2.394751497702553422e+01 6.088942447507706746e+00
1.723198685511545420e+02 2.398677877624614752e+01 6.139795265515035183e+00
1.722935860524632119e+02 2.399287137207002729e+01 6.149490344907810879e+00
1.721170025591810600e+02 2.392542386436340252e+01 6.087201186529401120e+00
1.719813332460885249e+02 2.385004071424416949e+01 6.062827168033502190e+00
1.719406153667190154e+02 2.384163249578316623e+01 6.036959082184609748e+00
1.720924794974698955e+02 2.393137105217239480e+01 6.134367911359274395e+00
1.722829821729773698e+02 2.402129500378060811e+01 6.197504071424416949e+00
1.724623393241435565e+02 2.417039274704821850e+01 6.180222328854766189e+00
1.726549431454661772e+02 2.422075117780492093e+01 6.235161112080497503e+00
1.727947965741871599e+02 2.423569548653521721e+01 6.346002006630605763e+00
1.728287057232594748e+02 2.420419284010934646e+01 6.346805385912871245e+00
1.729413242307915937e+02 2.419787486186238468e+01 6.365977432676088732e+00
1.729143255976269415e+02 2.421321904263362867e+01 6.340374716454371118e+00
1.729277503926016379e+02 2.420319679520735079e+01 6.353090647356482101e+00
1.728668753271680316e+02 2.420213895189903042e+01 6.290732420170999539e+00
1.728539703658465783e+02 2.423749854591985198e+01 6.261872564415750908e+00
1.728914456464840441e+02 2.424255510963764237e+01 6.305822136916186871e+00
1.730051547141278547e+02 2.429983496190310177e+01 6.338335369045541512e+00
1.731289187460012897e+02 2.436014293607863834e+01 6.412009974989821615e+00
1.732194861280753742e+02 2.437964215087535536e+01 6.496775577269819024e+00
1.732373967603094229e+02 2.443200721223754002e+01 6.415841476182166936e+00
1.732610837259349807e+02 2.445780986447973149e+01 6.428339295061944014e+00
1.731904117954981643e+02 2.450440949805153323e+01 6.392081806549176903e+00
1.730805269586459474e+02 2.454190295469086180e+01 6.376028761705344827e+00
1.728880794509393297e+02 2.458209373000639886e+01 6.348386698074797607e+00
1.727262185191647745e+02 2.463686892921537819e+01 6.306403768975745727e+00
1.725327604257546739e+02 2.476551503518873787e+01 6.234819403245507097e+00
1.723761051009131506e+02 2.495785712208456886e+01 6.136461786773686811e+00
1.722294683882975619e+02 2.509035654045251107e+01 6.002199296225207981e+00
1.720860015704065518e+02 2.526919385796545114e+01 5.938834118536613360e+00
1.717042473681149204e+02 2.563761051009131720e+01 5.751036032106089380e+00
1.714285901238876306e+02 2.586676263595649417e+01 5.657480515326004600e+00
1.713334060373407794e+02 2.591840429244459898e+01 5.628507968359215852e+00
1.714496488396440270e+02 2.585817992787762520e+01 5.774239516082126045e+00
1.713340458326063072e+02 2.576636567207584605e+01 5.754972954109230265e+00
1.713401784156342558e+02 2.569782760425754731e+01 5.818058221369161842e+00
1.713415052637701308e+02 2.566380576397370916e+01 5.835049147909033174e+00
1.714396011458151463e+02 2.572018045134647934e+01 5.815240941080672243e+00
1.715943734368638331e+02 2.571823198394695353e+01 5.843391932763333685e+00
1.716080672366660735e+02 2.568557334380270873e+01 5.784399901122549537e+00
1.715495441458733126e+02 2.563649450357703685e+01 5.789056592799394885e+00
1.715442367533298409e+02 2.555560766009422480e+01 5.785781277264002931e+00
1.714581733845169538e+02 2.541640493223986397e+01 5.741137381492467995e+00
1.714090145698830838e+02 2.523560097132553892e+01 5.783509277031350315e+00
1.714052266910952085e+02 2.507251497702553422e+01 5.760927412318967100e+00
1.713120455999534784e+02 2.480639286337462934e+01 5.695152096783575146e+00
1.711933926598034077e+02 2.456255089280521275e+01 5.645604315709881860e+00
1.712024079567265744e+02 2.431914514628046220e+01 5.675009451520967474e+00
1.710671021636712510e+02 2.404107412900599172e+01 5.625116326411911949e+00
1.708255903565404594e+02 2.366852425405688365e+01 5.581672046763217487e+00
1.705954421857732939e+02 2.330505874483801421e+01 5.508186471238294857e+00
1.704293026231605950e+02 2.291026871401151510e+01 5.500254464026057555e+00
1.702696191764090088e+02 2.249893852149130424e+01 5.435653318210899698e+00
1.700019448321991433e+02 2.218178910021520522e+01 5.397669109521316955e+00
1.696595125923340959e+02 2.201464985750014591e+01 5.369256383411853406e+00
1.693696598906531676e+02 2.186328374920025652e+01 5.293738730878845722e+00
1.692024552143314224e+02 2.178413453149537560e+01 5.214574972372477468e+00
1.689728559588204462e+02 2.175555095096841640e+01 5.087826440993427290e+00
1.688392368987378518e+02 2.169179680683999223e+01 5.006590618274879390e+00
1.686054317163961969e+02 2.162402940150061070e+01 4.958442389344500434e+00
1.684425202117140827e+02 2.163584380271040430e+01 4.912057232594660761e+00
1.683696635258535537e+02 2.171321540743325684e+01 4.877642790670622119e+00
1.684512665038096770e+02 2.172197624033036689e+01 4.944148781480834920e+00
1.685391292968068342e+02 2.176227607165706956e+01 4.948092973884720358e+00
1.685960129122317142e+02 2.180323023905077662e+01 5.036966352585354301e+00
1.686861985982667420e+02 2.185851073111149745e+01 5.026504245914034996e+00
1.689321998778572720e+02 2.193325045076484514e+01 5.082933461292386212e+00
1.691664049322398569e+02 2.201917931716396382e+01 5.175787384400628355e+00
1.694251984819403276e+02 2.210255263770138967e+01 5.195326586401442626e+00
1.694964011516314883e+02 2.212988570930029653e+01 5.193367213400803095e+00
1.693612480369918103e+02 2.208978581399406593e+01 5.188637817716512224e+00
1.693230675274821238e+02 2.215329639969755249e+01 5.133190106438666689e+00
1.695112582155528287e+02 2.223265645902402099e+01 5.199150817193043395e+00
1.697549765893095923e+02 2.230071468039318461e+01 5.306156575350433613e+00
1.700114181643692177e+02 2.238878831501192224e+01 5.379598528470888930e+00
1.703598412144477265e+02 2.246139780724713475e+01 5.471147414645495033e+00
1.706191000697958486e+02 2.250687052870354066e+01 5.514213633455476327e+00
1.708063819577735103e+02 2.255521505845402075e+01 5.632550311173152302e+00
1.709877639155470206e+02 2.252158218461001482e+01 5.773243471180131259e+00
1.711597052579538172e+02 2.240216585238178482e+01 5.943916128657011910e+00
1.712830439713837052e+02 2.238588378991450156e+01 5.917302826731809517e+00
1.714941764090036713e+02 2.240477956144942695e+01 5.991940760774733477e+00
1.716293876868492987e+02 2.238046007095910994e+01 6.076175623800383896e+00
1.717125101785610468e+02 2.238958442389344583e+01 6.146505845402198354e+00
1.718214607689175750e+02 2.243879049613214605e+01 6.158836445064851617e+00
1.719523243471180081e+02 2.248217661257488587e+01 6.199906938870470618e+00
1.720537173559006590e+02 2.251844864188914030e+01 6.239363403710812328e+00
1.721289914500087264e+02 2.251201797243064107e+01 6.279445123015180208e+00
1.721834394811841946e+02 2.254315709881928598e+01 6.254176845227709336e+00
1.722866464549526029e+02 2.265145335310882402e+01 6.215501948467399451e+00
1.724560031698947284e+02 2.272982827313441589e+01 6.171639620775897228e+00
1.725225382423079168e+02 2.270743907404176198e+01 6.302750392601640606e+00
1.725578105915197966e+02 2.272987189553888143e+01 6.326680916652126285e+00
1.726164936311289466e+02 2.281199470714825850e+01 6.285588611644273627e+00
1.726969478857674574e+02 2.289199819694061588e+01 6.308926598034084066e+00
1.727272072936660265e+02 2.289592784854301044e+01 6.312750828825684835e+00
1.727897545512708746e+02 2.290528485430116845e+01 6.277147676379922103e+00
1.728853348746582981e+02 2.288757415808759532e+01 6.433075961146978550e+00
1.729790357994532712e+02 2.282804775199209146e+01 6.441215174780434261e+00
1.729695479264817095e+02 2.277146949339847737e+01 6.503177165125341830e+00
1.730019339265980420e+02 2.273049715000290760e+01 6.546265195137555892e+00
1.730428262955853995e+02 2.275816466003606209e+01 6.591029052521374609e+00
1.730853872215436411e+02 2.278222241609957521e+01 6.588237218635491388e+00
1.730942789216541655e+02 2.281881797824696179e+01 6.511014657127900840e+00
1.728570312045600019e+02 2.278251686732972559e+01 6.425678328389460958e+00
1.722002013901006308e+02 2.246989690571744447e+01 6.281597161635549043e+00
1.714042742685976748e+02 2.204587622869772545e+01 6.059733612516722268e+00
1.710596463677077850e+02 2.180170345489443307e+01 5.923068254522188880e+00
1.710943916128657065e+02 2.185815811667539066e+01 5.938674169720234985e+00
1.713721209213051964e+02 2.207001395916942954e+01 5.991977112778456238e+00
1.717500363520037183e+02 2.224901849589949521e+01 6.124200255918106350e+00
1.719451520967835734e+02 2.239595329494561682e+01 6.146080526958646040e+00
1.720797635665677774e+02 2.244678066655033888e+01 6.113741784447158878e+00
1.721463931541906618e+02 2.250003271680335004e+01 6.203858401675100609e+00
1.722191735008433682e+02 2.248399421276100796e+01 6.336067004013261617e+00
1.721420091025417207e+02 2.243522436456697378e+01 6.366453643924852912e+00
1.720154423311813048e+02 2.233582708078869317e+01 6.359844849648112586e+00
1.719133404583260756e+02 2.224745535973942978e+01 6.254696678880939942e+00
1.718465327458849572e+02 2.221765035188739645e+01 6.199390740417611845e+00
1.719023403419996612e+02 2.224834598383062811e+01 6.142216308962949789e+00
1.720498931251090653e+02 2.234792866282789348e+01 6.178590123887628849e+00
1.722160799453265838e+02 2.242587462920956298e+01 6.207758971674518733e+00
1.723969457046472371e+02 2.245691196998778594e+01 6.232394724597219771e+00
1.724676103646833099e+02 2.245188812307334203e+01 6.297988280113999693e+00
1.725046675972779724e+02 2.241018510440295586e+01 6.372560780550223569e+00
1.725431025708137156e+02 2.236846390973070342e+01 6.374963647996277238e+00
1.725438914092944742e+02 2.231510280346652664e+01 6.323903623567731280e+00
1.725111309835398004e+02 2.228641016692840182e+01 6.313488774501250234e+00
1.725404270633397346e+02 2.229706130401907771e+01 6.358848804746117800e+00
1.725470358576164642e+02 2.226243238527307611e+01 6.346827197115104902e+00
1.725654117954981643e+02 2.225488207409992469e+01 6.435220729366602832e+00
1.725380823590996329e+02 2.224183897516430974e+01 6.432221689059501202e+00
1.724585405397545514e+02 2.218071308090501859e+01 6.401591490722968736e+00
1.724048777118594842e+02 2.214633862618507365e+01 6.416197725818647335e+00
1.723999592857558412e+02 2.209235226545687070e+01 6.420152823823649157e+00
1.723369794393067025e+02 2.202834729250276169e+01 6.351178531960681717e+00
1.722897400104693872e+02 2.198938521491304598e+01 6.377130227418135178e+00
1.722681432850578744e+02 2.195213531669865503e+01 6.341537980573488831e+00
1.722263275751759295e+02 2.193916855697085921e+01 6.270691560518815599e+00
1.719545163729424644e+02 2.178465800034897981e+01 6.155502966323504133e+00
1.708796566916768427e+02 2.115957439074041702e+01 5.847768714011515989e+00
1.696316560518815777e+02 2.046426598034083710e+01 5.477494474495434140e+00
1.690705846856278640e+02 1.994724233699761484e+01 5.398799656837084626e+00
1.688574129005990869e+02 1.984242860466468983e+01 5.312754464026057555e+00
1.690647720002326651e+02 1.989333595067760285e+01 5.454374600127959383e+00
1.693676968824521509e+02 2.005100549642296315e+01 5.548446315360902936e+00
1.696603305124178576e+02 2.023277278543593383e+01 5.682138079450939294e+00
1.698299562321875271e+02 2.040604824637934200e+01 5.707966178095736254e+00
