2.133339668591086422e+02 2.651083635620497603e+01 3.092185153016911059e+01
2.133865086258280996e+02 2.656416832711728659e+01 3.096892998858972490e+01
2.134378855225736231e+02 2.661864473168821021e+01 3.100835845297092774e+01
2.140738670617687660e+02 2.725666990241659349e+01 3.172056744835572673e+01
2.147177472368398696e+02 2.797819445154038576e+01 3.132983191130639256e+01
2.157129617329995313e+02 2.829155809874146499e+01 3.085674483557281178e+01
2.167479895774791885e+02 2.848636046254193843e+01 3.073951191266881366e+01
2.171466305625095856e+02 2.862574635126620137e+01 3.071046169042388385e+01
2.170514654541119626e+02 2.830254602428515298e+01 3.031601696214172748e+01
2.152811389839745289e+02 2.698629404451710556e+01 2.894865375772748095e+01
2.138493230470546109e+02 2.609089051244060542e+01 2.813525434697457328e+01
2.132943510618368919e+02 2.554974710059776299e+01 2.779410071697406437e+01
2.134249868015463392e+02 2.547844479640320969e+01 2.785945605340690534e+01
2.139933650096220958e+02 2.576169553296207226e+01 2.818035048280794896e+01
2.145967301895468324e+02 2.608690202489824372e+01 2.848977332720243894e+01
2.150284643812053957e+02 2.629184080110356092e+01 2.871399717297638077e+01
2.153581532383044532e+02 2.649030126534852414e+01 2.894146358078305070e+01
2.159256935574515808e+02 2.686507604012329864e+01 2.931727038948211117e+01
2.164175513888179410e+02 2.721880822221086760e+01 2.959967642500723883e+01
2.167314259439023090e+02 2.740987414635807795e+01 2.985201723462592938e+01
2.168542890716803697e+02 2.747362182598477531e+01 2.986515778538462840e+01
2.168482501404996583e+02 2.744849537628365610e+01 2.981778300039169594e+01
2.167915802380830712e+02 2.740884211243379553e+01 2.989119705717059361e+01
2.168433147703468933e+02 2.747191198760197040e+01 2.990932066281782653e+01
2.169826257259149429e+02 2.758296633117048913e+01 3.004202387642841288e+01
2.172303888008991919e+02 2.780862412507024928e+01 3.018035729491306185e+01
2.175895808852330617e+02 2.805140414516596081e+01 3.047403736439653343e+01
2.180071322740510027e+02 2.833968221529658038e+01 3.060354229465760767e+01
2.184060866159164789e+02 2.862710196018324638e+01 3.079133500229908549e+01
2.187758306510669399e+02 2.895073485583882444e+01 3.109162962584512613e+01
2.191424138694460169e+02 2.919171648018528842e+01 3.133939610688192801e+01
2.193888894565643284e+02 2.936182836901173232e+01 3.141969379587527200e+01
2.195473969243345493e+02 2.950981794649091583e+01 3.152372826512712933e+01
2.196799604897903464e+02 2.970696708050205359e+01 3.156289786951412779e+01
2.197913690628246286e+02 2.984511997820126439e+01 3.166235801018409646e+01
2.200362710536623467e+02 2.998356239036768400e+01 3.180991501898874318e+01
2.202908734821778296e+02 3.024354638192067313e+01 3.195638209097566218e+01
2.205663584189103972e+02 3.050521977554113562e+01 3.222305556974744434e+01
2.207854016587475883e+02 3.072092848992659953e+01 3.241037824213627516e+01
2.209688618675386067e+02 3.088871745091026710e+01 3.251560142372996864e+01
2.211431700131132914e+02 3.103782761968017212e+01 3.259770091452511309e+01
2.212909109487559363e+02 3.117602479606260246e+01 3.267138745550843737e+01
2.213478260869565304e+02 3.133437217936272745e+01 3.277569440896473196e+01
2.210033890222926232e+02 3.109394574158279312e+01 3.255681125359764394e+01
2.195555544202047145e+02 3.012095573834704254e+01 3.157501660450620662e+01
2.179455746862174124e+02 2.877019704014032797e+01 3.055108227319947645e+01
2.166657674687920405e+02 2.760866840375346953e+01 2.963023212248165095e+01
2.160951617023450808e+02 2.709826802227558318e+01 2.931713074132733965e+01
2.159665219094330553e+02 2.689510379945162555e+01 2.922718370544457400e+01
2.160848890478380042e+02 2.691211362591324630e+01 2.932653825848532847e+01
2.161998433215824491e+02 2.696361314055075908e+01 2.937137553432449621e+01
2.162465641444847506e+02 2.693501251724314116e+01 2.936355864370987234e+01
2.162810776750285129e+02 2.694128987210272541e+01 2.931690594185868193e+01
2.164925356358248507e+02 2.708268533183467142e+01 2.944469762768439480e+01
2.166261789199407417e+02 2.712631345901667146e+01 2.952174594253989426e+01
2.166786082869258792e+02 2.713521347434391018e+01 2.951646996713159155e+01
2.165682726204465212e+02 2.707782148878557038e+01 2.947520904647558737e+01
2.164961017728503521e+02 2.693844241216642033e+01 2.953737972376913845e+01
2.165292767247398729e+02 2.683483029343142690e+01 2.958270747117628119e+01
2.166285427204141740e+02 2.686172448440879279e+01 2.971923568180656972e+01
2.168675760826989460e+02 2.704876786048808768e+01 2.979434254670549720e+01
2.171900577325908159e+02 2.726297791174917862e+01 2.999069125836611605e+01
2.174389005262351304e+02 2.757979189018886501e+01 3.012752260767383561e+01
2.176198436621877192e+02 2.782771845569576996e+01 3.028960983667978013e+01
2.178783153664060990e+02 2.802948619697201948e+01 3.044478277899828100e+01
2.180873720601508978e+02 2.821960183245627363e+01 3.054749229380609421e+01
2.182804237129379032e+02 2.837942063046032715e+01 3.065154379332073020e+01
2.183858206032118972e+02 2.848948381273523012e+01 3.078266319249306093e+01
2.184496738704678194e+02 2.861005466714351542e+01 3.081970060798037991e+01
2.185315213133738723e+02 2.862117202268430916e+01 3.088054292477733043e+01
2.186690338731926602e+02 2.880254772731143120e+01 3.093302338255079320e+01
2.187872170847596180e+02 2.888536248914320836e+01 3.102987448696333317e+01
2.189059929494711980e+02 2.897052742723820273e+01 3.110749161259558093e+01
2.190537781637970625e+02 2.908123435344607444e+01 3.118679473424274917e+01
2.192372894633764133e+02 2.922915580987414685e+01 3.130914354808494693e+01
2.194138932883734299e+02 2.936751307072668027e+01 3.143492225685042385e+01
2.196402765714674956e+02 2.955385479997956466e+01 3.162476881418280428e+01
2.198256543878472087e+02 2.971510414005688006e+01 3.172872835027844474e+01
2.200123810010388468e+02 2.987950067269537868e+01 3.191020964253478454e+01
2.201791140857303333e+02 3.003483029343142618e+01 3.200515676356886274e+01
2.203255334729814763e+02 3.012204226911221383e+01 3.198693438239752140e+01
2.201497981913860826e+02 3.001274204260971601e+01 3.188232429026379933e+01
2.189571007680648620e+02 2.921234694051329228e+01 3.106098196495171848e+01
2.174002452357839843e+02 2.792330932066281690e+01 3.008559069466441827e+01
2.162296701238100241e+02 2.691829561130128212e+01 2.947082886288935555e+01
2.157064016757778688e+02 2.638536759822203948e+01 2.909932049251520070e+01
2.155770125513036533e+02 2.627858103850542548e+01 2.903906061070522426e+01
2.158019686983770100e+02 2.637490420477188025e+01 2.906827772952536648e+01
2.161533711405166969e+02 2.653562220065055755e+01 2.930509375159658703e+01
2.163552070028440539e+02 2.671011427306323327e+01 2.950307396243124103e+01
2.165447844820245678e+02 2.677431495767979541e+01 2.955205981028287354e+01
2.167243447606396671e+02 2.691153119092627577e+01 2.962066792690611194e+01
2.167309252541766682e+02 2.692360224118258216e+01 2.964059333435514887e+01
2.166259745567874120e+02 2.680258859994209786e+01 2.954032936528210485e+01
2.163718830361552534e+02 2.667069262078713976e+01 2.945378838195473392e+01
2.161474275788075374e+02 2.649359491816958823e+01 2.932802670345203566e+01
2.160300209472232211e+02 2.642411825814472337e+01 2.928515812598988433e+01
2.160670345203426450e+02 2.645439465930959244e+01 2.927570633014867596e+01
2.161892402799775255e+02 2.658826274289412339e+01 2.942031029138779630e+01
2.164442173742740749e+02 2.671300601168276145e+01 2.956568742655699111e+01
2.167235170898686931e+02 2.691013811543112055e+01 2.970783562390367649e+01
2.169544542652293160e+02 2.708668744358725533e+01 2.991205231696725164e+01
2.171674721980960214e+02 2.726976617449207296e+01 2.993993085713312396e+01
2.173200156678417443e+02 2.742202353582315766e+01 2.996710434442003290e+01
2.175056591563207746e+02 2.752879647132955299e+01 3.009207922478243802e+01
2.176641598119859111e+02 2.767127505577411029e+01 3.018561964611113879e+01
2.178265944583525027e+02 2.779288475621178733e+01 3.030985541306902320e+01
2.179170013113302389e+02 2.788169757659360570e+01 3.038154260120233729e+01
2.180459851155503372e+02 2.793982867555646266e+01 3.050299902927502060e+01
2.181407142492208777e+02 2.810189546824707563e+01 3.058609989952145014e+01
2.182824469081558050e+02 2.823598494524770430e+01 3.074571433437218104e+01
2.184835198147107462e+02 2.831625879187316031e+01 3.082831110884040982e+01
2.186275345288577796e+02 2.851795159999318940e+01 3.099449922512304312e+01
2.187564263696588966e+02 2.866860811662323982e+01 3.106742281033396225e+01
2.189485038914150437e+02 2.881942471772339331e+01 3.115610620071867842e+01
2.191676220644084481e+02 2.899126006914286791e+01 3.131673563923091308e+01
2.194307634666803040e+02 2.917775166470818604e+01 3.145802210528108489e+01
2.196651748156474184e+02 2.944413222296019939e+01 3.151616342240160762e+01
2.199065481360377419e+02 2.969656158994533257e+01 3.158361007510345786e+01
2.201035474037364281e+02 2.994130690236550407e+01 3.174750251196375928e+01
2.202028508659888644e+02 3.006012023365520491e+01 3.176120506139409727e+01
2.199201450978388550e+02 2.989652412336722520e+01 3.154508080859687524e+01
2.185982663192493192e+02 2.889485175156252694e+01 3.087273965837292877e+01
2.172241046339345019e+02 2.781338238049013256e+01 2.989871421516033934e+01
2.162644697627684423e+02 2.696208722900594523e+01 2.931542090294453118e+01
2.159076414789080332e+02 2.661233672235562508e+01 2.912769631635416090e+01
2.158867010677974747e+02 2.658778589553636706e+01 2.905517464534477767e+01
2.161496891977043333e+02 2.684533796556480922e+01 2.921759566750115056e+01
2.165263611437524389e+02 2.718097379042558615e+01 2.954549975306118981e+01
2.168449053968902831e+02 2.737098043222806965e+01 2.970063522880158047e+01
2.170556957713857571e+02 2.760339242834517037e+01 2.989674551678332293e+01
2.172432432432432563e+02 2.777405950373814392e+01 2.998581038505423990e+01
2.172524940819836843e+02 2.766250447044397731e+01 2.994949164665610652e+01
2.170759004751443229e+02 2.748758664146187769e+01 2.982237776528891970e+01
2.168713772373507709e+02 2.730349971900066564e+01 2.960854919191402956e+01
2.167270116997905234e+02 2.717342597796283954e+01 2.955170558081711363e+01
2.168125036189308332e+02 2.720689385037211139e+01 2.955998910063182450e+01
2.171300464926173674e+02 2.739079684599533238e+01 2.985122021832797046e+01
2.175998773821080192e+02 2.774394999914848725e+01 3.023459868185766197e+01
2.179984740884551968e+02 2.806618981930891366e+01 3.044590337028900251e+01
2.183606566869326855e+02 2.830828181678843336e+01 3.071001890359168129e+01
2.187187452102385805e+02 2.861370595548289231e+01 3.086514756722696262e+01
2.189122021832796747e+02 2.887776358589212933e+01 3.108402731654149420e+01
2.191503806263730780e+02 2.922663873703571369e+01 3.130373133057442914e+01
2.194543435685212671e+02 2.948943272194690124e+01 3.145389396958395167e+01
2.196520512951514945e+02 2.967533847647269241e+01 3.162673070045470780e+01
2.199280812002929224e+02 2.984869633338442441e+01 3.178376334746845089e+01
2.201497913792809697e+02 3.000070505287896694e+01 3.188797152540063706e+01
2.203913894991399616e+02 3.022092678690032130e+01 3.203826018835470535e+01
2.206765203767094192e+02 3.041312011444336605e+01 3.219525536879034178e+01
2.209981198589894120e+02 3.079083431257344472e+01 3.239679149849282425e+01
2.214184233382721061e+02 3.115248556685229531e+01 3.267165653366031108e+01
2.219529760384202746e+02 3.156833052333997358e+01 3.298322178511214275e+01
2.224923891755649663e+02 3.209330880975493727e+01 3.326971508370374409e+01
2.229583712256680030e+02 3.254085049132308427e+01 3.354204260971746976e+01
2.235315008770585337e+02 3.297089187486162842e+01 3.396021049404792080e+01
2.242401709838382828e+02 3.356333384424121391e+01 3.434542141385241365e+01
2.249323523901973942e+02 3.429130605085236283e+01 3.490482126739215829e+01
2.256017438989083530e+02 3.495301350499838122e+01 3.537615763211226039e+01
2.258795653876939298e+02 3.535384798787445249e+01 3.546184369624823063e+01
2.249533438920962567e+02 3.474460736729167820e+01 3.484794359576968503e+01
2.234776103135271512e+02 3.358890308077453568e+01 3.373319027912600632e+01
2.224267681670328045e+02 3.265118615780241385e+01 3.303746998416185221e+01
2.220095335411025417e+02 3.207461639333094894e+01 3.289333265212282242e+01
2.220076602121970666e+02 3.204324664929579569e+01 3.286547795432483809e+01
2.224799911442633515e+02 3.238417547982765399e+01 3.327506258621570367e+01
2.231898703997002542e+02 3.295040106268839963e+01 3.367992302321224685e+01
2.237944311040719469e+02 3.354037705001788083e+01 3.401830753248522399e+01
2.243177506428924062e+02 3.388077453635109748e+01 3.440837548323370498e+01
2.247914950867692028e+02 3.431134385803572684e+01 3.469220524872698519e+01
2.250522181917266948e+02 3.457335445085917769e+01 3.481651594884109358e+01
2.251301180197210385e+02 3.462783426148265420e+01 3.491824452051294969e+01
2.251364532774740610e+02 3.470967489228358716e+01 3.482704405728980390e+01
2.251588140125002155e+02 3.476700897494848164e+01 3.494409305335581450e+01
2.253790221223113406e+02 3.501571893254313039e+01 3.502082460532366071e+01
2.257876666836969264e+02 3.535062245610449594e+01 3.530661966314140443e+01
2.262811083295015351e+02 3.592385428907167721e+01 3.562675454282259579e+01
2.268610364617925939e+02 3.642211209318959675e+01 3.614634786014747903e+01
2.275571348285903923e+02 3.712697763926497174e+01 3.656288424530390557e+01
2.281359253393279971e+02 3.773073451523357136e+01 3.708247075052368302e+01
2.285236805803913569e+02 3.825551525060031821e+01 3.728699398831724210e+01
2.287772271326146551e+02 3.859323898567755151e+01 3.755607214019312323e+01
2.289920400551780517e+02 3.902674773071748149e+01 3.754153510788671610e+01
2.292751749859500308e+02 3.935485617943084691e+01 3.759753401794989713e+01
2.294579369539671916e+02 3.970442616529572888e+01 3.764863843049098335e+01
2.295810691598971403e+02 3.988823379144740500e+01 3.770755973364668989e+01
2.296601440760231014e+02 4.006030756654575242e+01 3.775393654524089015e+01
2.297560346736150052e+02 4.017540830055007461e+01 3.802049762427834168e+01
2.298387472538701388e+02 4.043680920996610695e+01 3.808981760588565635e+01
2.299500298029598468e+02 4.064257565694238394e+01 3.822265365554590488e+01
2.301805752822766067e+02 4.082858359304483997e+01 3.833645327747407094e+01
2.303852483863826137e+02 4.107331187520223637e+01 3.853729797850780869e+01
2.305819479214564183e+02 4.142054530901411624e+01 3.866944600555186895e+01
2.308620684957168976e+02 4.169826121017047171e+01 3.884660842316797158e+01
2.310568436110969230e+02 4.207564161515011847e+01 3.896331000187333160e+01
2.313537594305080063e+02 4.241179515999932192e+01 3.917617125632248332e+01
2.316324630869054317e+02 4.274350380626373180e+01 3.935984604642449369e+01
2.318972666428242917e+02 4.288201774553381540e+01 3.966708901718353530e+01
2.313797850780837564e+02 4.262680222755837178e+01 3.924488155452238658e+01
2.293724382227217689e+02 4.111492702532400045e+01 3.786146221836202841e+01
2.278159505441169017e+02 3.939476489722236607e+01 3.667220150206917850e+01
2.267727992642926438e+02 3.804212605800507419e+01 3.600121255470971704e+01
2.264707368994703529e+02 3.738938333418484916e+01 3.575550673546892710e+01
2.266362267749791499e+02 3.732710366320952033e+01 3.583585210919804354e+01
2.271365656772084094e+02 3.764205112484885518e+01 3.626322314753316789e+01
2.277126075035337749e+02 3.811360888298506211e+01 3.664612135765254664e+01
2.280726340707437032e+02 3.848837003354961439e+01 3.688940206747390249e+01
2.283337897443757640e+02 3.871886442207803469e+01 3.700316422282395479e+01
2.284614656244145863e+02 3.894979819138609400e+01 3.718071833648393465e+01
2.283424206815511184e+02 3.895303734736626922e+01 3.705923125393825046e+01
2.280385326725591426e+02 3.867959944821948426e+01 3.682491186839013153e+01
2.275861543963623319e+02 3.836620174049285481e+01 3.644226570615984429e+01
2.271750234166113103e+02 3.785337965564808371e+01 3.621239121919651183e+01
2.269133602411485242e+02 3.756029223930925554e+01 3.610757335785691424e+01
2.268648989253904062e+02 3.741491510414005717e+01 3.613439942778317260e+01
2.269410276060559681e+02 3.733067320628757102e+01 3.615962805906094957e+01
2.270122754134096397e+02 3.735557826257259251e+01 3.618498271428327939e+01
2.272289923193514767e+02 3.751082954409986314e+01 3.630924572966161179e+01
2.273549447367972789e+02 3.771788688499463404e+01 3.641244571603739644e+01
2.275499174032255212e+02 3.788611522675795129e+01 3.654598681857660836e+01
2.276665440487746821e+02 3.805772237265620817e+01 3.671201485038913859e+01
2.277386331511095250e+02 3.815235954290774600e+01 3.669513785997718003e+01
2.276475178392002476e+02 3.823782080757506208e+01 3.659440385565149256e+01
2.275524651305369730e+02 3.819902927502171508e+01 3.657258127692909966e+01
2.275636744494967445e+02 3.827142492208654545e+01 3.657964883598153705e+01
2.275876632776443671e+02 3.831192629302270092e+01 3.658155281936000591e+01
2.277020010558762806e+02 3.836151501217663906e+01 3.667697338169927690e+01
2.277038539484664170e+02 3.851805718762240360e+01 3.668777397435242449e+01
2.277127130911630104e+02 3.860580050750183290e+01 3.664589655818389247e+01
2.276165942880498676e+02 3.863449309422844635e+01 3.666800865137349064e+01
2.276303274919532100e+02 3.869037960455730030e+01 3.670591120420988318e+01
2.277642875389567223e+02 3.881884909484153212e+01 3.672574124218736813e+01
2.279186089681363683e+02 3.898277559222739086e+01 3.688822016723717923e+01
2.280597557860317863e+02 3.902024217033668663e+01 3.700211856468945371e+01
2.281441509562492627e+02 3.923961920332430964e+01 3.696256067031114156e+01
2.281234864353957050e+02 3.933523050460668458e+01 3.698953660654984077e+01
2.278799741140005892e+02 3.917456700556889615e+01 3.673060508523646206e+01
2.265945026311756010e+02 3.803917982254466068e+01 3.579676425007237839e+01
2.247110475314634073e+02 3.620672014169178965e+01 3.453647371378940534e+01
2.231961273182445211e+02 3.445663243583848612e+01 3.335508779100461396e+01
2.223172261107988845e+02 3.324325686745346786e+01 3.279322876751988503e+01
2.220908462337573894e+02 3.288543061019431235e+01 3.268867657827960471e+01
2.222831826155077692e+02 3.274992080927808757e+01 3.288665338306169872e+01
2.225423287181321257e+02 3.298991127233092868e+01 3.308767519882831465e+01
2.228711728741974412e+02 3.319727515795568706e+01 3.340013624210221366e+01
2.230897665150973239e+02 3.342731313544167904e+01 3.362212912345237470e+01
2.233167254210732438e+02 3.351681738449224213e+01 3.373309490965445434e+01
2.232759720022479826e+02 3.360039169604387155e+01 3.356341218344999078e+01
2.228918646434714503e+02 3.337579659054139114e+01 3.333371481121953650e+01
2.224674432466492817e+02 3.291991689231765150e+01 3.300687682010933344e+01
2.218493468894224918e+02 3.243543316473373039e+01 3.265837633474684765e+01
2.214282668301571846e+02 3.210792418127011416e+01 3.233913384083516718e+01
2.212683049779458031e+02 3.190159914167475463e+01 3.220258519388953999e+01
2.213150496432159855e+02 3.187044738500314978e+01 3.240354910676271771e+01
2.215012857848396663e+02 3.195178392002588552e+01 3.257795262180895435e+01
2.218019925407448909e+02 3.217198181167935189e+01 3.275680444149253390e+01
2.220367921797033262e+02 3.240826648955193434e+01 3.294959042218021494e+01
2.222978218293908412e+02 3.256747219809602001e+01 3.313331970912311419e+01
2.225272262811015196e+02 3.271944345101245233e+01 3.329505270866329170e+01
2.226778453311534633e+02 3.286246700386586639e+01 3.335199168923176671e+01
2.227952792111582312e+02 3.301888656141964162e+01 3.342107665321275789e+01
2.227905005194230057e+02 3.308681346753180463e+01 3.342737444438767369e+01
2.228439721384901020e+02 3.321663516068053212e+01 3.334503312386109997e+01
2.228895280914184411e+02 3.327084929920468426e+01 3.333722985745669831e+01
2.229288339379076547e+02 3.333245797782659992e+01 3.334549975306119052e+01
2.230691292426642178e+02 3.343362455082682061e+01 3.342152965820262267e+01
2.231667296786389443e+02 3.351387796113694151e+01 3.353562901275566333e+01
2.232493060167918486e+02 3.358392343193855822e+01 3.364362131507689213e+01
2.233673223317835834e+02 3.369757999965939632e+01 3.382877092593538748e+01
2.234840375346991550e+02 3.383426829475978792e+01 3.391457279585824125e+01
2.235991042081779199e+02 3.390997462490846459e+01 3.406940513292120443e+01
2.237626356034673734e+02 3.411694681448934574e+01 3.410500860028270154e+01
2.239037449547846563e+02 3.439162111071373573e+01 3.403204073638855931e+01
2.238671128595514119e+02 3.458280624670038605e+01 3.401833137485311198e+01
2.231357005398593287e+02 3.403782761968017212e+01 3.343310342478584118e+01
2.212768609819649441e+02 3.276786048808732943e+01 3.224568538292545838e+01
2.196999710485532660e+02 3.129691922546365035e+01 3.119059588889456691e+01
2.187527716752669562e+02 3.000222074626611501e+01 3.072876581685655495e+01
2.183105434356852186e+02 2.953899759873294784e+01 3.043808647967438219e+01
2.184062092338084824e+02 2.952891908922154585e+01 3.054866397588514815e+01
2.188446771913690725e+02 2.971805718762240645e+01 3.077584768132972215e+01
2.193629728026703560e+02 3.010490641870604023e+01 3.107759328326435977e+01
2.197936374938265374e+02 3.046127147941892588e+01 3.139641002060661634e+01
2.201141402271836967e+02 3.082254466186413211e+01 3.165106694596297743e+01
2.203129106422112216e+02 3.108573715492429912e+01 3.172358180486724777e+01
2.201934944396192009e+02 3.104689453158262324e+01 3.159901565081149144e+01
2.197501592329569746e+02 3.069283196239717881e+01 3.126151330915035942e+01
2.192322042269112217e+02 3.029229040004087281e+01 3.087989577479180525e+01
2.188054667143514109e+02 2.990907542703384081e+01 3.066808017847715462e+01
2.186496091554692782e+02 2.980412472964457749e+01 3.052882371974999742e+01
2.187319606941535142e+02 2.987475263543316473e+01 3.063645498050034988e+01
2.190543776290468259e+02 3.006238866465709592e+01 3.085664265399615047e+01
2.194951242357669514e+02 3.025825031080229621e+01 3.129701459493519877e+01
2.198825422776273513e+02 3.055845297092934132e+01 3.159273829595190719e+01
2.202409475638208960e+02 3.085654728452459850e+01 3.191230095880379380e+01
2.206153442667620368e+02 3.106977639264973945e+01 3.213720942114137102e+01
2.208355694068359583e+02 3.134780905669374462e+01 3.225744988845178085e+01
2.210457024131882235e+02 3.157268005245320808e+01 3.233062892760435147e+01
2.211438137570462743e+02 3.174403515046236990e+01 3.236398099422674335e+01
2.212700590950118453e+02 3.193362625385309528e+01 3.236286721504112762e+01
2.213216062943851341e+02 3.209398320816089978e+01 3.237886544389380106e+01
2.214542345748394894e+02 3.219852517924351787e+01 3.248601304518128785e+01
2.216201978916534756e+02 3.238722049081217591e+01 3.252815272739658070e+01
2.217572642585874974e+02 3.250374154873209420e+01 3.276861322570207591e+01
2.219280335155571322e+02 3.272184131201144197e+01 3.287406801886952934e+01
2.221926940172686784e+02 3.289669101994243761e+01 3.297467599925067105e+01
2.224083959195490365e+02 3.318170609172499752e+01 3.310593504657776975e+01
2.226406750796164715e+02 3.343521858342274555e+01 3.323492566290298100e+01
2.225404962618573279e+02 3.350069653774757938e+01 3.315818729883002192e+01
2.214176092917113579e+02 3.268551916756075570e+01 3.238821846421090100e+01
2.196820722423746872e+02 3.135150462371634461e+01 3.131410276060559639e+01
2.182058481922375961e+02 3.000910437848056134e+01 3.038599431189223310e+01
2.172694460055518562e+02 2.906589689878914839e+01 2.991259728537611196e+01
2.170000000000000000e+02 2.864101909092457277e+01 2.979012925969447778e+01
2.172547727311432482e+02 2.870999165517124041e+01 2.996419898159028605e+01
2.178608457228494899e+02 2.904646877501319935e+01 3.033754321429179512e+01
2.184626986154396491e+02 2.941974829271615732e+01 3.079356937277542272e+01
2.190683220082085825e+02 2.978919259524174379e+01 3.114974028849265153e+01
2.196558422316456358e+02 3.017004717382789281e+01 3.150417752345918743e+01
2.199486673819376961e+02 3.040528959961852351e+01 3.169351998501336709e+01
2.199983514705631933e+02 3.034715850065566656e+01 3.175121510924913437e+01
2.198778827977315586e+02 3.031286976958054424e+01 3.157494167134998975e+01
2.198629472572761756e+02 3.032663362795688045e+01 3.161784771539024774e+01
2.200307873090481792e+02 3.044529709293414399e+01 3.159978541868900948e+01
2.202804850218838908e+02 3.066966739896796668e+01 3.176608934075852630e+01
2.206420545309014187e+02 3.097669578841601634e+01 3.206379877041502624e+01
2.210576508455525584e+02 3.143536504368262285e+01 3.228757982935676552e+01
2.214083925134964943e+02 3.177460787819956067e+01 3.256481888315536821e+01
2.217026073332311569e+02 3.212693336058175220e+01 3.284883598153919593e+01
2.219937567056659589e+02 3.244648239922342015e+01 3.311781876394352508e+01
2.224156916841226916e+02 3.272810163660825111e+01 3.331043784805599728e+01
2.227318380762615107e+02 3.306352628621059608e+01 3.352116691360547662e+01
2.229722679200939979e+02 3.334612987278394058e+01 3.358152557093956148e+01
2.230999744546058423e+02 3.358839557894378203e+01 3.352873856843611122e+01
2.231466373746146985e+02 3.377395732216147906e+01 3.353938588872426152e+01
2.233354348677600001e+02 3.385293686881588826e+01 3.366814148742314927e+01
2.235038880089919928e+02 3.406849571688891132e+01 3.375289429315894552e+01
2.235853131013811605e+02 3.425713653161668049e+01 3.385213644646536579e+01
2.238062330761763690e+02 3.447070624499735914e+01 3.400266353309831402e+01
2.240384883938759231e+02 3.476418876343262099e+01 3.415223351896320025e+01
2.243758544934348436e+02 3.505756228818610509e+01 3.434175650130281809e+01
2.245803402646502889e+02 3.525592397690696345e+01 3.451183432960370823e+01
2.239346923483029457e+02 3.491824452051294969e+01 3.407079480236379965e+01
2.222918169587356658e+02 3.387635348013419900e+01 3.291759055842231874e+01
2.209916994499225211e+02 3.263338272109538707e+01 3.201978916534682185e+01
2.203273148384679700e+02 3.193160646468774999e+01 3.152396328275345283e+01
2.201748463018784321e+02 3.178152216488700432e+01 3.146559716616427238e+01
2.205452068325414245e+02 3.179485345458880374e+01 3.178311619748292571e+01
2.209988044755530439e+02 3.201095386501813778e+01 3.210805361126722346e+01
2.214307225940496267e+02 3.224241557247228229e+01 3.250439551082273226e+01
2.217416338834108274e+02 3.250941943834193637e+01 3.271845910182393879e+01
2.221575673972649270e+02 3.282503789233467728e+01 3.299439704354638536e+01
2.225149747100597892e+02 3.319439363749382466e+01 3.321819513275089975e+01
2.225820432909279702e+02 3.340187332890546656e+01 3.331636778555493095e+01
2.224790306374427473e+02 3.339149849282174642e+01 3.319537798668233108e+01
2.222918033345254401e+02 3.323759600810640791e+01 3.309571688891159624e+01
2.220372792452187412e+02 3.309441577683544011e+01 3.289460992183109056e+01
2.220206543026959025e+02 3.300800081745261139e+01 3.283400943476557643e+01
2.220880498646094168e+02 3.310729065549481476e+01 3.292582639350125362e+01
2.224345101244912257e+02 3.333697780956759971e+01 3.303592704235426680e+01
2.228892215466884750e+02 3.377907321309967870e+01 3.334628314514893077e+01
2.233493622166590171e+02 3.418569117321479922e+01 3.370117679115788434e+01
2.237600401914201598e+02 3.470290365980346792e+01 3.398292886459238105e+01
2.240989866993647581e+02 3.498403583167288389e+01 3.412789386740237063e+01
2.242784005177200015e+02 3.518073196069415332e+01 3.420691428668744294e+01
2.242741633883410941e+02 3.538561283400602520e+01 3.422583490863264188e+01
2.241759702992217171e+02 3.546161208467446357e+01 3.412507706193906643e+01
2.240630221904324060e+02 3.538454333350363612e+01 3.408355387523629787e+01
2.238679371242698153e+02 3.531630647660893629e+01 3.401505815834738655e+01
2.236767690185459685e+02 3.518122924436723764e+01 3.388225616921268823e+01
2.233694885812087989e+02 3.501532723649926027e+01 3.377902552836390271e+01
2.230419693795875276e+02 3.475308162604949302e+01 3.353669851325805951e+01
2.226663975885147977e+02 3.450439891687528871e+01 3.327268175547948914e+01
2.218415913077538733e+02 3.401428498441730852e+01 3.267936443059316076e+01
2.201888724263015433e+02 3.261092321054513832e+01 3.167571654830634031e+01
2.183973330608491210e+02 3.100731620088897955e+01 3.046364209199747819e+01
2.170057119501353782e+02 2.964020504436383519e+01 2.960927127505577516e+01
2.162459748973926708e+02 2.880028270236209664e+01 2.920535772066962821e+01
2.160901343687733061e+02 2.847282480968681284e+01 2.913054718234302243e+01
2.163035439976838745e+02 2.844387336296599145e+01 2.928233450842146368e+01
2.168017473049609123e+02 2.870978729201791424e+01 2.964210902774229695e+01
2.173428021594373263e+02 2.901444166283485870e+01 3.002555901837565244e+01
2.177721691445698866e+02 2.932394284643812199e+01 3.030591120420988105e+01
2.180802772526780018e+02 2.958342274221291390e+01 3.047838348745721149e+01
2.180909995061223867e+02 2.956997905277678385e+01 3.047916687954495174e+01
2.177525911544815074e+02 2.930690577155605681e+01 3.021540557570803287e+01
2.171524310700114029e+02 2.883937737359287468e+01 2.991386774297927431e+01
2.166264071254619523e+02 2.849109487559393017e+01 2.959696861322570172e+01
2.163098145404383672e+02 2.823924453754321462e+01 2.941487423150939051e+01
2.162205146545411196e+02 2.808848583933649934e+01 2.933844922427153179e+01
2.162975970299221729e+02 2.810242681244571727e+01 2.941613787700744354e+01
2.164704031063199352e+02 2.833512491697747038e+01 2.949091776086104844e+01
2.166862957475433973e+02 2.849173861952689890e+01 2.965475229482790809e+01
2.167735485958548338e+02 2.860277933888519897e+01 2.965017796624601942e+01
2.168060968340741397e+02 2.868320986392820160e+01 2.964047752856826534e+01
2.168449190211005089e+02 2.873013845603637506e+01 2.965894514552359595e+01
2.169899214904885980e+02 2.880751034588463710e+01 2.977725097498254314e+01
2.170803283434663342e+02 2.883805582520138344e+01 2.983235068717110394e+01
2.172146868986188508e+02 2.885454452562203187e+01 2.985533813586743790e+01
2.173040140329365215e+02 2.890986222517413395e+01 2.999469337011869996e+01
2.173782796028542634e+02 2.901482314072106306e+01 3.001304858733970349e+01
2.174331170489960527e+02 2.905529385718421764e+01 3.007975272058448013e+01
2.173237384832847852e+02 2.903494950527086615e+01 3.001802142407057516e+01
2.165533507042013639e+02 2.851423900270781076e+01 2.957178766668369718e+01
2.151271751903131815e+02 2.747712324801171846e+01 2.873929392530526883e+01
2.140051908240944272e+02 2.652307770908905127e+01 2.801167594815987982e+01
2.133302883223488209e+02 2.600016689657521241e+01 2.760500689725642331e+01
2.132240705734089374e+02 2.575825882593368377e+01 2.756073843219400743e+01
2.135805889064868381e+02 2.590408556004019047e+01 2.783040242510941908e+01
2.142028951446720839e+02 2.618074558490437553e+01 2.821959161429860785e+01
2.147293755002639557e+02 2.654296564995997798e+01 2.852448781484698159e+01
2.152852534954614327e+02 2.683946593095931377e+01 2.885132921200974110e+01
2.157101142730632262e+02 2.717875304415947113e+01 2.909372094211413540e+01
2.159509800916228244e+02 2.734813263168650721e+01 2.915714504674807017e+01
2.158147005228290709e+02 2.726190159914167310e+01 2.908750149014799291e+01
2.155537764607707913e+02 2.704541289872102894e+01 2.884806280760912145e+01
2.152035729491306029e+02 2.685758953660655024e+01 2.868051908240944314e+01
2.151380132495444286e+02 2.667456189649006149e+01 2.862735741412490142e+01
2.152592312539382533e+02 2.677750302287164175e+01 2.871215790459646655e+01
2.155672473986273587e+02 2.697576253001583879e+01 2.886856383794001957e+01
2.160955976770721634e+02 2.729161600163490675e+01 2.916013215483915033e+01
2.165924589996423606e+02 2.761376045232377763e+01 2.950762444864524170e+01
2.170762444864524241e+02 2.800627735485958425e+01 2.979616819087518564e+01
2.174449428634683841e+02 2.836714862310325458e+01 3.008645242596093183e+01
2.177967029411263695e+02 2.866798480900560264e+01 3.027367972887821779e+01
2.180150411280846185e+02 2.896368126160186662e+01 3.036421601185306329e+01
2.181938656993477537e+02 2.914146698683560643e+01 3.044268465062415885e+01
2.183205299817776108e+02 2.919330029462354759e+01 3.063578058209438026e+01
2.183896728486520544e+02 2.925988180997632782e+01 3.062780360700965687e+01
2.183709497777550723e+02 2.929949760724807817e+01 3.064537543214291659e+01
2.183243720090601130e+02 2.921204039578330836e+01 3.056193055058839647e+01
2.178486214002282111e+02 2.882994942011955075e+01 3.031309116299664552e+01
2.164893305403702470e+02 2.777684906078100724e+01 2.946397247909535366e+01
2.152793337761201542e+02 2.680860709480747417e+01 2.877198862378446620e+01
2.145394710400381371e+02 2.625160169621417339e+01 2.829245729661608522e+01
2.143903029683748116e+02 2.602949641512968526e+01 2.820938026873754723e+01
2.146268396941364927e+02 2.614176671946048103e+01 2.832328547829493104e+01
2.151178936970997597e+02 2.646023603944208702e+01 2.859127709940564444e+01
2.155910795483574418e+02 2.674597319436638898e+01 2.887198010865307651e+01
2.159779900883870596e+02 2.703804560704371696e+01 2.903054207326418990e+01
2.163305437762904546e+02 2.727321991178324012e+01 2.922115158636897903e+01
2.165285989202813539e+02 2.750210664350550971e+01 2.935483233706296247e+01
2.165189904460225705e+02 2.742599839915530069e+01 2.943531395289429398e+01
2.162962039544270283e+02 2.726997053764539558e+01 2.939746249084623386e+01
2.160072685161532036e+02 2.708823038539484784e+01 2.924694902842350785e+01
2.158418671980108741e+02 2.689194298268022365e+01 2.920255794546909911e+01
2.158260869565217490e+02 2.685172090805361123e+01 2.922745959570156060e+01
2.159517328292375566e+02 2.698900866840375201e+01 2.923390044108380437e+01
2.162031063199305265e+02 2.721299068444626101e+01 2.934198811287658160e+01
2.165213406222858055e+02 2.744542652293124974e+01 2.951136429435106123e+01
2.167970639826972672e+02 2.765683679899180802e+01 2.966916330318976947e+01
2.170375483233706291e+02 2.785777005739198486e+01 2.983210545138711467e+01
2.171817197159352304e+02 2.809629591784601388e+01 2.987750131984536495e+01
2.172853148044074203e+02 2.821596757437967185e+01 2.995053730479061116e+01
2.174014850389141600e+02 2.838480559955040050e+01 2.999291200463223106e+01
2.175046441526592673e+02 2.850281850848958598e+01 3.007677923670362219e+01
2.176377254381035016e+02 2.862322246632265532e+01 3.018726476949539261e+01
2.177538684241897897e+02 2.873910659241472132e+01 3.021532723649925956e+01
2.179043886987176109e+02 2.882077692058788543e+01 3.026110458284371418e+01
2.179004138353854785e+02 2.882948619697202020e+01 3.022091656874265553e+01
2.173563786849231008e+02 2.835651492702532295e+01 2.980808256271394185e+01
2.161158602837241745e+02 2.748467446652701796e+01 2.911927655443723495e+01
2.151944140738091562e+02 2.669860522147856585e+01 2.859611369403429748e+01
2.147343483369948274e+02 2.626711626560397761e+01 2.832668471874520932e+01
2.146944804918339855e+02 2.620050409577819650e+01 2.833087756944089719e+01
2.149691922546364822e+02 2.629336671264837477e+01 2.849936817725097526e+01
2.152680903966348183e+02 2.655361978235324116e+01 2.866355012857848550e+01
2.155869718489756224e+02 2.671878608286925783e+01 2.880851853744103153e+01
2.158135254346974534e+02 2.686415981198589975e+01 2.901890018562986384e+01
2.160267170762444948e+02 2.702193497845671644e+01 2.923401965292324434e+01
2.162307260001021803e+02 2.713316984281067334e+01 2.929811474991059228e+01
2.162142543299443105e+02 2.714140567788960823e+01 2.927591409935455147e+01
2.161343108704167264e+02 2.706930295134453957e+01 2.921704729303973025e+01
2.160142883904698579e+02 2.692245440147141622e+01 2.915411025392121758e+01
2.159328019891347026e+02 2.688227660552802334e+01 2.908506956862344239e+01
2.160625249067593074e+02 2.699125666309031146e+01 2.921472436519695393e+01
2.162611897341575968e+02 2.716575895366065652e+01 2.939606600929852220e+01
2.165848941569168460e+02 2.737316711796863089e+01 2.968519218651543667e+01
2.168865716378003583e+02 2.760291558098741405e+01 2.991117355540795941e+01
2.172038488393876037e+02 2.779254074490369320e+01 3.006740578007118714e+01
2.174101057579318308e+02 2.800394761491169859e+01 3.029347911238270541e+01
2.175938656993477309e+02 2.818053440964594003e+01 3.036493468894224890e+01
2.177400466629200082e+02 2.835617091571722881e+01 3.034286006233076094e+01
2.179591069330199673e+02 2.851170149355404604e+01 3.043418995555101247e+01
2.181329484493945756e+02 2.869917403225531771e+01 3.052089102334849002e+01
2.183468621740833555e+02 2.886360462541937011e+01 3.068697014594935268e+01
2.185376249595531135e+02 2.902715645702413028e+01 3.077437967267835006e+01
2.187173725710587746e+02 2.912074115703605415e+01 3.083466339685621449e+01
2.187970844190125774e+02 2.916459748973926835e+01 3.089201791583644052e+01
2.183536095641955797e+02 2.884206815511163313e+01 3.052739317767673199e+01
2.172846608423168107e+02 2.798595003320901142e+01 2.980097072497828492e+01
2.162866261346412671e+02 2.716518673683134821e+01 2.919584461588242164e+01
2.157972002247994681e+02 2.677299000323575129e+01 2.895194059844343570e+01
2.157186975255028187e+02 2.662484715339157759e+01 2.899213883070215658e+01
2.159378395408641040e+02 2.675219605238508791e+01 2.923917641649210708e+01
2.162703043307958239e+02 2.694855498220337608e+01 2.938966944259949798e+01
2.164979206049149241e+02 2.709694647388409194e+01 2.951229755275123878e+01
2.166417582043290793e+02 2.728705870331579320e+01 2.960916568742655741e+01
2.168675897069091718e+02 2.753776801376045213e+01 2.988063829424887885e+01
2.171253291098281579e+02 2.774118769052606481e+01 2.995799315383436223e+01
2.171957764948313070e+02 2.779838553108874422e+01 3.000435293516579094e+01
2.171204243941484151e+02 2.774259098417888580e+01 2.996428753895672514e+01
2.169716991093172567e+02 2.768528414993443221e+01 2.980034401130809485e+01
2.169528772628961804e+02 2.765321957117798490e+01 2.973541783749723422e+01
2.171176723036836336e+02 2.779069807047122609e+01 2.973681772509749877e+01
2.174081540898176002e+02 2.798354876615746178e+01 2.995407619339566452e+01
2.177597234285325101e+02 2.829010371430031157e+01 3.018741463580782991e+01
2.181034554403174468e+02 2.859604216693063705e+01 3.057411059452647351e+01
2.184849741991519068e+02 2.887725267800882278e+01 3.092120097413103252e+01
2.188188559069466521e+02 2.909180674057800786e+01 3.105848532842861687e+01
2.190639009519916840e+02 2.934892964798446968e+01 3.120333793150428292e+01
2.192800456411042376e+02 2.953170864626441272e+01 3.137682862446567711e+01
2.194706108755258072e+02 2.971292086036887525e+01 3.137790834312573551e+01
2.195667569270593731e+02 2.988873448117304576e+01 3.140061649551252643e+01
2.197256560908734855e+02 3.006185050835334494e+01 3.149939542567141970e+01
2.199012176637885432e+02 3.015817708067235614e+01 3.156611999523152789e+01
2.200402901956777271e+02 3.029400364447623417e+01 3.157305812428685599e+01
2.200309576116759445e+02 3.033568010354399647e+01 3.164045709225293379e+01
2.195111394948824000e+02 2.991999182547386837e+01 3.125793695396719940e+01
2.183648359134181476e+02 2.899942778317069525e+01 3.057990088387063921e+01
2.173792230794121281e+02 2.811802653314940770e+01 2.997133806774638387e+01
2.168538020061649547e+02 2.764144144144144022e+01 2.962850865988862381e+01
2.167117730206577164e+02 2.744110083618590323e+01 2.950030824775626215e+01
2.169022939763960665e+02 2.752499191062518236e+01 2.957254381035099300e+01
2.171451523357005442e+02 2.773099678128033574e+01 2.968760026567209920e+01
2.173570360530663095e+02 2.784959212520649174e+01 2.986168361177812969e+01
2.175512730121425875e+02 2.798925390418774128e+01 3.003134249561470881e+01
2.177745227268856638e+02 2.814130349631294692e+01 3.019932560159403323e+01
2.178495240041553700e+02 2.827818593640899891e+01 3.027938827296105018e+01
2.178320782029666702e+02 2.823775609257650743e+01 3.025361807932696578e+01
2.176309848600963903e+02 2.809509698734651550e+01 3.014075512185153016e+01
2.174317682521841277e+02 2.794449837360990330e+01 2.998429469166709183e+01
2.172814114681789590e+02 2.781722781382516629e+01 2.998779270764147853e+01
2.173187281799758068e+02 2.783678536759822109e+01 3.002951344539246392e+01
2.174901854595616442e+02 2.798553790084980974e+01 3.010613259762598304e+01
2.177753844581822023e+02 2.821053151450126961e+01 3.035033294163729067e+01
2.180382193157240351e+02 2.846383623699313503e+01 3.056749944651646089e+01
2.183229074064612689e+02 2.864491902110049537e+01 3.067038607605715228e+01
2.185290110526405556e+02 2.891063199305165199e+01 3.083922069517532805e+01
2.187120557230198017e+02 2.907346174151467011e+01 3.097636540131814087e+01
2.188415947138064439e+02 2.915043852926650558e+01 3.100931895979154973e+01
2.188885607724927240e+02 2.926677225429588347e+01 3.099123622677497991e+01
2.189200803828402968e+02 2.928410224969771392e+01 3.103878131439568122e+01
2.189368517856230483e+02 2.932499191062517951e+01 3.104725557315349249e+01
2.188417445801188705e+02 2.930812513837088673e+01 3.089234489688175955e+01
2.187044091350329609e+02 2.921989815902859533e+01 3.079749655137178621e+01
2.185928949743694432e+02 2.909911272330932164e+01 3.071126892487951210e+01
2.185392700829373780e+02 2.909033532587407933e+01 3.068070300924743421e+01
2.186063761303836941e+02 2.910968851649380795e+01 3.077547982765374002e+01
2.187480100137944987e+02 2.915521040889660753e+01 3.089705887361841974e+01
2.184857814336075137e+02 2.888939866142134605e+01 3.064458522795006701e+01
2.177235170898686931e+02 2.824347485481700915e+01 3.015566000783391942e+01
2.171809635722679275e+02 2.762656039782693895e+01 2.998539825269503822e+01
2.170971099644067408e+02 2.742134913741719160e+01 2.989687835283298512e+01
2.172638158006778042e+02 2.755333367393858879e+01 3.004331136429435034e+01
2.176421567124780836e+02 2.781539876360292141e+01 3.029957594645685504e+01
2.178983633917471252e+02 2.802546024285154758e+01 3.051842504129838574e+01
2.180052827875134085e+02 2.820334133755683936e+01 3.057225088983123129e+01
2.182414210051261136e+02 2.831469881980278913e+01 3.063332481820194531e+01
2.186167816209404009e+02 2.859321514330965996e+01 3.094760128748786698e+01
2.188251264497011164e+02 2.875125598187980103e+01 3.105660178136548666e+01
2.188646673138166534e+02 2.879031999863757818e+01 3.105770193634087661e+01
2.188104531752925084e+02 2.876354501949965226e+01 3.093956981556225472e+01
2.187392768950424795e+02 2.871911306391457686e+01 3.099430848617994272e+01
2.188232156542175346e+02 2.880421328701102013e+01 3.104457500979239981e+01
2.190493162349495151e+02 2.899072872494422626e+01 3.123615524787547315e+01
2.193402510260733322e+02 2.922573613310853347e+01 3.146504879170285562e+01
2.197785009962703668e+02 2.956225412558115906e+01 3.179489092116691396e+01
2.202236175684190869e+02 2.986431308435088994e+01 3.199602513666786052e+01
2.205365213985251671e+02 3.014405218072514714e+01 3.221021815766616925e+01
2.209214155554420245e+02 3.043338272109538778e+01 3.246699705376453693e+01
2.212468332226366385e+02 3.071398354876615855e+01 3.274419864098503297e+01
2.216123367223556215e+02 3.103615865392803030e+01 3.300406682675113501e+01
2.218944191828879866e+02 3.129004240535431336e+01 3.313259762598136859e+01
2.221927212656891300e+02 3.158115431121102290e+01 3.333886135663072992e+01
2.224520921677821548e+02 3.189560108312471343e+01 3.348714044857712224e+01
2.226320203000732363e+02 3.211828539314361564e+01 3.353723666956181404e+01
2.227907934399427745e+02 3.228807370697730050e+01 3.360709821352543258e+01
2.229219298693778910e+02 3.245578432875219477e+01 3.349421822578722185e+01
2.230309269572029507e+02 3.256051703877790970e+01 3.365931299919957809e+01
2.232261516715202845e+02 3.279061973126245277e+01 3.373388170779475104e+01
2.235399172329229032e+02 3.308072003951021145e+01 3.396539791208978443e+01
2.238915683168991393e+02 3.339081047020555815e+01 3.419562322246632391e+01
2.242685297774144715e+02 3.370095199168923017e+01 3.432588429639469041e+01
2.243233638175036901e+02 3.379639980244895270e+01 3.437177404247347567e+01
2.236324017779594442e+02 3.314651475672269498e+01 3.387360820177455167e+01
2.225391474650453745e+02 3.216882780701305933e+01 3.317775166470818959e+01
2.219977656295236557e+02 3.159346037909364924e+01 3.281476523782762200e+01
2.219158364413562765e+02 3.146436417513922379e+01 3.283120284745993445e+01
2.222523919004070194e+02 3.176054428719834988e+01 3.314253989339055551e+01
2.228177693761814737e+02 3.223114153851393837e+01 3.350602700999676387e+01
2.231997547642160100e+02 3.265433675641614997e+01 3.373718557877347735e+01
2.234611965462626983e+02 3.290177966246019281e+01 3.389693625572642333e+01
2.237789505952076752e+02 3.320506820620241939e+01 3.404019823225872443e+01
2.239224850559444064e+02 3.344890410259030489e+01 3.419016332022003013e+01
2.238333350363596139e+02 3.336483250736559114e+01 3.409287283502784760e+01
2.234640712546194550e+02 3.311066605357720505e+01 3.381461877756773760e+01
2.228521432585704929e+02 3.269798531991348511e+01 3.336209404111105670e+01
2.222417377680137633e+02 3.237099065038573542e+01 3.289956232224663069e+01
2.218687034860948017e+02 3.203090652088761914e+01 3.273337079991144094e+01
2.215206491936170607e+02 3.176901854595616470e+01 3.241928506956862321e+01
2.212939525536879160e+02 3.162119245899964071e+01 3.226715373218208782e+01
2.211984400279296210e+02 3.148127182002418323e+01 3.224010286278717530e+01
2.211827789982799572e+02 3.142498339549379338e+01 3.223001072906554754e+01
2.212901275566682102e+02 3.155917846012363981e+01 3.230204192850695932e+01
2.212416389924896407e+02 3.163602581787836954e+01 3.219607282140363225e+01
2.212104633934501692e+02 3.163995299647473658e+01 3.216093598324221858e+01
2.212555595292835449e+02 3.180291898703996978e+01 3.221023178187639502e+01
2.215364294351061858e+02 3.203555918867828467e+01 3.229440555867777363e+01
2.218610296496874810e+02 3.224939457415828059e+01 3.257682521841311996e+01
2.221993392258042661e+02 3.255385479997956111e+01 3.277947853335376749e+01
2.223881946218430130e+02 3.270088387063812263e+01 3.298227490250174299e+01
2.223419847068240358e+02 3.282374359236362693e+01 3.290279466612170012e+01
2.225192629302270007e+02 3.279362727566886093e+01 3.306433692671878077e+01
2.228775490045811409e+02 3.307798838536078279e+01 3.331079548357431008e+01
2.234247211294470219e+02 3.337615763211226039e+01 3.379461503090992380e+01
2.241273863655716241e+02 3.384614179396788103e+01 3.425460583456802510e+01
2.247474343909126446e+02 3.420592653144638007e+01 3.476158653928030162e+01
2.255101823941143380e+02 3.456332022003099524e+01 3.524847834602088170e+01
2.258162366525315576e+02 3.471481462558967479e+01 3.533878642347451660e+01
2.251414022718370518e+02 3.382828726647252182e+01 3.491187179618181347e+01
2.240039203664912577e+02 3.242699977860658578e+01 3.418172652804032907e+01
2.231125223522198837e+02 3.146928251502920659e+01 3.367526013726391909e+01
2.227443144467719094e+02 3.087699041196205485e+01 3.344964321599482560e+01
2.227975987329484440e+02 3.076036036036035881e+01 3.349691922546364964e+01
2.231071101347093872e+02 3.098660399529964593e+01 3.377446823004478915e+01
2.235549174883768444e+02 3.134634104804237253e+01 3.408634683833171408e+01
2.239674313254653555e+02 3.176403208501507081e+01 3.449531838076261181e+01
2.244346157121204328e+02 3.232982850525383611e+01 3.492571058771437009e+01
2.247653434152489069e+02 3.271818661761950864e+01 3.509427612868066859e+01
2.248535533643284055e+02 3.290027078117815051e+01 3.521487763756194767e+01
2.247969686132257152e+02 3.283807966756926788e+01 3.515789778436280955e+01
2.247120284745993501e+02 3.268253887157478488e+01 3.495816005040957464e+01
2.246299664503823408e+02 3.264648580527597233e+01 3.486984451370084770e+01
2.248781893424615532e+02 3.272320713908615630e+01 3.499989781842333514e+01
2.252699058226468480e+02 3.308480049047156513e+01 3.520199254074490369e+01
2.257779730581242745e+02 3.360633525775302388e+01 3.561420664520853308e+01
2.262901207445630973e+02 3.422204056608593703e+01 3.591688891159590469e+01
2.266685399955721323e+02 3.465475229482790809e+01 3.624797765629523383e+01
2.269771590115635433e+02 3.513983889371412772e+01 3.642134913741718805e+01
2.272436281271820064e+02 3.550925935387183330e+01 3.662581447231730891e+01
2.274834346633968494e+02 3.580140329365281815e+01 3.672689930005620340e+01
2.276084674466526963e+02 3.608972904851921726e+01 3.689848600963912872e+01
2.277550673546892881e+02 3.637718285393143702e+01 3.707020896132427623e+01
2.279060406342069882e+02 3.661851870774366091e+01 3.717208058720346031e+01
2.279671418109981573e+02 3.674462780360700975e+01 3.717066026328786421e+01
2.279826529743353944e+02 3.694386825388716034e+01 3.720411451148691384e+01
2.279848532842861744e+02 3.698843985762700015e+01 3.704674807132273884e+01
2.279907253188916627e+02 3.697420255794546762e+01 3.701296002997326440e+01
2.280214308826785157e+02 3.706211618045266221e+01 3.696547625129855419e+01
2.280601338578654236e+02 3.727504555595292857e+01 3.694985950033208866e+01
2.280516119143718470e+02 3.738405286193565757e+01 3.690690917760861112e+01
2.280720311994413976e+02 3.755230845211941926e+01 3.691345220456751974e+01
2.280123367223556272e+02 3.767318925731024137e+01 3.683693182785810194e+01
2.276709719170966935e+02 3.751385752482160996e+01 3.650353718557877158e+01
2.264087637732250187e+02 3.640879783375057599e+01 3.568214036342580897e+01
2.244671060474463218e+02 3.461322570207258309e+01 3.430654132393262756e+01
2.229209863928200548e+02 3.285627139426761545e+01 3.329803300464926252e+01
2.219943629830208351e+02 3.173948125819581279e+01 3.281673053015207842e+01
2.216372077181150928e+02 3.138103169331902720e+01 3.259651220218327694e+01
2.216966569594168845e+02 3.145643488479027283e+01 3.267139767366610670e+01
2.220837957049677414e+02 3.169684429230743206e+01 3.301747986171426419e+01
2.224328615950544190e+02 3.207360820177455452e+01 3.327143514024421478e+01
2.227268720516357519e+02 3.233830957611675672e+01 3.351234523748701122e+01
2.229233774417139387e+02 3.254287368654098600e+01 3.364525281425092373e+01
2.228441662834857482e+02 3.253275771045147025e+01 3.361448934757063256e+01
2.225748394897733249e+02 3.230593164052521615e+01 3.340628076091213927e+01
2.222425450024693987e+02 3.195655920570854391e+01 3.305335921933275500e+01
2.218824911868390188e+02 3.160758868509341113e+01 3.284615541817809969e+01
2.217545223862804278e+02 3.148705870331579249e+01 3.276404570922529302e+01
2.218291013130332487e+02 3.156624942522863009e+01 3.282145813109896437e+01
2.221323183296718184e+02 3.181598460464244837e+01 3.299641683271173065e+01
2.225501149542737380e+02 3.218534034980159930e+01 3.325185374410327199e+01
2.230346906452766689e+02 3.255588821335513217e+01 3.356923993937226669e+01
2.234574567005568895e+02 3.296342240160765868e+01 3.374298949232786526e+01
2.238771096238014877e+02 3.340053475025119667e+01 3.400394080280658926e+01
2.242684650624159133e+02 3.375979836168872339e+01 3.419964577053423938e+01
2.245744307634666939e+02 3.408329160918952994e+01 3.443908445307311439e+01
2.248089783545360092e+02 3.432230112910642106e+01 3.478836151841822755e+01
2.250428072685161567e+02 3.460238423678877240e+01 3.487349580204022459e+01
2.252740067099235262e+02 3.484855668522965289e+01 3.504959893731160037e+01
2.253993460379093676e+02 3.494861629114937074e+01 3.513770329876189891e+01
2.255806263730649448e+02 3.519378054803385680e+01 3.530391525741242020e+01
2.257427885352271062e+02 3.546447998092610732e+01 3.528450075784669338e+01
2.258672865682317479e+02 3.565470801614468854e+01 3.545832524395851237e+01
2.260275447470154404e+02 3.583147192561181527e+01 3.563722815443042435e+01
2.262459680852875579e+02 3.595689640491152517e+01 3.574267954154532845e+01
2.263531804015736100e+02 3.612105791992370740e+01 3.580250004257565877e+01
2.259015310206236506e+02 3.574352424257906335e+01 3.538290842827704807e+01
2.243043716684548485e+02 3.428591086360462725e+01 3.426026669391508506e+01
2.227885113847306684e+02 3.271976361995265847e+01 3.309964406750795973e+01
2.217114869122430605e+02 3.156239036768337414e+01 3.252743745635995509e+01
2.213775541136599827e+02 3.110704882576338193e+01 3.231288679984331935e+01
2.216679269061121715e+02 3.117639264973858459e+01 3.253676663430916705e+01
2.223183909807728469e+02 3.166969464738840756e+01 3.301849486537577150e+01
2.230675760826989631e+02 3.221594713806434385e+01 3.352476029905141530e+01
2.235817435583031170e+02 3.275913418144042311e+01 3.389688175888554156e+01
2.240399734327900774e+02 3.315499923363817203e+01 3.427812122141044426e+01
2.243919991825473801e+02 3.358682198266319574e+01 3.440472078884177165e+01
2.243678911425603246e+02 3.363740186311074609e+01 3.420973790425586003e+01
2.240099797339873078e+02 3.331669817265280642e+01 3.399197874623205706e+01
2.235697542533081332e+02 3.294120131473628987e+01 3.367972547216403711e+01
2.233023927519201663e+02 3.272190602701000017e+01 3.351886442207803185e+01
2.233639162792281923e+02 3.269939542567141899e+01 3.357861680205725463e+01
2.236831689912975492e+02 3.281144433658611348e+01 3.377455678741122824e+01
2.241548834278513027e+02 3.313609223590319885e+01 3.411985217731909614e+01
2.244878420954035221e+02 3.353256697150837340e+01 3.443343721793627310e+01
2.248732335359934496e+02 3.397022088250821525e+01 3.466957543554897114e+01
2.251243617909024408e+02 3.438332056063624975e+01 3.494923959876700792e+01
2.253639026550179665e+02 3.457777210102351972e+01 3.519151892913707513e+01
2.255341746283145028e+02 3.479161429860862853e+01 3.524014032936528196e+01
2.256152931759737044e+02 3.499233978780292631e+01 3.527538616120846626e+01
2.257887157478839981e+02 3.517053083329075491e+01 3.540718677089187594e+01
2.259282412847630326e+02 3.545821965632929818e+01 3.541955074166794049e+01
2.262350278444796459e+02 3.573696077930482318e+01 3.563472811185476274e+01
2.263845399274510726e+02 3.596859960149185298e+01 3.577199884194212842e+01
2.266097481224135208e+02 3.617959774519320604e+01 3.591191948091758945e+01
2.268131030841805966e+02 3.649696009809431274e+01 3.599984332158245337e+01
2.270808596876649688e+02 3.686956181133874821e+01 3.615132410293090715e+01
2.273687017830685022e+02 3.723424445239189851e+01 3.642561010916398345e+01
2.276465232718540790e+02 3.760796675692706259e+01 3.652141896149457523e+01
2.275640184608048457e+02 3.755474037364396622e+01 3.649363579080025488e+01
2.263671554352083604e+02 3.641264667313816972e+01 3.561504112808460576e+01
2.247850440232292897e+02 3.488034537372911359e+01 3.446496704644152942e+01
2.237454384441151944e+02 3.357694102420000348e+01 3.384859755786031599e+01
2.233778810947052875e+02 3.310195677719307383e+01 3.359709123111769458e+01
2.235172499531667825e+02 3.308899334116725299e+01 3.368564178545275212e+01
2.240439585142798649e+02 3.351553670873141755e+01 3.417157308537270666e+01
2.246793882729610630e+02 3.408507297467600239e+01 3.459423355302372016e+01
2.251745329450433530e+02 3.448005245320935330e+01 3.488053270661966110e+01
2.255844104974539732e+02 3.489185101926122456e+01 3.517841243890393343e+01
2.260279160067439932e+02 3.526049830548885211e+01 3.545018477835112947e+01
2.261158091929358420e+02 3.539661438375993896e+01 3.551693319027912565e+01
2.258408998790851285e+02 3.525305608065532681e+01 3.518592619084112272e+01
2.253601321548391354e+02 3.472717859636573934e+01 3.477513241029308944e+01
2.249463921388307028e+02 3.432959689368006906e+01 3.445928915683168725e+01
2.248837616444421599e+02 3.416601100154975512e+01 3.444540608661591818e+01
2.252250719528602190e+02 3.439728537611335213e+01 3.470510737580681138e+01
2.256670583627105486e+02 3.482329739947887504e+01 3.526862174083345991e+01
2.261510039339906939e+02 3.531781535789097148e+01 3.572751920162128414e+01
2.265583507893526871e+02 3.570703520155316113e+01 3.604889047838008054e+01
2.268568095505713700e+02 3.608289991314565981e+01 3.619199918254738435e+01
2.270866363527989336e+02 3.647583576014577744e+01 3.636414789080195220e+01
2.272971031523016450e+02 3.679013947785214356e+01 3.647909535244129131e+01
2.274715884126092078e+02 3.702404673104106081e+01 3.653795194059844675e+01
2.276320271121783492e+02 3.725289259013266729e+01 3.658371566273267916e+01
2.277439193446754757e+02 3.745598528585296094e+01 3.667812803351555573e+01
2.278647729014458605e+02 3.761127403395834534e+01 3.677032987618999016e+01
2.279402646502835523e+02 3.767258979206049219e+01 3.682228580186992417e+01
2.279625674824162616e+02 3.765991246444932727e+01 3.685644169689538074e+01
2.279880754100035745e+02 3.766241591307753822e+01 3.685770534239343021e+01
2.280164818883155249e+02 3.776463836236992933e+01 3.689894582673410639e+01
2.281521619918595434e+02 3.792158585806978977e+01 3.695130026056302341e+01
2.283017524140397541e+02 3.820794972666428180e+01 3.695919208433386416e+01
2.284584682981658545e+02 3.843838621229925678e+01 3.713287011018579875e+01
2.285034554403174525e+02 3.850784924811389942e+01 3.702620616836117762e+01
2.275248318261550651e+02 3.771638140976515530e+01 3.636851445017796891e+01
2.255159999318789517e+02 3.575836781961545796e+01 3.510502222449292731e+01
2.237802857678094028e+02 3.369343142764692800e+01 3.397613719579693026e+01
2.227198692075818656e+02 3.237790153102062618e+01 3.329254585398252431e+01
2.222845825031080267e+02 3.184209540353207757e+01 3.303715322127420251e+01
2.223562560670311257e+02 3.179884194213116544e+01 3.313636131405507257e+01
2.226743336909688651e+02 3.201435651152097250e+01 3.339957424343057824e+01
2.230103033089800704e+02 3.233865699347740730e+01 3.357932866704133090e+01
2.232410565575026737e+02 3.257381086190159891e+01 3.373551661302133908e+01
2.235148963708510053e+02 3.279603876087808345e+01 3.386158143020146838e+01
2.236528891840801236e+02 3.292775421924760337e+01 3.393854459374308163e+01
2.234931180708118461e+02 3.283339293925305213e+01 3.381186668710298449e+01
2.231559903949317913e+02 3.262505492259745665e+01 3.365791651765186998e+01
2.228120131473628760e+02 3.232946746368296687e+01 3.343631873839813551e+01
2.225577376998926979e+02 3.206504538565030060e+01 3.329488240603552640e+01
2.224929443621315102e+02 3.199566750114954417e+01 3.330665712971951109e+01
2.226371702515369861e+02 3.200358997939338224e+01 3.336757437967267492e+01
2.229252303343040467e+02 3.212444353616375992e+01 3.354240365128833901e+01
2.233111429009349536e+02 3.243935012517243166e+01 3.372606481718013072e+01
2.236806382942488938e+02 3.272650760401233327e+01 3.407250804679916456e+01
2.240002077692058720e+02 3.308432023706125591e+01 3.425659837531293306e+01
2.242441458471704152e+02 3.334618436962482235e+01 3.434616733936204724e+01
2.243640048365946313e+02 3.360393739675403424e+01 3.437857933547914513e+01
2.244883632214445015e+02 3.382363119262929985e+01 3.440927127505577232e+01
2.246401709838382885e+02 3.397733953234898507e+01 3.449141845058669276e+01
2.247965428566562878e+02 3.414573477068751117e+01 3.455736644016417358e+01
2.248546364890410132e+02 3.424669698053440925e+01 3.473219911783238700e+01
2.248991161293618859e+02 3.430378582741531801e+01 3.479235341201314924e+01
2.249416304773582738e+02 3.442977571143922688e+01 3.490662647524651163e+01
2.251197193412694446e+02 3.458216250276741732e+01 3.511354416798651101e+01
2.252698751681738543e+02 3.478081370595548094e+01 3.524681959842640566e+01
2.254001771147328839e+02 3.506867283162178950e+01 3.511698768712000884e+01
2.256126262368228481e+02 3.540444149253222861e+01 3.515813280198913304e+01
2.258139443791617680e+02 3.571968528074388161e+01 3.524408794427697700e+01
2.260283213269980820e+02 3.589327815528193355e+01 3.539482620616836073e+01
2.258150377220320593e+02 3.584482024557638624e+01 3.516593606839353470e+01
2.244285665627820663e+02 3.456432500553483322e+01 3.418993170864626308e+01
2.226628314514892963e+02 3.283403327713346442e+01 3.286480696197142493e+01
2.212780769427272389e+02 3.140296326572319074e+01 3.205819240790885516e+01
2.206279160067439875e+02 3.057683203051822929e+01 3.173233195388204919e+01
2.205362114477426303e+02 3.044986801546347976e+01 3.167316541494235338e+01
2.208273676322825736e+02 3.061119910080212492e+01 3.205426863536504101e+01
2.213078730904817917e+02 3.104327730376879657e+01 3.252234540778964345e+01
2.217602649908887997e+02 3.141003763688073747e+01 3.293581975169876586e+01
2.221499105911204310e+02 3.179096033651799402e+01 3.326722866533830825e+01
2.225250872800967272e+02 3.214245814812922220e+01 3.352805735792503583e+01
2.226372519967983123e+02 3.225688448372758188e+01 3.353946422793303839e+01
2.224644425143480078e+02 3.208895246853658989e+01 3.335148418740101306e+01
2.221097362012295946e+02 3.179557894378310223e+01 3.305551865665287181e+01
2.217969141163848121e+02 3.149031829561130280e+01 3.277679796999267836e+01
2.217319913486265079e+02 3.136456002316115743e+01 3.272757710451472235e+01
2.218984587612186772e+02 3.142224492923925894e+01 3.288116963844752405e+01
2.222783153664061047e+02 3.178265978644050449e+01 3.311286295747543562e+01
2.226931555373899414e+02 3.213979120897835173e+01 3.346931657555476392e+01
2.230190262095744060e+02 3.246803589979393223e+01 3.370370748820653972e+01
2.233491510414005745e+02 3.281901258536419164e+01 3.393436196120506310e+01
2.236901037143003066e+02 3.320200275890257302e+01 3.400790544798105941e+01
2.240168361177813097e+02 3.355977792537338900e+01 3.412517924351572418e+01
2.242792520308588280e+02 3.392659616137876810e+01 3.426125104310359859e+01
2.244626577428089718e+02 3.414136480525894513e+01 3.436693063573970619e+01
2.246293499548698094e+02 3.436420919974795396e+01 3.453615695090175564e+01
2.248745993630681710e+02 3.456262538530969408e+01 3.467380234677020923e+01
2.250175275464500544e+02 3.478971031523016677e+01 3.487801222772867504e+01
2.252438563327032170e+02 3.496999608303956109e+01 3.507698359985694481e+01
2.254896132427323323e+02 3.525608746742962296e+01 3.524928558047650995e+01
2.257986546092406286e+02 3.553349341780343451e+01 3.549485856366763414e+01
2.260711694681448876e+02 3.585190142883904940e+01 3.563358367819615324e+01
2.262677702276946263e+02 3.612632367717434079e+01 3.572902467685076289e+01
2.265212316286040277e+02 3.639167901360718105e+01 3.585084895859942833e+01
2.267557008804645875e+02 3.660251026073332525e+01 3.606660535772066822e+01
2.268481649891857899e+02 3.682004461928847405e+01 3.616806144518810129e+01
2.264950629268209639e+02 3.664956147073349513e+01 3.577912770994056757e+01
2.247827960285427196e+02 3.533758068086990534e+01 3.464250072378617062e+01
2.230072480798378649e+02 3.358874980840954549e+01 3.339442088591427193e+01
2.217184148231407335e+02 3.214181440419625346e+01 3.256930806042337423e+01
2.211264258587509914e+02 3.145295730513121768e+01 3.217668216420579341e+01
2.211135305437762781e+02 3.117409697031625271e+01 3.220485362489143455e+01
2.215264224526984549e+02 3.129070317955006075e+01 3.252327526013726100e+01
2.220849231083635686e+02 3.176758800388289927e+01 3.295558848073025615e+01
2.226241659428804951e+02 3.217910386757267815e+01 3.339793593215143375e+01
2.230393433130673202e+02 3.263841686677225340e+01 3.358497590217817219e+01
2.233656533660314381e+02 3.299442088591426625e+01 3.375947138064340436e+01
2.233353939951293512e+02 3.302906725250770847e+01 3.376312266898278125e+01
2.229757591239632859e+02 3.277436604846813140e+01 3.355564978967625223e+01
2.224079395085066153e+02 3.229352339106592495e+01 3.313590490301265135e+01
2.220253853096953378e+02 3.192424598511555089e+01 3.288691224305591021e+01
2.217273284626781731e+02 3.163914576201910833e+01 3.261781706091724686e+01
2.216654915785350681e+02 3.155449854391253339e+01 3.258096016621536251e+01
2.218253240007493332e+02 3.172499531667773809e+01 3.267830514824844101e+01
2.221650777431495669e+02 3.203428873107512231e+01 3.288529777414465372e+01
2.225398422997666898e+02 3.238264956828283658e+01 3.309386740237401625e+01
2.228450348268873711e+02 3.269772305386672429e+01 3.340692109879255156e+01
2.231447708578143363e+02 3.305866584921405149e+01 3.360792247824383594e+01
2.234826001805207909e+02 3.337644714657947276e+01 3.385141776937618374e+01
2.237375329961341208e+02 3.358026873754661779e+01 3.408968136378344127e+01
2.238736626986154477e+02 3.377895400126023873e+01 3.417754730155485987e+01
2.239765288918408146e+02 3.391665048791703185e+01 3.421733340145438262e+01
2.240832234881384295e+02 3.408032153136122844e+01 3.425037551729423058e+01
2.241284763023893447e+02 3.424300822561691859e+01 3.428550554335053135e+01
2.242243089970878316e+02 3.437750642892419961e+01 3.432804713976736366e+01
2.242908121732318421e+02 3.448197346685059017e+01 3.433084691496789986e+01
2.244179430848618040e+02 3.463143445903370576e+01 3.450146630562509387e+01
2.246180793269640219e+02 3.484914593232173274e+01 3.454389209625504265e+01
2.248569968834619033e+02 3.511408573034282199e+01 3.467694953933138891e+01
2.251392564587271465e+02 3.533430065225906702e+01 3.488469830889490453e+01
2.253914201536129838e+02 3.560339924045027971e+01 3.504371327849588624e+01
2.253778368160220680e+02 3.567784873720601269e+01 3.493057783681602046e+01
2.242676884824332717e+02 3.484514382056914883e+01 3.424863843049098477e+01
2.224387131933445687e+02 3.321942812377594834e+01 3.310953524412881421e+01
2.208794734242749485e+02 3.172491016536385189e+01 3.201176109947376602e+01
2.200061343006522634e+02 3.066920417582043257e+01 3.154953251928677105e+01
2.197601083124712602e+02 3.031061496278887546e+01 3.143586573340826718e+01
2.200948142849844089e+02 3.030088387063812405e+01 3.170369727004887750e+01
2.206973688244009679e+02 3.063931265859432074e+01 3.214795551695362974e+01
2.212687034860947790e+02 3.107230368364583839e+01 3.263105298114749786e+01
2.218793201519099512e+02 3.155213133738653752e+01 3.301303496312947772e+01
2.225094534988674866e+02 3.209148657163780172e+01 3.321029309082238967e+01
2.227754117066026254e+02 3.239115788756620162e+01 3.332462065089664094e+01
2.225886714692007615e+02 3.235622881861067413e+01 3.306791328190193724e+01
2.220615746180963583e+02 3.198717280607639779e+01 3.272517924351572560e+01
2.215392734889899486e+02 3.146660876377322325e+01 3.244602939423355537e+01
2.212385769512423508e+02 3.121353565285512488e+01 3.220916228137399884e+01
2.212233825507927634e+02 3.113027469813859227e+01 3.227464364175138911e+01
2.214882303853948429e+02 3.133539399512934409e+01 3.243391747134658232e+01
2.220095028866295479e+02 3.178665168003542263e+01 3.287038607605715157e+01
2.228622626407125438e+02 3.236821471755309432e+01 3.340506139409730935e+01
2.236888230385394820e+02 3.296343602581787735e+01 3.402101875031931399e+01
2.243983174100376345e+02 3.356046935404213372e+01 3.455307140789182085e+01
2.250219281663516142e+02 3.409796828965070858e+01 3.492045164256884249e+01
2.253983787189836221e+02 3.462606992625896396e+01 3.523617909024336114e+01
2.256733050630971320e+02 3.515285342052828099e+01 3.535736984621672718e+01
2.256388255930789057e+02 3.574748548170098417e+01 3.518024489517873121e+01
2.256461315758102160e+02 3.624420715611641697e+01 3.500853897375636592e+01
2.264118939355234374e+02 3.682897188303615366e+01 3.567002844053883592e+01
2.274512304364856448e+02 3.747001822238117086e+01 3.632578552087058910e+01
2.279370289003559265e+02 3.798312641564059078e+01 3.658553790084980761e+01
2.284095233229448638e+02 3.838117134147380227e+01 3.695969277405950493e+01
2.288582537168548470e+02 3.883852586045402688e+01 3.738259166538939837e+01
2.294224152318670349e+02 3.928216761184624772e+01 3.780508864251775236e+01
2.298727839370561412e+02 3.983539229210306587e+01 3.812039373967540001e+01
2.302487814846982985e+02 4.029153425637357344e+01 3.834648410224969695e+01
2.296839898499633819e+02 3.984182632538020385e+01 3.798248607776017849e+01
2.276780905669374420e+02 3.846689146613532273e+01 3.639423695907628087e+01
2.262100478550383968e+02 3.687871046850252554e+01 3.545095795228120039e+01
2.254945894855157746e+02 3.601387625811066329e+01 3.485117593964474736e+01
2.256152114307123782e+02 3.603348830872460695e+01 3.494171562867214931e+01
2.263820466969805238e+02 3.644140738091589071e+01 3.572994771709327466e+01
2.275305097157649072e+02 3.710689214734583175e+01 3.653475365724893464e+01
2.284626441185987460e+02 3.791234183143446046e+01 3.729837701595735666e+01
2.292564995997888389e+02 3.865152335700539510e+01 3.787808034877978258e+01
2.297840222074626695e+02 3.924284814114681552e+01 3.826020538496909040e+01
2.300798549021611450e+02 3.978466595139563111e+01 3.827422129123452521e+01
2.298625146886016353e+02 3.977382789216437686e+01 3.802559989100631554e+01
2.290839626015429360e+02 3.932406887038266774e+01 3.752083993256015759e+01
2.283216267307004443e+02 3.866007936102454323e+01 3.691133363987806604e+01
2.278897188303615451e+02 3.821101858001669171e+01 3.655139563003456971e+01
2.277231832967182754e+02 3.800831758034026819e+01 3.657448185425501208e+01
2.278423542635262891e+02 3.801632861595054180e+01 3.666521909433062376e+01
2.280815988010695037e+02 3.831020623648223022e+01 3.681112416764590733e+01
2.284276128680665465e+02 3.867127505577411029e+01 3.710273676322825764e+01
2.287500536453277391e+02 3.908720516357567476e+01 3.742690781518759024e+01
2.291109589740969739e+02 3.942345748394897953e+01 3.755403532076500284e+01
2.293691650062160363e+02 3.969199066741600035e+01 3.784784141419302017e+01
2.296769972240671791e+02 3.996301026924845701e+01 3.805169365963316608e+01
2.297663924794359502e+02 4.012471602036819718e+01 3.817047293039731670e+01
2.297298693778845120e+02 4.005947308366967974e+01 3.816238355557825912e+01
2.295748258655630991e+02 4.018055825201383158e+01 3.798733970265161020e+01
2.295122737103833401e+02 4.029454180077998871e+01 3.792922563395153190e+01
2.294521739130434810e+02 4.026342069858137762e+01 3.788164989185783327e+01
2.293202166249425318e+02 4.030637102130486227e+01 3.780770449088029750e+01
2.293252712069347297e+02 4.037889950441935127e+01 3.781770466118292262e+01
2.293952758051056833e+02 4.044045709225293450e+01 3.784134607196988753e+01
2.296260733323115062e+02 4.055510822731994836e+01 3.807176212128953097e+01
2.299100904306953339e+02 4.082413869446005350e+01 3.826667688482433505e+01
2.301306255215517922e+02 4.106731041059963871e+01 3.836360292239309189e+01
2.298540131814233973e+02 4.096172959348762532e+01 3.820643062722457728e+01
2.282838876683867113e+02 3.959380779645429982e+01 3.698949913997172700e+01
2.262795960421669292e+02 3.769297161055195033e+01 3.554165431972615607e+01
2.247974352424257916e+02 3.601964270508693744e+01 3.463190790033890210e+01
2.241582315775132486e+02 3.501246955840528585e+01 3.409991314565984055e+01
2.241505407108431598e+02 3.494483216676033521e+01 3.412094211413682388e+01
2.246114204942182369e+02 3.525200361041570574e+01 3.449973943697951029e+01
2.253573460038488463e+02 3.579889984502460720e+01 3.499289497436945595e+01
2.258652565609087333e+02 3.629893560857644275e+01 3.532948789999829842e+01
2.263116844632912716e+02 3.671253597643011801e+01 3.562148537951940597e+01
2.266543776290468202e+02 3.700806212639861315e+01 3.587210613259762937e+01
2.266393092525417785e+02 3.703984740884551741e+01 3.590441594713806239e+01
2.262234813263168576e+02 3.679263952042779806e+01 3.567326078441390536e+01
2.257678025851938912e+02 3.639767026005210937e+01 3.525889746078782139e+01
2.252892079224782549e+02 3.591265178221699728e+01 3.493805752822765953e+01
2.249088744699330675e+02 3.568273642262300172e+01 3.476007765799826643e+01
2.248978763262317102e+02 3.557617806842759478e+01 3.482944873039390643e+01
2.250834959723428597e+02 3.567901020112740440e+01 3.503279347400330579e+01
2.253755172942318552e+02 3.590248812139171264e+01 3.529255266608763719e+01
2.256579097055467571e+02 3.623477239053798371e+01 3.548480730257667659e+01
2.259692569696350404e+02 3.655457347706875026e+01 3.571968528074388161e+01
2.262659309593147157e+02 3.686382942488802428e+01 3.583856332703213354e+01
2.264994499225122979e+02 3.721055195081660116e+01 3.584996679098758676e+01
2.266621366167680094e+02 3.747027027027026946e+01 3.590514484238492088e+01
2.268062262640712561e+02 3.772901445869310066e+01 3.600777261193140077e+01
2.269614809516510832e+02 3.784779032340468774e+01 3.608658526201059402e+01
2.269876019686983852e+02 3.796584069892198698e+01 3.610610194315298571e+01
2.270179737393347921e+02 3.810346225242255258e+01 3.607073689947036144e+01
2.271179005092048442e+02 3.826770891874861746e+01 3.615515931810827510e+01
2.271956777193072128e+02 3.845097838859653905e+01 3.617958412098298737e+01
2.273667501149542716e+02 3.862967352986256486e+01 3.637178766668369434e+01
2.274595922955091112e+02 3.892713091162996619e+01 3.658346020879102412e+01
2.275826631924930723e+02 3.923708510022309781e+01 3.668888775353804022e+01
2.277558541528295848e+02 3.945824009264462973e+01 3.686845484425824537e+01
2.277645566171086102e+02 3.958221018750319331e+01 3.687444609070318080e+01
2.271734464142781746e+02 3.912394284643811915e+01 3.648543061019431377e+01
2.254864694562237162e+02 3.764454435531940391e+01 3.521364464653689907e+01
2.237332686183347903e+02 3.588231066605357711e+01 3.409691241335853817e+01
2.227087961307242949e+02 3.471452511112246242e+01 3.324625078764965025e+01
2.223441271138813704e+02 3.418768712001226362e+01 3.302673410650726282e+01
2.224713738312982230e+02 3.421169638447521066e+01 3.312463427510686387e+01
2.230712478073536715e+02 3.441627752516221506e+01 3.361967335955993974e+01
2.236239752039373911e+02 3.491736916500621390e+01 3.407765459221035798e+01
2.242122106984110701e+02 3.536680801784771688e+01 3.451189563854970288e+01
2.247696861322570214e+02 3.578611352373167165e+01 3.488412268601304334e+01
2.249899930175922691e+02 3.605766787581532640e+01 3.502167611846250850e+01
2.248610058073196001e+02 3.614482194860266873e+01 3.477990769597575138e+01
2.244818508489586009e+02 3.601714947461639582e+01 3.456864388017507395e+01
2.241002060661795952e+02 3.582809652752941787e+01 3.422055552717178273e+01
2.238285869990973822e+02 3.587062449973603151e+01 3.405877484289582924e+01
2.239244810027418850e+02 3.601954392956283613e+01 3.407959263611437706e+01
2.243057783681602189e+02 3.641193821420664278e+01 3.440850491323081428e+01
2.248198845348183852e+02 3.702053509085645544e+01 3.482082460532365786e+01
2.255145659837531298e+02 3.762305556974744292e+01 3.528769563514364904e+01
2.261714130009026178e+02 3.819714572795858487e+01 3.570113932457977768e+01
2.266557400500689710e+02 3.869234149082920027e+01 3.608896609274680856e+01
2.268684548442582525e+02 3.906345816515948854e+01 3.624210221563718903e+01
2.270149661949283768e+02 3.930050239275192325e+01 3.628152727396583543e+01
2.271042728929307373e+02 3.951948432364311259e+01 3.631916415470290360e+01
2.269870808426574058e+02 3.958027895570428711e+01 3.617323183296718270e+01
2.268212571739981911e+02 3.960428140806212838e+01 3.605879187315860435e+01
2.267136497556157337e+02 3.960841294981181449e+01 3.591852722287504918e+01
2.267088676578279660e+02 3.958742144791293782e+01 3.578394727430644195e+01
2.267815119467293243e+02 3.971227371038335008e+01 3.581445869309763452e+01
2.269359696180111996e+02 3.991141538513939224e+01 3.595447470154464753e+01
2.270495205981028164e+02 4.007903063744273453e+01 3.602022514007391152e+01
2.271438886902024876e+02 4.019410412302661939e+01 3.612253614673274171e+01
2.271504010626883883e+02 4.030081915563957295e+01 3.606964015054752082e+01
2.270599976157632227e+02 4.031552649057375248e+01 3.591160612408249619e+01
2.268017575231185958e+02 4.021846421090277346e+01 3.571765186736831055e+01
2.256873345935727855e+02 3.953925305267460288e+01 3.500104225208195174e+01
2.234230385394846508e+02 3.767373422571910169e+01 3.342253444370646775e+01
2.211317495188950772e+02 3.570459987397605772e+01 3.190520274527835909e+01
2.196667484119279834e+02 3.429322365844105036e+01 3.104796403208501587e+01
2.190681517055808172e+02 3.370364617926054507e+01 3.068172823106660374e+01
2.191202609036257343e+02 3.372244418331374760e+01 3.069451795841209929e+01
2.195493860590268866e+02 3.387709599959127615e+01 3.103715662732675895e+01
2.200476370510396862e+02 3.407685416985984261e+01 3.133278155281935895e+01
2.203055705989543469e+02 3.416906282463938282e+01 3.151208297144025039e+01
2.204044891772680046e+02 3.429534562918306051e+01 3.154550997121885558e+01
2.203193003968051187e+02 3.428041690083278326e+01 3.147092082630835108e+01
2.197334797935932045e+02 3.389826461622303100e+01 3.112820381818491455e+01
2.189470767553943347e+02 3.341469371072395944e+01 3.057563310001873447e+01
2.181912668812479694e+02 3.287730717484970455e+01 3.023101551456938907e+01
2.177474514211754411e+02 3.246835606873413838e+01 2.989699075256731220e+01
2.176478822868236875e+02 3.233745806297790892e+01 2.991159931197738331e+01
2.178691667092423359e+02 3.241830412643267323e+01 3.008967455167833194e+01
2.182579778265978518e+02 3.257759498629064154e+01 3.036474394999914850e+01
2.186646775319743199e+02 3.283438069449411500e+01 3.053881026584240033e+01
2.189686609104378476e+02 3.304821267392156159e+01 3.070076125274612977e+01
2.191872954239683793e+02 3.321339259864780047e+01 3.085432653825848703e+01
2.193332549941245588e+02 3.341210511078185874e+01 3.090315911374512581e+01
2.194438767690185443e+02 3.349726323677174378e+01 3.095416815681466005e+01
2.195375636506071260e+02 3.363159794955635817e+01 3.094337778231918179e+01
2.195299579352509340e+02 3.362998688669766523e+01 3.097650164342035950e+01
2.195428941228563247e+02 3.368956555799655916e+01 3.098042541596417010e+01
2.195704593061871037e+02 3.376267647609802935e+01 3.103095420562339157e+01
2.196586283826359534e+02 3.386678587850610711e+01 3.097605545053560050e+01
2.197143003116538011e+02 3.390710332260426441e+01 3.108285222840988382e+01
2.197865290621434156e+02 3.391002571569678992e+01 3.116642313390895680e+01
2.198729542396839065e+02 3.401830412643266754e+01 3.124194894327219529e+01
2.200296020027589066e+02 3.408623784464994344e+01 3.136018324562747850e+01
2.202140499667909808e+02 3.427608099592976743e+01 3.142657742808971477e+01
2.203731739300737331e+02 3.441807932696401195e+01 3.156920247279415648e+01
2.204118462507876473e+02 3.446914286687443507e+01 3.159433914065294147e+01
2.196046390435804483e+02 3.375550673546892710e+01 3.097789131286295827e+01
2.177368551916756019e+02 3.247673836407295767e+01 2.986821301452681254e+01
2.161659633168139862e+02 3.120530662988129933e+01 2.897847034179737236e+01
2.153206525996696143e+02 3.042163865188439686e+01 2.847983446584580847e+01
2.151649891857831278e+02 3.016681823600537982e+01 2.831942301469711509e+01
2.155499753061189665e+02 3.032954580289174018e+01 2.854079599448219540e+01
2.162424700693131570e+02 3.070401062688397431e+01 2.903080774536351072e+01
2.168803215313612327e+02 3.110764147890801823e+01 2.940887276690679286e+01
2.173873805752822648e+02 3.135704627122396460e+01 2.978863400262266126e+01
2.177410548544764026e+02 3.152737274136140044e+01 2.997806161549072712e+01
2.176390606107052292e+02 3.154936562271155864e+01 2.988486861152267693e+01
2.172744018120199598e+02 3.120153272364992603e+01 2.964217374274085159e+01
2.167529351657896086e+02 3.084224867589706776e+01 2.931009724280045603e+01
2.163544236107563279e+02 3.054228784550145548e+01 2.910416389924896663e+01
2.161580204022548060e+02 3.026099218310938710e+01 2.898529607111837691e+01
2.161585074677702210e+02 3.027429281833818564e+01 2.902091997479521268e+01
2.164158074899095823e+02 3.042847119331051431e+01 2.912523374035661305e+01
2.168631243720090538e+02 3.064572966160868006e+01 2.941098111343858079e+01
2.172494490709991624e+02 3.084506888741293196e+01 2.975624244282089137e+01
2.175657555476080915e+02 3.111115652514518359e+01 2.993986954818712931e+01
2.178194758085117257e+02 3.133930414346293247e+01 3.009652412336722449e+01
2.178877399138268629e+02 3.146287573017251660e+01 3.015198147107409810e+01
2.179720397145727873e+02 3.155926701749007890e+01 3.020596059197193384e+01
2.179082136957373166e+02 3.158844666973211446e+01 3.004767111156525061e+01
2.177712937890631792e+02 3.147746044721469971e+01 3.002390027078117640e+01
2.176175956675011491e+02 3.139941075290791872e+01 2.989114256032970474e+01
2.175350704201365772e+02 3.133518281987091214e+01 2.989886408147277663e+01
2.175071169468144774e+02 3.123684667654421787e+01 3.002137638583763390e+01
2.175215892641223547e+02 3.126627837667535204e+01 3.000382499701970573e+01
2.175208808051908136e+02 3.136219962874027090e+01 3.010486895212793002e+01
2.175472811185476587e+02 3.137573187554284004e+01 3.009578500996270378e+01
2.176317580340264612e+02 3.146279739096374328e+01 3.018191726698342947e+01
2.176530628927604312e+02 3.153438239752039252e+01 3.023690117338510674e+01
2.173793865699347805e+02 3.140441424411178772e+01 2.997644033447436129e+01
2.160906384645515175e+02 3.051191948091759087e+01 2.914406239888281647e+01
2.143686677225429662e+02 2.923574992762138436e+01 2.810921507518861162e+01
2.131289224952741108e+02 2.819466952775081481e+01 2.732664725216710266e+01
2.125754832337063078e+02 2.766754202217340364e+01 2.701766719460481170e+01
2.126643607690866702e+02 2.756296939661778822e+01 2.703192493060167934e+01
2.131388068597898382e+02 2.777268005245321092e+01 2.728502869599277858e+01
2.138443502103237392e+02 2.814475042149900474e+01 2.770285597506769548e+01
2.145068512747151601e+02 2.845642807268515995e+01 2.814345952758051084e+01
2.151209353020317110e+02 2.885255879698223680e+01 2.845007237861680238e+01
2.154700011921183886e+02 2.909102334849026761e+01 2.867652037670941212e+01
2.153554215841550388e+02 2.900185289259013288e+01 2.848945997036734212e+01
2.151279347400330266e+02 2.881114460396123889e+01 2.839853539740118293e+01
2.146587850610534929e+02 2.849796488359815427e+01 2.811792435157274639e+01
2.142349188507978681e+02 2.824541630477358112e+01 2.785195933173248761e+01
2.141133091503601804e+02 2.821940428140806389e+01 2.782149219162451814e+01
2.142886391117014853e+02 2.832756688635705800e+01 2.796637204312062508e+01
2.147316643675812031e+02 2.853732863298080602e+01 2.823180571876224221e+01
2.152461213576525552e+02 2.895568044414925168e+01 2.854779202643096880e+01
2.158014952570718208e+02 2.936702600521126172e+01 2.891946388732778317e+01
2.163671384049455924e+02 2.982518094654200524e+01 2.917480883530032898e+01
2.168362131507689128e+02 3.019472402459170013e+01 2.943274238321497194e+01
2.171989475297603747e+02 3.050164682641053204e+01 2.971773020657708742e+01
2.174855089494030835e+02 3.078808562816124095e+01 2.992587748428958250e+01
2.176798446840034842e+02 3.102595071441952257e+01 3.009781501728571840e+01
2.178824264718404606e+02 3.122954750591801698e+01 3.030910948755939316e+01
2.181218174696435597e+02 3.144588634002622740e+01 3.035603126756245729e+01
2.184317171613957953e+02 3.164075001277269550e+01 3.059238747253870017e+01
2.187426012023365445e+02 3.190545479316745769e+01 3.078660740135220308e+01
2.189824758596025163e+02 3.212384407091401073e+01 3.085905413920536944e+01
2.192020879102164486e+02 3.235009792401096718e+01 3.098168906146221957e+01
2.194544082835198253e+02 3.259395766276673356e+01 3.113673938588872403e+01
2.196232905873737593e+02 3.282072923585210589e+01 3.120999335819751863e+01
2.191132989322025253e+02 3.234843577036393469e+01 3.085581498322519067e+01
2.175528636386859489e+02 3.117094296564996014e+01 2.988944294010456559e+01
2.161387285205810826e+02 2.997795262180895293e+01 2.900665202064067927e+01
2.153798838536078506e+02 2.922163524583184468e+01 2.855254006369318276e+01
2.153221546688465367e+02 2.911266881247977523e+01 2.851466135322468176e+01
2.157173385105332102e+02 2.924618266659854626e+01 2.881427136020708701e+01
2.163646587986852694e+02 2.962101193821420608e+01 2.931438886902024876e+01
2.168384032425620376e+02 2.995293857184216435e+01 2.965408470852705136e+01
2.171577138575248114e+02 3.023710894259098581e+01 2.989306698002350160e+01
2.175285035508098019e+02 3.050564212605800662e+01 3.010595207684054486e+01
2.176519593317324848e+02 3.061954392956283399e+01 3.016981556225412575e+01
2.176170302627769502e+02 3.055352441288168919e+01 3.012451846931998034e+01
2.174712409952485643e+02 3.046520547012040225e+01 2.999229210306715032e+01
2.173022531037653948e+02 3.035129685451046555e+01 2.984027997752005490e+01
2.172581276929103069e+02 3.028916023774246824e+01 2.984137332039033197e+01
2.174474190636761648e+02 3.042415913077538647e+01 3.000286449019908375e+01
2.178903591682419574e+02 3.073634768984485532e+01 3.035350057051380190e+01
2.186028883325669767e+02 3.132427663958855035e+01 3.089121749348592516e+01
2.192634172925288283e+02 3.190799230232122596e+01 3.133320049728367351e+01
2.198159437320117888e+02 3.242091997479521126e+01 3.164983054888536884e+01
2.202244248028747222e+02 3.287166334576542681e+01 3.188684412200480267e+01
2.205704218396089971e+02 3.317162417616103909e+01 3.204599192765544302e+01
2.208561930550588386e+02 3.343984059674041021e+01 3.224388698717621082e+01
2.211356187945980025e+02 3.373706636693404448e+01 3.240935302031710563e+01
2.213559903949317800e+02 3.402688056676714723e+01 3.256297961477545755e+01
2.215174747526354224e+02 3.422369931368041307e+01 3.260743200667586450e+01
2.216545240893067046e+02 3.438685263713619378e+01 3.261387966416322115e+01
2.218056710775047122e+02 3.454087433369097226e+01 3.273691990667416007e+01
2.219983105979325160e+02 3.468611522675794845e+01 3.290964764386314556e+01
2.222604233723326388e+02 3.498602156031267896e+01 3.314580629779117515e+01
2.226672184471806304e+02 3.538274834380694500e+01 3.331720908053610941e+01
2.231484732369420385e+02 3.578222381171341482e+01 3.368033515557144852e+01
2.235166913605476964e+02 3.621925782114818304e+01 3.389516510839762020e+01
2.236710400381477939e+02 3.636653553364328673e+01 3.395845637698189989e+01
2.228381988794087079e+02 3.568020231952178989e+01 3.340282021151586633e+01
2.212908087671792714e+02 3.444137332039033339e+01 3.233464806961971760e+01
2.199825780411791811e+02 3.337001992540744766e+01 3.149987227302917248e+01
2.194383555578262701e+02 3.271535278189342222e+01 3.107726630221904429e+01
2.193367223556259376e+02 3.255251281527274188e+01 3.101050426608082589e+01
2.197203460549396254e+02 3.282860743541272797e+01 3.128413971627582058e+01
2.202474701544644802e+02 3.310965104991569774e+01 3.170311483506190342e+01
2.205597608951105997e+02 3.332665406427221200e+01 3.197045930618709519e+01
2.207734498203307396e+02 3.347130911629966477e+01 3.212706279057886150e+01
2.210560874674296201e+02 3.372243396515608538e+01 3.234837786747049648e+01
2.211948466424836965e+02 3.380328343466339902e+01 3.247733442327015041e+01
2.211361433266915242e+02 3.382161821556906744e+01 3.234594594594594241e+01
2.209767128186788057e+02 3.369274681108329617e+01 3.227274987653059668e+01
2.208192544150956280e+02 3.354542481990497294e+01 3.208593129991995596e+01
2.207923329756978035e+02 3.347538275515591266e+01 3.204612816975765810e+01
2.208656618811628221e+02 3.359319470699433197e+01 3.206386348541357734e+01
2.211199952315264170e+02 3.390400040872630427e+01 3.222309303632555100e+01
2.214780292579914374e+02 3.430617687630920187e+01 3.239931878948892319e+01
2.219206015088812762e+02 3.464712614315639172e+01 3.264436042848141284e+01
2.222940615473696653e+02 3.501431223283775296e+01 3.293902484715339085e+01
2.225919889643897136e+02 3.526036546943919348e+01 3.312256339515318615e+01
2.228945826734106390e+02 3.550214070403106348e+01 3.342801818832064242e+01
2.231175939644748780e+02 3.571742025579454349e+01 3.367534869463035818e+01
2.232993102743575378e+02 3.589369369369369167e+01 3.379400534750251239e+01
2.235140278274493824e+02 3.604563088608457377e+01 3.398528925901326403e+01
2.236925765084555167e+02 3.620984689793763778e+01 3.408529436809210011e+01
2.238484000068121134e+02 3.636107903744954939e+01 3.422591324784141165e+01
2.240076295577240728e+02 3.659567771930721136e+01 3.427264769495393182e+01
2.241830242340639359e+02 3.679537117457722672e+01 3.437954665440487645e+01
2.243686881588583049e+02 3.698346702089613558e+01 3.448291353735588416e+01
2.246141657725778771e+02 3.722976889933411826e+01 3.464818542550111857e+01
2.248676987005909496e+02 3.751764846131575837e+01 3.482428515471993791e+01
2.251117900509204901e+02 3.787627173487286569e+01 3.495536368126160198e+01
2.253749416713500011e+02 3.817786406444251668e+01 3.502665236124593662e+01
2.254869122430559116e+02 3.827894889218140406e+01 3.508700080042235214e+01
2.247115414090839352e+02 3.766835606873414122e+01 3.456532638498612187e+01
2.230381818491459285e+02 3.609551593181083007e+01 3.339926429264803431e+01
2.217507144195234901e+02 3.471049234489688473e+01 3.260450961358333899e+01
2.211212759072872416e+02 3.404029700778283285e+01 3.209966450382329128e+01
2.210111991008021164e+02 3.382116521057920266e+01 3.206044721470052394e+01
2.212532876922290939e+02 3.404843747339021576e+01 3.226119995231526616e+01
2.215799996593947583e+02 3.424039237725438056e+01 3.253804049796488584e+01
2.218252184131201261e+02 3.436512542788535285e+01 3.270964764386314272e+01
2.220002350176263235e+02 3.449548187128527132e+01 3.287781808273301465e+01
2.222873959025187673e+02 3.471661983344402813e+01 3.310905158466594855e+01
2.225041809295117332e+02 3.488266830157188991e+01 3.322755155912055613e+01
2.224600316762887644e+02 3.494187230708969594e+01 3.311917777891312653e+01
2.222382670004598140e+02 3.481306561760248286e+01 3.302840988436451397e+01
2.220505798804475432e+02 3.468135356528551227e+01 3.282953728776035263e+01
2.219583814438256866e+02 3.464150615643999487e+01 3.274165772577870825e+01
2.220993511469881980e+02 3.468261721078356175e+01 3.288076772424598460e+01
2.223758851479078373e+02 3.498349086326402357e+01 3.310557059895434406e+01
2.227793661336194475e+02 3.526144518809925188e+01 3.343986784516084754e+01
2.232226264071254604e+02 3.557404247347536597e+01 3.366136003678536781e+01
2.235493554045538929e+02 3.584737819104548606e+01 3.403990871779151206e+01
2.239155877995197557e+02 3.610794121153289638e+01 3.427375466203443466e+01
2.241217152880668948e+02 3.639996934552700480e+01 3.431512457637221303e+01
2.242815136497556239e+02 3.669314191317972274e+01 3.448662613464125570e+01
2.244669391508710987e+02 3.695293516578961146e+01 3.449794785333537561e+01
2.246397656635841997e+02 3.712658594322110162e+01 3.454754338459442664e+01
2.247687494678042981e+02 3.728962346088999880e+01 3.468014441662835168e+01
2.248860334814966109e+02 3.732439244537543033e+01 3.480340264650283899e+01
