2.377417331758242938e+02 3.075033854841962722e+01 5.165461978531388354e+01
2.378160217439325379e+02 3.082716262809615770e+01 5.173300614989611290e+01
2.378969084046445914e+02 3.090373059549306589e+01 5.181104676290085820e+01
2.383720190931704508e+02 3.136364102022326605e+01 5.228264871319586859e+01
2.390077666048795777e+02 3.188376664329642196e+01 5.282332094390180544e+01
2.394186603406933500e+02 3.228556199037657848e+01 5.318636650307495017e+01
2.395571338474787240e+02 3.266383982738032188e+01 5.305983423132701660e+01
2.390890854550634970e+02 3.233065375860777380e+01 5.263097742050114647e+01
2.364369339518444804e+02 3.049420065756827825e+01 5.038419403066303914e+01
2.349175190403472868e+02 2.914219994045389583e+01 4.919592589391189108e+01
2.345242298223541297e+02 2.880617102537752672e+01 4.890907693933020539e+01
2.350306822510988809e+02 2.936852956336057829e+01 4.932341858670841361e+01
2.363214017025063924e+02 3.025403456875494257e+01 5.044863188021628986e+01
2.378876531471397016e+02 3.168624645044387478e+01 5.172897878429903784e+01
2.387284345457048289e+02 3.241177732317848381e+01 5.247265841344845683e+01
2.393074755973018455e+02 3.302617147357401706e+01 5.288190662786565355e+01
2.397549837848912944e+02 3.347763339448014364e+01 5.330482483520775361e+01
2.399479387763595639e+02 3.375148465087094252e+01 5.335726062305715089e+01
2.399395959188508130e+02 3.386857598371125988e+01 5.336321843496188677e+01
2.397236548502863513e+02 3.366437766316753510e+01 5.313180818470817712e+01
2.395137740385384859e+02 3.343299302414178698e+01 5.291208305721227845e+01
2.394163713371942208e+02 3.316868515157045039e+01 5.288586996539282836e+01
2.393413240364575927e+02 3.324332587406318851e+01 5.274078556038967491e+01
2.398389982168182541e+02 3.413573310539340611e+01 5.321894398504304036e+01
2.406587912140682590e+02 3.535298995079443074e+01 5.409315123750251786e+01
2.408189702365517064e+02 3.558982017716567015e+01 5.435922308339976183e+01
2.409447437756712418e+02 3.568847462727659803e+01 5.441559339614487101e+01
2.410914416880360420e+02 3.587844911209074183e+01 5.453920918930859330e+01
2.414602785861321479e+02 3.618774310657792626e+01 5.483928314172933227e+01
2.418676539795046097e+02 3.660705333218082558e+01 5.522999843131228914e+01
2.422136200510303752e+02 3.677416339323158923e+01 5.551145302100440659e+01
2.423423548883830563e+02 3.653445190371459006e+01 5.544891360372387368e+01
2.424128658003668875e+02 3.608892218348523784e+01 5.534976933887816131e+01
2.424876249747889574e+02 3.598463646462609233e+01 5.536893614160447896e+01
2.424502293805604438e+02 3.575841568943825166e+01 5.527810272023255322e+01
2.416971504307488487e+02 3.469321910725662406e+01 5.453234217881119150e+01
2.394712401917000477e+02 3.277735199111290143e+01 5.284882332414530737e+01
2.372517647736767685e+02 3.088815256608497251e+01 5.117656060416886987e+01
2.357763787644503282e+02 2.969320630164263974e+01 4.996777147101289529e+01
2.349176887147325488e+02 2.889237841869875822e+01 4.927775696865505495e+01
2.348522776385167390e+02 2.856078024605987409e+01 4.915503436706651996e+01
2.359739373741448389e+02 2.873833328531227949e+01 4.951703947010369689e+01
2.376578339944231573e+02 2.961896895599030444e+01 5.066718209262941031e+01
2.391884762279783558e+02 3.064406795939339645e+01 5.182050050742245162e+01
2.400371266763349070e+02 3.105174428469441139e+01 5.240153283199354917e+01
2.403765106622743417e+02 3.083676043577504444e+01 5.251010523013289344e+01
2.404251944052272449e+02 3.017263568348364089e+01 5.226532912028633149e+01
2.401995434798615747e+02 2.988494475978268738e+01 5.201145142030266300e+01
2.400450981710381768e+02 2.984032359786530364e+01 5.169962831705419859e+01
2.401011067251883162e+02 3.002552799147145990e+01 5.171275407138489300e+01
2.404300893511715458e+02 3.033479317332718495e+01 5.211435093144834951e+01
2.406903762609528030e+02 3.035499082797898751e+01 5.213339287943834677e+01
2.409247958304920871e+02 3.042426599821361677e+01 5.234354260907981882e+01
2.413830767408431939e+02 3.057061815900090451e+01 5.270463211071734122e+01
2.418034498324065282e+02 3.079989947593024624e+01 5.305975419623963063e+01
2.422658765602840276e+02 3.134054609540822867e+01 5.359415167609480335e+01
2.426146470612716541e+02 3.176562845151314463e+01 5.398157592288459483e+01
2.426807336336249818e+02 3.189454897026856628e+01 5.401094239714691270e+01
2.427483184628140975e+02 3.201607424694986292e+01 5.409613814696363221e+01
2.427645559813422267e+02 3.220959588683678732e+01 5.416041912774560529e+01
2.427756872612953600e+02 3.222915646219302488e+01 5.417751142100696882e+01
2.427249033976495411e+02 3.229217929140135368e+01 5.414400233062174550e+01
2.423574719156878245e+02 3.195889397912044672e+01 5.364806651235901569e+01
2.413938526650083531e+02 3.091153241581109157e+01 5.267681191434324717e+01
2.406259800296450067e+02 2.985294673184724346e+01 5.204769771067635986e+01
2.405283788412840238e+02 2.967705522100888871e+01 5.190433886215716797e+01
2.409577190640376614e+02 3.000527271155674569e+01 5.225804592733454257e+01
2.415334402602100852e+02 3.043488825501099626e+01 5.278408774406700132e+01
2.420730144095171283e+02 3.085995780550193146e+01 5.321613635417767085e+01
2.425222033339416043e+02 3.126245105854406603e+01 5.361319362408480060e+01
2.428535517971078548e+02 3.161275823320944056e+01 5.390088774918924486e+01
2.430657440221793308e+02 3.184508088345930688e+01 5.414042316151400769e+01
2.431109158254978979e+02 3.200563767155521333e+01 5.421362965524085809e+01
2.430974251111687465e+02 3.202160627218972877e+01 5.427071708236891112e+01
2.430474159871687618e+02 3.191964157086466614e+01 5.420127543915252488e+01
2.430160998581778244e+02 3.185033758799857750e+01 5.410807618059757118e+01
2.431078168669144475e+02 3.190172011409801911e+01 5.414467782675924923e+01
2.432603157224127131e+02 3.192636451820478172e+01 5.432883216001895477e+01
2.434039883084744247e+02 3.193405108799697700e+01 5.439490272535479676e+01
2.434630061819101456e+02 3.182821268844261198e+01 5.440312713093420172e+01
2.435419495907005683e+02 3.162657549069512086e+01 5.445432397563091342e+01
2.436847738048360270e+02 3.147089444012254944e+01 5.446829810188786780e+01
2.437762122914685676e+02 3.129673808997864626e+01 5.451838726097521004e+01
2.439052608663638182e+02 3.130769649414303402e+01 5.455863210431453325e+01
2.440126391409994255e+02 3.130594852783460169e+01 5.467227552559042181e+01
2.441224664893089198e+02 3.139226476887467498e+01 5.469560735426411213e+01
2.443139008141169199e+02 3.145166681072982229e+01 5.493822571815483968e+01
2.445158741592314016e+02 3.172002125731921041e+01 5.517032106875654307e+01
2.446403639355493453e+02 3.206010314922061610e+01 5.528631111879447957e+01
2.446875078034210276e+02 3.221607872891475921e+01 5.535938955638151526e+01
2.444702893748619488e+02 3.196734248294452385e+01 5.509152172312341378e+01
2.441869619641250608e+02 3.164395911167455822e+01 5.475498698629478866e+01
2.440027243943744963e+02 3.142212425927526454e+01 5.456337338289105787e+01
2.440394797079039506e+02 3.139867077726875522e+01 5.457142491268172080e+01
2.442479390964999197e+02 3.157471915687837694e+01 5.480300803872417958e+01
2.444479019602193546e+02 3.182227728636233977e+01 5.504225532473436289e+01
2.446682289515723596e+02 3.195732209000425783e+01 5.523201851691781883e+01
2.448281518617762060e+02 3.214095779589771951e+01 5.540915537371583355e+01
2.449550362879086265e+02 3.252613465743382193e+01 5.568447287290748449e+01
2.450745510831948764e+02 3.283181106597132271e+01 5.592050594980839406e+01
2.451430387081696551e+02 3.297304418256963743e+01 5.597335471870868417e+01
2.451141204303966958e+02 3.299985273543921949e+01 5.596074759174422297e+01
2.450880706101554836e+02 3.305509935555747347e+01 5.588694563696724771e+01
2.450820199575493916e+02 3.315249565409475707e+01 5.582860005826554328e+01
2.450720219744335964e+02 3.327797466409273852e+01 5.578547395178046031e+01
2.450877664768234467e+02 3.349699548281967054e+01 5.578571725844610540e+01
2.451003864094018923e+02 3.372970230148897031e+01 5.592583948803155636e+01
2.451385407362587898e+02 3.403599017809407457e+01 5.605270790714649110e+01
2.451968446967150328e+02 3.412812977209208753e+01 5.617479983224645679e+01
2.452191040552177981e+02 3.429936324084478372e+01 5.623215297586462214e+01
2.452604693897804680e+02 3.436421087004542585e+01 5.626905875535835122e+01
2.452292493028944023e+02 3.431029603378120640e+01 5.632126404215608062e+01
2.452247993520359444e+02 3.440016903410455029e+01 5.634160255856167510e+01
2.452813553461837728e+02 3.449261596283810860e+01 5.639332123202812141e+01
2.453220868028543578e+02 3.463065087734462821e+01 5.655038528891066107e+01
2.454298908641548564e+02 3.488167932821748707e+01 5.677981707180428117e+01
2.454950906477399712e+02 3.518150677256909376e+01 5.685288270377733255e+01
2.453356703578849078e+02 3.512488995175485229e+01 5.666162125475808864e+01
2.448092059558910591e+02 3.459732746836213124e+01 5.596333432576841460e+01
2.442522577898150473e+02 3.411576275038977002e+01 5.525987713013385161e+01
2.439376206528942248e+02 3.381164222395098307e+01 5.496327990190899726e+01
2.439376398613152048e+02 3.401367959713538625e+01 5.495584944439642072e+01
2.441336265818935090e+02 3.419548089882604813e+01 5.534506007433658681e+01
2.444186731463073272e+02 3.456386960043283096e+01 5.583797056629626354e+01
2.446886731142932945e+02 3.490912175897913983e+01 5.609190589154285078e+01
2.449188956438502771e+02 3.527535591603358966e+01 5.638651824960062697e+01
2.450574908039684487e+02 3.542109020594628532e+01 5.655331137170535527e+01
2.451356306604815529e+02 3.562234003387084869e+01 5.666132352423302621e+01
2.451511798772581869e+02 3.585210156132448134e+01 5.640871678143697920e+01
2.450103469360967949e+02 3.599589259931553897e+01 5.623831887899655158e+01
2.449015888565547243e+02 3.613495196294055489e+01 5.614916299305615865e+01
2.448478981185351699e+02 3.622820884675842024e+01 5.610754474761735366e+01
2.448029600176717508e+02 3.621167679910873005e+01 5.609037241926860418e+01
2.448519927136056538e+02 3.610343414552939834e+01 5.604056498368884576e+01
2.449458386556666483e+02 3.612753431104196267e+01 5.611417805565960037e+01
2.449886702330301489e+02 3.623658051689860571e+01 5.611597724442395219e+01
2.450314313795167891e+02 3.631738714252328037e+01 5.630987985132681928e+01
2.450846066915735832e+02 3.641511958842756513e+01 5.632880334738749184e+01
2.451925196005929024e+02 3.641288821019134758e+01 5.644590748584179352e+01
2.452461943315949782e+02 3.642699679539509816e+01 5.642279015120228536e+01
2.452873963945793889e+02 3.644150875743925866e+01 5.653658403844245584e+01
2.453183091467299164e+02 3.640491671548807062e+01 5.649492737616171212e+01
2.452784164577750801e+02 3.631234813342169332e+01 5.650123093964393917e+01
2.452819796198653535e+02 3.638616289381264579e+01 5.650127896069636790e+01
2.452987901896191261e+02 3.652990270934778039e+01 5.664546377131734545e+01
2.451958810742629566e+02 3.655719787554863842e+01 5.651167071644209017e+01
2.448088377944891079e+02 3.608292595473855613e+01 5.598039780639832230e+01
2.441437462183421303e+02 3.520435839071848960e+01 5.526869059395639283e+01
2.436802118048552472e+02 3.452045536763316846e+01 5.476767734975013013e+01
2.435558917029225654e+02 3.425039777438428956e+01 5.456438822779906417e+01
2.436682225487653852e+02 3.430817030186033634e+01 5.465008979936803968e+01
2.439200833645470254e+02 3.451106565118147529e+01 5.486984373949539417e+01
2.442166421759299340e+02 3.491808248736246156e+01 5.510683403604139841e+01
2.444442651658487193e+02 3.516774073753934005e+01 5.550491255366352306e+01
2.446587271859983446e+02 3.549209093266487969e+01 5.572033179345825005e+01
2.448183971853260346e+02 3.585095225746967174e+01 5.590608362706210244e+01
2.448906464594078045e+02 3.597452002958096529e+01 5.599948137263375969e+01
2.448350764975365337e+02 3.587883007910667743e+01 5.599529073545842550e+01
2.447924882268386568e+02 3.590857111757794939e+01 5.582140970601511754e+01
2.447709555869293183e+02 3.589130914993133104e+01 5.571169760823144657e+01
2.447653339223915623e+02 3.587647704753764089e+01 5.563767795801679483e+01
2.447554095715561573e+02 3.576983509570595743e+01 5.566205024282645297e+01
2.447703249104407348e+02 3.562914621770183743e+01 5.568169405467357080e+01
2.447910347896517749e+02 3.564942070603752455e+01 5.564023267800603634e+01
2.448180162183101061e+02 3.566682033403444052e+01 5.562922625278922339e+01
2.448467007936279174e+02 3.566804327016964038e+01 5.567531685891094639e+01
2.448504752483488858e+02 3.571341035910143091e+01 5.567018500910799617e+01
2.448786411963004639e+02 3.585835710375428675e+01 5.564056562396955030e+01
2.448618402307571671e+02 3.581618501551079703e+01 5.581552552639077192e+01
2.448679357030121935e+02 3.583525577613225721e+01 5.582144812285706337e+01
2.448403780217247174e+02 3.585510447780306720e+01 5.577855251742364118e+01
2.447514238242045224e+02 3.577707987181580052e+01 5.573644765865355311e+01
2.446751759971571403e+02 3.563978448151669909e+01 5.561117353847927092e+01
2.446672237108748504e+02 3.568906368551973429e+01 5.542854627468682338e+01
2.445603640636054763e+02 3.561022592304466627e+01 5.526491293783194436e+01
2.442303377800827775e+02 3.526036694486862899e+01 5.484714578871377455e+01
2.436960395437359637e+02 3.469819728969179806e+01 5.427343827533990606e+01
2.432952846527917927e+02 3.431447386534256339e+01 5.399393334037642234e+01
2.431033028879861035e+02 3.423276764533571281e+01 5.387672995841376888e+01
2.431925388090138824e+02 3.455194437241286920e+01 5.416140836142565007e+01
2.434257162339969796e+02 3.497998802675093089e+01 5.459153933084264310e+01
2.436489340927062415e+02 3.559895057993424672e+01 5.499296971792433908e+01
2.439029206404087518e+02 3.625691903330420018e+01 5.535810899498340376e+01
2.441245089847388954e+02 3.711660471950903428e+01 5.578781417773551965e+01
2.446900048981473503e+02 3.814850990674311504e+01 5.656923835409443768e+01
2.446038871441239735e+02 3.747736767799003132e+01 5.610892455252382405e+01
2.443892650537995905e+02 3.685089783361025439e+01 5.567699119293898491e+01
2.441221559531698801e+02 3.623065471902881995e+01 5.519534323847575052e+01
2.439519021138867174e+02 3.555340101100322414e+01 5.485458264903333969e+01
2.440932664880283482e+02 3.565051558603291681e+01 5.494006012235764302e+01
2.442134215640136574e+02 3.589595118499950388e+01 5.517125587857717051e+01
2.443618514356693936e+02 3.614126833203676625e+01 5.535633541744700636e+01
2.445524117773231865e+02 3.631420174604546958e+01 5.557164901092639298e+01
2.446628826077352414e+02 3.649974228701862700e+01 5.569402906234093109e+01
2.446999996798596442e+02 3.656605936042360838e+01 5.567772751574290169e+01
2.447903688977247612e+02 3.649888751228538553e+01 5.565904412494437281e+01
2.449027221533920340e+02 3.665945390459177133e+01 5.580424378047335665e+01
2.450765231477479631e+02 3.697659453904591942e+01 5.602178234938197221e+01
2.452021782349382022e+02 3.724391173090283047e+01 5.620893639771676220e+01
2.452709699932450462e+02 3.738226998716237404e+01 5.627958497005086969e+01
2.453698549444076207e+02 3.747442558817785851e+01 5.642884720661538012e+01
2.454776269916731621e+02 3.766872196771064552e+01 5.654147578298326238e+01
2.455629700060506480e+02 3.788861997099528622e+01 5.670223746090285744e+01
2.453766067043792134e+02 3.774602945931496123e+01 5.656083146851580068e+01
2.445492455892663202e+02 3.671323428190918747e+01 5.566116665546175568e+01
2.433736069893041076e+02 3.522786949798791767e+01 5.453865534650390856e+01
2.427576729638273321e+02 3.449050623793471004e+01 5.388681758082743301e+01
2.427906186071973877e+02 3.454589692121025735e+01 5.395701475526870894e+01
2.433095629123807839e+02 3.517865112065129551e+01 5.448956502530709400e+01
2.439059651751327920e+02 3.593614800728639125e+01 5.516661704491249196e+01
2.443898637162532168e+02 3.649618232633186210e+01 5.569728809109913925e+01
2.447388775239064671e+02 3.694972836091342572e+01 5.602569766585671118e+01
2.450144191213427973e+02 3.738621411626856883e+01 5.632202917759145322e+01
2.452458933996664143e+02 3.764536452780899367e+01 5.647146749134820709e+01
2.452864968001971988e+02 3.779837560786648964e+01 5.649340670950144272e+01
2.452115743541968698e+02 3.780502812432970927e+01 5.633425213613648452e+01
2.451024673216738279e+02 3.779149579175510354e+01 5.639684917867993619e+01
2.450705141133873042e+02 3.792922977433306642e+01 5.636713695284012715e+01
2.450472719240114827e+02 3.797578778536510669e+01 5.642665424522110840e+01
2.450608778888664858e+02 3.811914983528779288e+01 5.653534829669327166e+01
2.452297007007872196e+02 3.829044413070690211e+01 5.672159954924238434e+01
2.454134004347505993e+02 3.853611983493563287e+01 5.687456901105444729e+01
2.455906269308464971e+02 3.873584579479643963e+01 5.702435627779218663e+01
2.457940152963059006e+02 3.890180335058889938e+01 5.716134113195224842e+01
2.459536372745811832e+02 3.912511404999951736e+01 5.730947647448641646e+01
2.460628755646475554e+02 3.930343542609080032e+01 5.735162295150193756e+01
2.461032324571091863e+02 3.934007869049791140e+01 5.738940591555337534e+01
2.461549863460140841e+02 3.944531522619516295e+01 5.739025748888312961e+01
2.462175641801365771e+02 3.959059491681153276e+01 5.741654101157947565e+01
2.462295182207879805e+02 3.978658483879332408e+01 5.742905209643907938e+01
2.462373648607549512e+02 3.988590518083127989e+01 5.748134382113118335e+01
2.462852642598515160e+02 3.995241753984947053e+01 5.757413330003873853e+01
2.463246895438960564e+02 4.006598412744146742e+01 5.769179128129771783e+01
2.461316673229543710e+02 3.986758995143470941e+01 5.754717428120488165e+01
2.452732589967441754e+02 3.874573813159689450e+01 5.668743096973713591e+01
2.441683810182383922e+02 3.724198768740215826e+01 5.559726984309921249e+01
2.435770241673949954e+02 3.643975118692034698e+01 5.503927161667674994e+01
2.436855453430784166e+02 3.654255465596117602e+01 5.510645947183245141e+01
2.442444559694970394e+02 3.699273921687267830e+01 5.564545736851035684e+01
2.448552421381533577e+02 3.778012760794332081e+01 5.632439501477447408e+01
2.453576928125290237e+02 3.836640703284319898e+01 5.690431004952571215e+01
2.455803024045741552e+02 3.881180549552924219e+01 5.724500981230170993e+01
2.457538568908609591e+02 3.926666730694736884e+01 5.743919734411566225e+01
2.459048766979443883e+02 3.953538671353521039e+01 5.749096403863453730e+01
2.458774150587617555e+02 3.950224578455194546e+01 5.750861337610408697e+01
2.457497398859659938e+02 3.932423174319621495e+01 5.738719054433463640e+01
2.456105780774291532e+02 3.910671558411207371e+01 5.720423673738567061e+01
2.454699020050390175e+02 3.907291516600877657e+01 5.702058182307123246e+01
2.455137484273105315e+02 3.921490381383198098e+01 5.698134542183293405e+01
2.456269276450796042e+02 3.948939855232534057e+01 5.710396237710612155e+01
2.457974632078703223e+02 3.978138575951697220e+01 5.735444658938478568e+01
2.459599792549053632e+02 4.007009472952942275e+01 5.747092965556100097e+01
2.461457342899126957e+02 4.043531084027237199e+01 5.775543838418762732e+01
2.463424829445228852e+02 4.072424390852950182e+01 5.795399903317614587e+01
2.465221168960472369e+02 4.094252200164552136e+01 5.806243056956169823e+01
2.466142180732032898e+02 4.110954882620541184e+01 5.824409421090206251e+01
2.466697624238466062e+02 4.120565495913408682e+01 5.831239295307062775e+01
2.467596578339944244e+02 4.131634988779080686e+01 5.836664393670184836e+01
2.467901447994800890e+02 4.127771214900612762e+01 5.836436453741320207e+01
2.468208270505789699e+02 4.125965303188917943e+01 5.839690040113585923e+01
2.468304600736963152e+02 4.124217657020837891e+01 5.839094899203811195e+01
2.468356335417446985e+02 4.107909387475469032e+01 5.832380595653134492e+01
2.468309178743961354e+02 4.088448055627586797e+01 5.823422428392607486e+01
2.467586878087353455e+02 4.062961042120866040e+01 5.793333717501752744e+01
2.462281128046535628e+02 3.968508113957158656e+01 5.710298915044355539e+01
2.450415158005269518e+02 3.765956915511760172e+01 5.569466294023299469e+01
2.438492331037926988e+02 3.591757346420671126e+01 5.446645089207108725e+01
2.435791306908948854e+02 3.541557098632040379e+01 5.415583471794034409e+01
2.439097428312572333e+02 3.593804643955910194e+01 5.469588587636820165e+01
2.446635581038727310e+02 3.695751737561747063e+01 5.561196748654609934e+01
2.453968011576274932e+02 3.788843108818906558e+01 5.640844786354337970e+01
2.458563818377976986e+02 3.865639656425376813e+01 5.687441214228317676e+01
2.461578996231948224e+02 3.906764245445203443e+01 5.730802944010654443e+01
2.463064767594113391e+02 3.953817513597961408e+01 5.738551300890310358e+01
2.463621907844398891e+02 3.976597100168714150e+01 5.731002071308061119e+01
2.463478260869565304e+02 3.962990174892672712e+01 5.720456328054218886e+01
2.461255462394713902e+02 3.945248637002461578e+01 5.702461239007180893e+01
2.459642755383960377e+02 3.930339700924885449e+01 5.681352464920621514e+01
2.458141009018353600e+02 3.912071212019349531e+01 5.673070434078299940e+01
2.457785333090026541e+02 3.910972170199415388e+01 5.674997999122815173e+01
2.458657299360039303e+02 3.928390686476951288e+01 5.690314473865342393e+01
2.460095337796089723e+02 3.963183539663788935e+01 5.710729503814471997e+01
2.461788688160889649e+02 4.004358390718491023e+01 5.724993036947397940e+01
2.463089066246642460e+02 4.026849530834317648e+01 5.751403335222161672e+01
2.464415183616497416e+02 4.048046023376648606e+01 5.758283151333544936e+01
2.465387641942227503e+02 4.069745776548438698e+01 5.767924818240316398e+01
2.466106741195339964e+02 4.088437811136402189e+01 5.786806055774851387e+01
2.467143227590975982e+02 4.104271312543419015e+01 5.795664979527024485e+01
2.467759913946273969e+02 4.117495029821073871e+01 5.804995790154404034e+01
2.468083543825613049e+02 4.125287886209314081e+01 5.818713163851032277e+01
2.468673434433655700e+02 4.136361540899530098e+01 5.820554611141524504e+01
2.468522648329027334e+02 4.141624328105441322e+01 5.825394172805357584e+01
2.468513652385205717e+02 4.155723629239058425e+01 5.823453161866162020e+01
2.469283685967928363e+02 4.166842423718558308e+01 5.825721356242576832e+01
2.469686262457461225e+02 4.172610392396026668e+01 5.841225433229927688e+01
2.466822030778293140e+02 4.131501490253327091e+01 5.796504387523490465e+01
2.454671584022435411e+02 3.948445878673210530e+01 5.660397998482535087e+01
2.439834999663852670e+02 3.746787551662649207e+01 5.515464059443660005e+01
2.433584067255084733e+02 3.647210136924027779e+01 5.467604037610088596e+01
2.435823352957936834e+02 3.668294260203673218e+01 5.493878276236301872e+01
2.443485399999359799e+02 3.756534864884765312e+01 5.563498237627376142e+01
2.451577619628445177e+02 3.870752297807359099e+01 5.652751766374378661e+01
2.457995985440016966e+02 3.966681393122745192e+01 5.709930753642397150e+01
2.462279783457067595e+02 4.035358861324804991e+01 5.751997515710887399e+01
2.464335948879989076e+02 4.079574405419335648e+01 5.782621181125805521e+01
2.465472575176957548e+02 4.105717066361893330e+01 5.800320460489879082e+01
2.465100764175014376e+02 4.106357347060951213e+01 5.795570217983564021e+01
2.463597929332219110e+02 4.085950320620560205e+01 5.776537874204051093e+01
2.461273006085868076e+02 4.046259640226275422e+01 5.761384030759084851e+01
2.458828830559317282e+02 4.005465436047163053e+01 5.739376942851745866e+01
2.457922033019275716e+02 3.999676338106625906e+01 5.731943924216376729e+01
2.459010318123465311e+02 4.020309383633784961e+01 5.752976825040097708e+01
2.461800565367857132e+02 4.054536548823003983e+01 5.781096672781347223e+01
2.463915060362462839e+02 4.092238517366013184e+01 5.796871908644749993e+01
2.466035606009674552e+02 4.124932210280987022e+01 5.820822248473730554e+01
2.467769742255004530e+02 4.155360910223041770e+01 5.846672941417517677e+01
2.469216712606806823e+02 4.176057983820106756e+01 5.865293264567186071e+01
2.470713496796995798e+02 4.204722390295905399e+01 5.880375396573857927e+01
2.471363381706540281e+02 4.225370162279143216e+01 5.885062251290965918e+01
2.471902209928832690e+02 4.242386262137321040e+01 5.881031684290393002e+01
2.471867506714943943e+02 4.250978188837986238e+01 5.883863645822328436e+01
2.472097943738534980e+02 4.253820074720757560e+01 5.887912460822824556e+01
2.472507755399967380e+02 4.269951626793186250e+01 5.897590623729443138e+01
2.472875436591401694e+02 4.280348824924847406e+01 5.897831689412638667e+01
2.473491354609861048e+02 4.289570787833385879e+01 5.904812029593773559e+01
2.474070584544264193e+02 4.307948124457762162e+01 5.918003092555776590e+01
2.473486584518653046e+02 4.300876224136661818e+01 5.912796970191732271e+01
2.466691925740244642e+02 4.195870189491073177e+01 5.821125741525084862e+01
2.451587575993315511e+02 3.955976860255535854e+01 5.674349074634319834e+01
2.439074986474070101e+02 3.799245749336509448e+01 5.561630218687872684e+01
2.437085378229815831e+02 3.772029017521280991e+01 5.548284207796697842e+01
2.441957370111056775e+02 3.842481023680781504e+01 5.591568143474098918e+01
2.450618415113185620e+02 3.939566145798318075e+01 5.687979690296226210e+01
2.459077579610901410e+02 4.064766313551861288e+01 5.760346455886260486e+01
2.465302452595217630e+02 4.156953288321599871e+01 5.819055714025028436e+01
2.469187451778859952e+02 4.212311317281496059e+01 5.863460140925781872e+01
2.471195372051107313e+02 4.243525961781644895e+01 5.892936423327986972e+01
2.471878135374548151e+02 4.253922519632607191e+01 5.892128068945425667e+01
2.470493368292659397e+02 4.264523327026568467e+01 5.881214164289624335e+01
2.468578864974404894e+02 4.245421192650858444e+01 5.856884138006101637e+01
2.465859432775328628e+02 4.213255731312607111e+01 5.821160956963532840e+01
2.464116332600212047e+02 4.196111575314618136e+01 5.801165310872286085e+01
2.464642259166418512e+02 4.194710321004728826e+01 5.806467475341189299e+01
2.467081024321062444e+02 4.225330144735452365e+01 5.838019547769741990e+01
2.469848573614672773e+02 4.260339092658221460e+01 5.872311061169216373e+01
2.472347237028713494e+02 4.295875311736665481e+01 5.907855603896748420e+01
2.474006620502428291e+02 4.331983301479368720e+01 5.928187717495350029e+01
2.475207595009652266e+02 4.361756994266286114e+01 5.947588862957520917e+01
2.476238222836891794e+02 4.383920950944894201e+01 5.958339175894712270e+01
2.476471893278012999e+02 4.395778629351107725e+01 5.965241721970912181e+01
2.477415186817900974e+02 4.411837509564193027e+01 5.978196521354961845e+01
2.478346891277136024e+02 4.430708822747892839e+01 5.988210831628585851e+01
2.479005708102432095e+02 4.440148481094111332e+01 5.992966836661192076e+01
2.479173653729795035e+02 4.444169443884198500e+01 6.000629716067523844e+01
2.479697307299520048e+02 4.444570899882508286e+01 5.999785185825465561e+01
2.479770331313247596e+02 4.438874642643335022e+01 5.995413349212294918e+01
2.480323789949513866e+02 4.442482624382529366e+01 5.999935331649395209e+01
2.480442626047259012e+02 4.446159756437221944e+01 6.012455380438784402e+01
2.479871783790013637e+02 4.415594996846617448e+01 5.980546671660856362e+01
2.472769470135707479e+02 4.281903426462160667e+01 5.883109075018488454e+01
2.459538197545803939e+02 4.076217093573822581e+01 5.725419143752620954e+01
2.450812676277279820e+02 3.961423087881727412e+01 5.636689684757797636e+01
2.451115881202319144e+02 3.953153862653387307e+01 5.647119217064761187e+01
2.456497504505975371e+02 4.021282290156004535e+01 5.714764232639588926e+01
2.463840691759267258e+02 4.117189936067972411e+01 5.797128341064722434e+01
2.469376654725431592e+02 4.206216165166809162e+01 5.868797840973482494e+01
2.473267480463435106e+02 4.255743477940729491e+01 5.908231768807445405e+01
2.475887220957667978e+02 4.301294007292797517e+01 5.934292793960872103e+01
2.477475565287822121e+02 4.329919036505604168e+01 5.945443282334975521e+01
2.477648953301127221e+02 4.334935955923076989e+01 5.944713042197699338e+01
2.476162381588088124e+02 4.314214231519098064e+01 5.920108015353930853e+01
2.474116172530037261e+02 4.284229246101490673e+01 5.891317793720767071e+01
2.472267490067645781e+02 4.255215246364006276e+01 5.874608068177089137e+01
2.471499345312985270e+02 4.251324260555827550e+01 5.848903039092338219e+01
2.471531999628637095e+02 4.266589512842430310e+01 5.850680138172575084e+01
2.472658637546700504e+02 4.295017655740276297e+01 5.858963129435944950e+01
2.474298140304709648e+02 4.317423958663478345e+01 5.878840963878564452e+01
2.475346952103802209e+02 4.331580564919660503e+01 5.885108351501298074e+01
2.476611410442338013e+02 4.336631739354533011e+01 5.909943559256377910e+01
2.477642806606416173e+02 4.356824271760739720e+01 5.933396400982190499e+01
2.478617633970732754e+02 4.376283362626175233e+01 5.954373597385093575e+01
2.479492161363541811e+02 4.400818919014096053e+01 5.974288888248608487e+01
2.480294048911042637e+02 4.405572683064255557e+01 5.979968498189606407e+01
2.480393580545711245e+02 4.408512211753632926e+01 5.981747838252289995e+01
2.480443938622692315e+02 4.418815928903231338e+01 5.978336742828055606e+01
2.480872062312117521e+02 4.426593098414344496e+01 5.978969660299075173e+01
2.480926102003118103e+02 4.432628704424019617e+01 5.981131568079445771e+01
2.481360084260940084e+02 4.437903977103562170e+01 5.992105338980609019e+01
2.481366070885476063e+02 4.449297772143307839e+01 5.990221633163979220e+01
2.480434462468346055e+02 4.436260696689428329e+01 5.977301088797328532e+01
2.473550228420139376e+02 4.322023415065164897e+01 5.886420286653668654e+01
2.461632139529969834e+02 4.133834032839997263e+01 5.741938385788329668e+01
2.454435928711147028e+02 4.024743967755463814e+01 5.669111898656370840e+01
2.455414597759657909e+02 4.031511094463812839e+01 5.665106942883760155e+01
2.460754314691560865e+02 4.112520368929738623e+01 5.725387769998367560e+01
2.467630417174889601e+02 4.215283500286525964e+01 5.798536638462302051e+01
2.472747828648079178e+02 4.303534029318453236e+01 5.867208984418768836e+01
2.476289829461235854e+02 4.361229082829912329e+01 5.899889871719761913e+01
2.478892378418698854e+02 4.397157473836529817e+01 5.927688618690434197e+01
2.479989755508815108e+02 4.418807285113793881e+01 5.953746442440365882e+01
2.480179246581701307e+02 4.426668971677183606e+01 5.959960046484378893e+01
2.479139334684325604e+02 4.405828475203529138e+01 5.943411991817212936e+01
2.476434116716768585e+02 4.366690997333230939e+01 5.898789869478779480e+01
2.473898541120427126e+02 4.328035010548624228e+01 5.873438595480258329e+01
2.472895445363247120e+02 4.326235821784270286e+01 5.864410637623534228e+01
2.473283839635296033e+02 4.329038970684748477e+01 5.869460531497008304e+01
2.474252040094377492e+02 4.343737254412334181e+01 5.887275381527261686e+01
2.475419111738586082e+02 4.370628083351741111e+01 5.905637671555209778e+01
2.476574690344246790e+02 4.383370309543703769e+01 5.910823945217583741e+01
2.477128629191037419e+02 4.386355298162714433e+01 5.920149633599370276e+01
2.477744259083181930e+02 4.376255830556115711e+01 5.913068449208132904e+01
2.478308058252738135e+02 4.369308464830982075e+01 5.920811683842196516e+01
2.479128577968581340e+02 4.378586772441038022e+01 5.928238299670575628e+01
2.479932066217830027e+02 4.399927008000307183e+01 5.939154125168473541e+01
2.481490989649862513e+02 4.424634799896274728e+01 5.949861539298828461e+01
2.482075918082487362e+02 4.442049474489616046e+01 5.961772040862714306e+01
2.482052996033461056e+02 4.440467340882242553e+01 5.969754420337876155e+01
2.482196130783735555e+02 4.437249290088774956e+01 5.964879002954895526e+01
2.481071157595489751e+02 4.428841123948738812e+01 5.947758217202421349e+01
2.476811081978339359e+02 4.358464030631028407e+01 5.887147645527799256e+01
2.464197456164782523e+02 4.152014483149412882e+01 5.738892890643258227e+01
2.450293024461924176e+02 3.966982004910953208e+01 5.591054958493803895e+01
2.446351680576764807e+02 3.900373923928250264e+01 5.545849540438528180e+01
2.449356101714991780e+02 3.927014403114325347e+01 5.578517622125539788e+01
2.456383150373123669e+02 4.016497472491940357e+01 5.658084024036137549e+01
2.463835857639989513e+02 4.112154768650576386e+01 5.738743705240377579e+01
2.469345793195737144e+02 4.195779909912505445e+01 5.796971472293453331e+01
2.472368686432131710e+02 4.257779890704084380e+01 5.836558107074141333e+01
2.474635216078728774e+02 4.314352852290443963e+01 5.875278442069003404e+01
2.476019759062372998e+02 4.341893245999045803e+01 5.896280289278819708e+01
2.475024154589372074e+02 4.336372425671414277e+01 5.883250897193329365e+01
2.472596082122402379e+02 4.307579963055803773e+01 5.858676603823116125e+01
2.469548794191373418e+02 4.263266456014316930e+01 5.820872830648956153e+01
2.467380867772431543e+02 4.230843281694694724e+01 5.804496371209138061e+01
2.467678982465913009e+02 4.233508770244875308e+01 5.803622388054922965e+01
2.469112282824790441e+02 4.260891654901508474e+01 5.823068353166028288e+01
2.471006873413304277e+02 4.285475872622557603e+01 5.845884755876976158e+01
2.473028271594266982e+02 4.309081101154746563e+01 5.866938465823417204e+01
2.474823778744601555e+02 4.338172894997166651e+01 5.876887147325387417e+01
2.476263097742049979e+02 4.353902991071285555e+01 5.887906698296533392e+01
2.477387622733806438e+02 4.375752569926655866e+01 5.895698914404074742e+01
2.478536862560546581e+02 4.388716973521191989e+01 5.919840057881375373e+01
2.479237617771631221e+02 4.394983080582527180e+01 5.929127009280868776e+01
2.479793989685077804e+02 4.421538722575976976e+01 5.932558273547122951e+01
2.480100684139926841e+02 4.443284255817750505e+01 5.947314502677973991e+01
2.480601959899219935e+02 4.447630801343309059e+01 5.952761050444514979e+01
2.480510623857499013e+02 4.458271306140611756e+01 5.954611781805143522e+01
2.480920051350512097e+02 4.462138281422575403e+01 5.951536833747915267e+01
2.479479835960084984e+02 4.445760221281009450e+01 5.925526390769713458e+01
2.471029699420225825e+02 4.296037622893877028e+01 5.820643610158693804e+01
2.455991810809859146e+02 4.061643984722902445e+01 5.658500526630874816e+01
2.446669707999987224e+02 3.939108345098491526e+01 5.565183456427297415e+01
2.447356248979552618e+02 3.943675147184525542e+01 5.568422956624183939e+01
2.453912243127387001e+02 4.022878509938757219e+01 5.638122632962290481e+01
2.462136808776967882e+02 4.139563264535172493e+01 5.738380666084011494e+01
2.468373174799832270e+02 4.238472866504675807e+01 5.817935222801676076e+01
2.472383540944350102e+02 4.293530923957062839e+01 5.856081546149832207e+01
2.474645012373424606e+02 4.330984783729186915e+01 5.883153254386723319e+01
2.475575052102841767e+02 4.357792056037366990e+01 5.888689761591481897e+01
2.475806385519411776e+02 4.367596354241699430e+01 5.892423238347691949e+01
2.475042754743679723e+02 4.355733553589893603e+01 5.880700979309329313e+01
2.474149018929898887e+02 4.340499034776846088e+01 5.869562976408857935e+01
2.473109139046557914e+02 4.330431901345549761e+01 5.866659303438627404e+01
2.472782435819863451e+02 4.334262060487317569e+01 5.857055413093100071e+01
2.473215617726811502e+02 4.343927097639605250e+01 5.863322480575484263e+01
2.474290520964390794e+02 4.371210098507185648e+01 5.873453001795987660e+01
2.475766207905545855e+02 4.398191207025159599e+01 5.892446288452858028e+01
2.477714486030675971e+02 4.430471598748891182e+01 5.923480053655522681e+01
2.479080332817907504e+02 4.458087545579981992e+01 5.935462266657702912e+01
2.480102284841674702e+02 4.473460044883677256e+01 5.947294653976302925e+01
2.480888805652398048e+02 4.486970287774160226e+01 5.955908350220736480e+01
2.481274318661301095e+02 4.481396644288856379e+01 5.957712981371032868e+01
2.481635565031709802e+02 4.487714614086815601e+01 5.953428863213633093e+01
2.481839142279975476e+02 4.488459900820519977e+01 5.960391275535194922e+01
2.482292396986838980e+02 4.500623633400883250e+01 5.969757941881720598e+01
2.482735951441111695e+02 4.513678956854685254e+01 5.975343110419608195e+01
2.483482006511654845e+02 4.523816201022528105e+01 5.983131164702605531e+01
2.483797888994535299e+02 4.532330013477908892e+01 5.987244327913357012e+01
2.482868105377397399e+02 4.525624993997368506e+01 5.981663001059664708e+01
2.475577165029148716e+02 4.412708291314912401e+01 5.886331607776849495e+01
2.461580468877556029e+02 4.174854576246226401e+01 5.721502866856830138e+01
2.450961541539811037e+02 4.014386467027144789e+01 5.609233167820772792e+01
2.450048629319093436e+02 3.993564858834113096e+01 5.609056130207483193e+01
2.455498986755793851e+02 4.060196950343030409e+01 5.673669416672269250e+01
2.463814056082186426e+02 4.166308429615543218e+01 5.772796393939103154e+01
2.470098155031165561e+02 4.251224376766774782e+01 5.838103104400969556e+01
2.474233407926034829e+02 4.308175744246277361e+01 5.875060426490973953e+01
2.476502594737532945e+02 4.339479067623246067e+01 5.900070430876896665e+01
2.477505434382433123e+02 4.362023671177443873e+01 5.909940037712533467e+01
2.477672483616817658e+02 4.369542167286138579e+01 5.903068225109888090e+01
2.477406511014428645e+02 4.371808760960805529e+01 5.886327125811956051e+01
2.476047355160502264e+02 4.357674244388739737e+01 5.875201608385116003e+01
2.474710128920518741e+02 4.338856714783761248e+01 5.860495321148791703e+01
2.474295579181913354e+02 4.324595102492932597e+01 5.856364870359165309e+01
2.475059818224309538e+02 4.327419700796829005e+01 5.869108697252875828e+01
2.476090862234003396e+02 4.357344499828725048e+01 5.885713096621558549e+01
2.477547628880501236e+02 4.379896146470612450e+01 5.903196921530398811e+01
2.478650960581118738e+02 4.408104993229031265e+01 5.915958996424032534e+01
2.479912537656508675e+02 4.434445500907597904e+01 5.945268165563783214e+01
2.481261160892935322e+02 4.457021478216049815e+01 5.981126125693504036e+01
2.481812858757279230e+02 4.479657001629514212e+01 5.986933791774313818e+01
2.482527988270057620e+02 4.497512189343808586e+01 5.995195973914964327e+01
2.483224453600458332e+02 4.524694025860937785e+01 6.006320851061105515e+01
2.483527882623742187e+02 4.539107064537093095e+01 6.008610814981287973e+01
2.483525065388666349e+02 4.547828968219667445e+01 6.010276825360237751e+01
2.483639675633797879e+02 4.554493329875817409e+01 6.015341765830140019e+01
2.483634297275925746e+02 4.562630977420501210e+01 6.008159096948102018e+01
2.483866975281963505e+02 4.579105399807275489e+01 6.020070558933036153e+01
2.483878084152092356e+02 4.593226470484660240e+01 6.019099573252913871e+01
2.481775946574978491e+02 4.558986819821809888e+01 5.989189820817446019e+01
2.470967528164347300e+02 4.346047387174537135e+01 5.842559778206766197e+01
2.454075802831961539e+02 4.082019957549389488e+01 5.654653400050582235e+01
2.444029606579524341e+02 3.924015648460284922e+01 5.550860377189359696e+01
2.445829691736857399e+02 3.926230699538677982e+01 5.569700956899504973e+01
2.454713842548573268e+02 4.045650093000771363e+01 5.676307693292739742e+01
2.464119918172126802e+02 4.177110285149009172e+01 5.778965178334181729e+01
2.470674951898912468e+02 4.287721977314854627e+01 5.861948758335654475e+01
2.474424563728738633e+02 4.346359203874978760e+01 5.893345882835034644e+01
2.476366278976703370e+02 4.379677490611884139e+01 5.911445337636019559e+01
2.477482096150952486e+02 4.397545483940159272e+01 5.921740090855831085e+01
2.477409904502133600e+02 4.399981431859727365e+01 5.923024493938142143e+01
2.476564605923236684e+02 4.376097361083098747e+01 5.906534704814590953e+01
2.474873240428603935e+02 4.344813566267451677e+01 5.891179172949421172e+01
2.473834705134730996e+02 4.319333915988769235e+01 5.860182223886952357e+01
2.473746346398260982e+02 4.321647890435166772e+01 5.863272858821306954e+01
2.475212525171035054e+02 4.343161962204230520e+01 5.879893905488165728e+01
2.477313222116575844e+02 4.370038704968258259e+01 5.893382378834881052e+01
2.478870993043350097e+02 4.394680227811872442e+01 5.903035250653886834e+01
2.479740014022147250e+02 4.398597465128712258e+01 5.920573499422146568e+01
2.480534474313539022e+02 4.396074439034072867e+01 5.928851368439924130e+01
2.481282194113899493e+02 4.396307501208529800e+01 5.931391361973089005e+01
2.481704843403348093e+02 4.393685871886234651e+01 5.933549428069265730e+01
2.481848106209762364e+02 4.377950653566523442e+01 5.927013122552926916e+01
2.482383701014524888e+02 4.387112109949001848e+01 5.931596892077486416e+01
2.482259710657152141e+02 4.396624120014214299e+01 5.934313603083592170e+01
2.481988423724961024e+02 4.394831974337549241e+01 5.919161360340373079e+01
2.481961627977705405e+02 4.395571178404612311e+01 5.917593312908378778e+01
2.482172696510150161e+02 4.398051625832765410e+01 5.923523592743058686e+01
2.482146412987453630e+02 4.399158671161437439e+01 5.925131337578394408e+01
2.482386934432055057e+02 4.419489184058291187e+01 5.937094022019253003e+01
2.482581867890883416e+02 4.435008307642070235e+01 5.945952305490727241e+01
2.480473519590988758e+02 4.400798109891376697e+01 5.913610446819885880e+01
2.468913091499313168e+02 4.194092770270486881e+01 5.781823071234428824e+01
2.449974804954491958e+02 3.921335113313676857e+01 5.584946040344086526e+01
2.441992521521434867e+02 3.780741637133719735e+01 5.495703716509317616e+01
2.443702327100200762e+02 3.800546479576646419e+01 5.516233356703578750e+01
2.450824489456177560e+02 3.905953329939845275e+01 5.592467097575577384e+01
2.459588331524540479e+02 4.032604693897804538e+01 5.688407717943546515e+01
2.465654927120049535e+02 4.114583353342105454e+01 5.759582921152633617e+01
2.469432455188354538e+02 4.176114968802323091e+01 5.811022432234291557e+01
2.472447216859871446e+02 4.226477207607815245e+01 5.846252917278935257e+01
2.473651360756555562e+02 4.253231016477624138e+01 5.864676674253993127e+01
2.472750998037539603e+02 4.235824985673719567e+01 5.843152357993744772e+01
2.470969545048549207e+02 4.201530270870749462e+01 5.821200334226524831e+01
2.468118471137746894e+02 4.155568041029187043e+01 5.791100418423436480e+01
2.466590377221373842e+02 4.124336108950164004e+01 5.775162871402822873e+01
2.467080416054398313e+02 4.135760317323114776e+01 5.780124086399477790e+01
2.470122133543345342e+02 4.177610664515323435e+01 5.812580875455800111e+01
2.472649513546738831e+02 4.209832790695440963e+01 5.844935539740622232e+01
2.474897475053063260e+02 4.243717085570313685e+01 5.867766028626950003e+01
2.476557242695197658e+02 4.277733598409542992e+01 5.888257251979267437e+01
2.477800283644349690e+02 4.303763890089415156e+01 5.897146589064645639e+01
2.478717165605401362e+02 4.319976117529925119e+01 5.919730890022185577e+01
2.479762359818544439e+02 4.344263245006610674e+01 5.923105809586922987e+01
2.480363871521275030e+02 4.360533417850385263e+01 5.929709024436312603e+01
2.480799230382599774e+02 4.378884182825751026e+01 5.930281755521620823e+01
2.480708086425088652e+02 4.372783908465471114e+01 5.933664678595096120e+01
2.480679657962050442e+02 4.379903509698652186e+01 5.933560632981499339e+01
2.480744998607389391e+02 4.377358714060243727e+01 5.926947813921623265e+01
2.480827306691253398e+02 4.380090791803126393e+01 5.918835137324202833e+01
2.481374170436319275e+02 4.377834762759994192e+01 5.911360180303044842e+01
2.481713999417344496e+02 4.387144764264653674e+01 5.919712962162611802e+01
2.482673075876464281e+02 4.402799627356633039e+01 5.936848474371164031e+01
2.482692860550065177e+02 4.402840285181023461e+01 5.944811965565703815e+01
2.479272064873240424e+02 4.346818925416902601e+01 5.902750966023504731e+01
2.468506065058921877e+02 4.150262995297138247e+01 5.759618136591081594e+01
2.455007379235056533e+02 3.914512282184509928e+01 5.614387427448193080e+01
2.452575881266347153e+02 3.874782864807932015e+01 5.594184650550801763e+01
2.458984898979712739e+02 3.963182899383089364e+01 5.660213597641205752e+01
2.466258263622772233e+02 4.079628188998056970e+01 5.746192410752873769e+01
2.470866107701616272e+02 4.163824780783895818e+01 5.810442978201643882e+01
2.473691314272176953e+02 4.225107647192529470e+01 5.845900762894452640e+01
2.475951409097748410e+02 4.261757634546985685e+01 5.873045783271386000e+01
2.477715990690318506e+02 4.292142795401503719e+01 5.893615441009338696e+01
2.478312348133421779e+02 4.305117443487224449e+01 5.902268834657113672e+01
2.477695821848298294e+02 4.293084328169469188e+01 5.886502242583148359e+01
2.476941699240947230e+02 4.281941843304104367e+01 5.874811677439389257e+01
2.476493278653361756e+02 4.289180536747309702e+01 5.870507390439968987e+01
2.476902001837605667e+02 4.300465804208565146e+01 5.887589759350499463e+01
2.478150837327084162e+02 4.321045706437702449e+01 5.904014880123445863e+01
2.479482076942531705e+02 4.348761216917496597e+01 5.922550045940140251e+01
2.481120363167212588e+02 4.371526077032170576e+01 5.938770597029737530e+01
2.482468090010660546e+02 4.387072412545659716e+01 5.952838204268751099e+01
2.483456523339832245e+02 4.398661813338967619e+01 5.966518441684834784e+01
2.483791966398068780e+02 4.422789190781238489e+01 5.979983864926384030e+01
2.484626444233151688e+02 4.442837019749457994e+01 5.994006652516463163e+01
2.484764392709763854e+02 4.446780828715309042e+01 5.992454612101945344e+01
2.484929136933631639e+02 4.455754682852962389e+01 5.992373296453165210e+01
2.485440497113934839e+02 4.480175949136101110e+01 5.994589628092955991e+01
2.485503820875071597e+02 4.490850708950804204e+01 5.995275048581297739e+01
2.485982494725687673e+02 4.499969586666794896e+01 5.997890275096602153e+01
2.486341980324174017e+02 4.515550497338033153e+01 5.998902558881813718e+01
2.486385135243290563e+02 4.526508901502418780e+01 6.009808780169225884e+01
2.486568511635501011e+02 4.531290517762987236e+01 6.014260651869779650e+01
2.486968655058377635e+02 4.539229038010263650e+01 6.023262038077493230e+01
2.487175465724173478e+02 4.553751884826307617e+01 6.024596062913981598e+01
2.487298335590322722e+02 4.574301373722239816e+01 6.029615543454250570e+01
2.485702403933884739e+02 4.551386367783636189e+01 6.012216875878385025e+01
2.479983288673754487e+02 4.456014636816780694e+01 5.924870423193527813e+01
2.471206640991410666e+02 4.304983944961470854e+01 5.820272887633938552e+01
2.468056331895903099e+02 4.242269410909742788e+01 5.780056536785726706e+01
2.470243178609502479e+02 4.276817676869539753e+01 5.811580116723171585e+01
2.474893025102204831e+02 4.345358445142350234e+01 5.859730505853766402e+01
2.478812279303246555e+02 4.393022541082010690e+01 5.912939752787622183e+01
2.481956313647903301e+02 4.423395856743596255e+01 5.948944657337776931e+01
2.483963465583311745e+02 4.452798506865409678e+01 5.972115455415654139e+01
2.485256736553305075e+02 4.464731418253762740e+01 5.984642867433082358e+01
2.485356268187973683e+02 4.470406226089517787e+01 5.979830517698959369e+01
2.484958045607194208e+02 4.477392008656595124e+01 5.968312508203596423e+01
2.483356383438499506e+02 4.470846098929770562e+01 5.950563607085346263e+01
2.481994826531951617e+02 4.461461504723671112e+01 5.925999558206317630e+01
2.481722066954152695e+02 4.454105319772187954e+01 5.931111879447949775e+01
2.481754497171559990e+02 4.465280458953205311e+01 5.927056341500113490e+01
2.482465720972074052e+02 4.474080156740715353e+01 5.951575250589858257e+01
2.483350941052557346e+02 4.490530568601274553e+01 5.969560415286061072e+01
2.484497267602116892e+02 4.520633365667508485e+01 5.988661909381072945e+01
2.485558885015190640e+02 4.534787090660545772e+01 6.013012424646965570e+01
2.486109110233926458e+02 4.548446839094258820e+01 6.019835896056831359e+01
2.486365766752144282e+02 4.556629626428226487e+01 6.029282277350390729e+01
2.486779644196015511e+02 4.556462513165772066e+01 6.033255859368747309e+01
2.486998075956499292e+02 4.554322374929169115e+01 6.035841632971894910e+01
2.487228384923950557e+02 4.550313257332014416e+01 6.034546024977350243e+01
2.487496406424576492e+02 4.563055163383627644e+01 6.046789472504745788e+01
2.487613961960923632e+02 4.566423360001024179e+01 6.022154992748821201e+01
2.487050354875577511e+02 4.582002990110864715e+01 6.007923153510498793e+01
2.487590431645233195e+02 4.590936186424128351e+01 6.011913382827031427e+01
2.487477486129919271e+02 4.596808520855542923e+01 6.015930503932924012e+01
2.487180171787311451e+02 4.606986102707426767e+01 6.015654542951629935e+01
2.487522753975342766e+02 4.625403136735144471e+01 6.022543322992800086e+01
2.487776689300589510e+02 4.648199370604072556e+01 6.037697806718465188e+01
2.486905235255135835e+02 4.641948310139164846e+01 6.028642316791681566e+01
2.482984284310241492e+02 4.589408156535825611e+01 5.970955586929309789e+01
2.476962508363666586e+02 4.491166687475789132e+01 5.901854893185172557e+01
2.472532054052496733e+02 4.403977423702551164e+01 5.852917919215784082e+01
2.472751958458588319e+02 4.395401824159711879e+01 5.859503526345950064e+01
2.475575212173016553e+02 4.428640395949584274e+01 5.893891401990632772e+01
2.479025460761997977e+02 4.485696449323383206e+01 5.936167215707366296e+01
2.481893534125360645e+02 4.530618863309675248e+01 5.977323178481446320e+01
2.483700118131789054e+02 4.567208023997720545e+01 5.999862659790051822e+01
2.485248572974391834e+02 4.593013257011873662e+01 6.013307914189580572e+01
2.486113848311099446e+02 4.617746019855104578e+01 6.027687338129035766e+01
2.486089997855059721e+02 4.618123145186849854e+01 6.023582818707721742e+01
2.485268261605887972e+02 4.616306028562922137e+01 6.017728091995530804e+01
2.484199633119159500e+02 4.616441127790423593e+01 6.004359030999189883e+01
2.482267009857121423e+02 4.610344054833639404e+01 5.983420251438230508e+01
2.481216757426455786e+02 4.613217314470664121e+01 5.976884586202591265e+01
2.481943828174271687e+02 4.625802351751007535e+01 5.983298277965059953e+01
2.482208840355611983e+02 4.631857806462353011e+01 5.984115916417757575e+01
2.483602955535706940e+02 4.638114629453552595e+01 5.996528077909355403e+01
2.484931570000288161e+02 4.654675489734700022e+01 6.015152562883567811e+01
2.486490269334076118e+02 4.667800603784699121e+01 6.027390247884672903e+01
2.486706396084043149e+02 4.683290594596671497e+01 6.037564948473410453e+01
2.487323082439341420e+02 4.703339383985939293e+01 6.049204611301594525e+01
2.487684937076414258e+02 4.720065756827793280e+01 6.057694413230760233e+01
2.487938584275346443e+02 4.730455591731414700e+01 6.068874674657369894e+01
2.487589407196114735e+02 4.737578394368090784e+01 6.065132233971372955e+01
2.487930676808713031e+02 4.740200663971084794e+01 6.061285747671779234e+01
2.487880094633487431e+02 4.732606614739901829e+01 6.058027359194270645e+01
2.487548333189270124e+02 4.727330061498960845e+01 6.048373206813867142e+01
2.487183437218876634e+02 4.722097687626255436e+01 6.046066595595509341e+01
2.487435163575711670e+02 4.724268879476762351e+01 6.051327782099672703e+01
2.487501688740343866e+02 4.722312181660439734e+01 6.044313507041486844e+01
2.486542740337363853e+02 4.708516693718526369e+01 6.036082058374391579e+01
2.483139488351693274e+02 4.638450456680208589e+01 5.982226448074835901e+01
2.478566027346388694e+02 4.546299977910315704e+01 5.908908225366000266e+01
2.474974724919404707e+02 4.478055659601169225e+01 5.869018097533958667e+01
2.475089815375060311e+02 4.477174313218915103e+01 5.870398222580779191e+01
2.477452291084411513e+02 4.507664800248429060e+01 5.897492020501788090e+01
2.479474553644317609e+02 4.539230958852360942e+01 5.923962185021913740e+01
2.481302843166444063e+02 4.563750508222804569e+01 5.938406277311973724e+01
2.482248697829128332e+02 4.586070053111284039e+01 5.958887896453805411e+01
2.482364268495308295e+02 4.583579681332295763e+01 5.958749275682459512e+01
2.481216693398385758e+02 4.550604905190435545e+01 5.933019915931144084e+01
2.479659210597926062e+02 4.513850231941682978e+01 5.905041570224386049e+01
2.478213200667172487e+02 4.482048129900147870e+01 5.877940088934989404e+01
2.477645335715177453e+02 4.469273249392533387e+01 5.868522840413237418e+01
2.477401612867080871e+02 4.475894392101497488e+01 5.878332901143861733e+01
2.478331780652638088e+02 4.492042911612450951e+01 5.887647064473065228e+01
2.479539286022992428e+02 4.530675528151541442e+01 5.922957264464741201e+01
2.480400559605330955e+02 4.582084305759644849e+01 5.949240467020742074e+01
2.481761060048725369e+02 4.637903656963212740e+01 5.986294151355954796e+01
2.483052762331005852e+02 4.677479406972016562e+01 6.009096788031872904e+01
2.484096740010820668e+02 4.697235588081814939e+01 6.027326539955116402e+01
2.485319195935498158e+02 4.710751913638939214e+01 6.016808969052032552e+01
2.485909694810204655e+02 4.715564583513412344e+01 6.007918351405255919e+01
2.486174578935405179e+02 4.714999215656143861e+01 5.999842490948031326e+01
2.485151922602869092e+02 4.705866892045472838e+01 5.976957898342633513e+01
2.484520157637108184e+02 4.683998104769131032e+01 5.978807029001514195e+01
2.483864670271447039e+02 4.668102816274654998e+01 5.972562691483946651e+01
2.483854041611842547e+02 4.666346846457486919e+01 5.978152021846377551e+01
2.484216984726103874e+02 4.680690734818143994e+01 5.984340975083476621e+01
2.485161014588795751e+02 4.713388909698011275e+01 6.002865256128286831e+01
2.485981214164289668e+02 4.753805988545378369e+01 6.024530434142327806e+01
2.483917557457189105e+02 4.785217199220138440e+01 6.022803917237316540e+01
2.478222324667134160e+02 4.730101836645184932e+01 5.954572084401802101e+01
2.470557044208180741e+02 4.615743541968799235e+01 5.862521809561311414e+01
2.465392315991330463e+02 4.531186472149390454e+01 5.801922442798922930e+01
2.464876025649644760e+02 4.507164100741765367e+01 5.788692642854627479e+01
2.467140634454144674e+02 4.523926329302766192e+01 5.813899533555510857e+01
2.470339284742431119e+02 4.569845340197142747e+01 5.845555651597660329e+01
2.473918197737888249e+02 4.620273848054987553e+01 5.892775392732173856e+01
2.476692662063048544e+02 4.646559291593434438e+01 5.913631896223304096e+01
2.478930219008013012e+02 4.651801269676626305e+01 5.930897065273416047e+01
2.480533481878455575e+02 4.678148180162182967e+01 5.940130873374887699e+01
2.482013810854678582e+02 4.688626693942624257e+01 5.950559445260802249e+01
2.482421765702083860e+02 4.682263584355381170e+01 5.943311787887810027e+01
2.481531455390042993e+02 4.675368721647570425e+01 5.944501749567010052e+01
2.481468996007849910e+02 4.673374247270002968e+01 5.941645777508859538e+01
2.481954200721596351e+02 4.682420773267000413e+01 5.936911862160371101e+01
2.483216418077685148e+02 4.700555763646782736e+01 5.951940850869021205e+01
2.484676962380307543e+02 4.717406030803904571e+01 5.965868876915639873e+01
2.485511696327669995e+02 4.738001940050518357e+01 5.990051638638379217e+01
2.486361028674971010e+02 4.778954293562297551e+01 6.017371455646155454e+01
2.487255468797520734e+02 4.808479237297630959e+01 6.031877014883324506e+01
2.487800283644349690e+02 4.820094889599600663e+01 6.038340648540319933e+01
2.488627782419812888e+02 4.819379696058751961e+01 6.046062113630615897e+01
2.488774822882351714e+02 4.838311195628163119e+01 6.058015834141687606e+01
2.489469335356620263e+02 4.867902728556199321e+01 6.072320345239352690e+01
2.489615447412145386e+02 4.884353460557107951e+01 6.081558955446067216e+01
2.489571460128120179e+02 4.906812266497632891e+01 6.096699673136703268e+01
2.489165073968427748e+02 4.924267278775015200e+01 6.101536673677740197e+01
2.488826109366346202e+02 4.941865713928986281e+01 6.104988747066713728e+01
2.488454746560892374e+02 4.947598467168006664e+01 6.103266071845897045e+01
2.487153504096195888e+02 4.935000624273681780e+01 6.086730502652363128e+01
2.483936093583427009e+02 4.899090161126638066e+01 6.043941503955333872e+01
2.480192980602696196e+02 4.842096214980647773e+01 6.008244574421426165e+01
2.478331268428078999e+02 4.809269983960968631e+01 5.981040648220179889e+01
2.479128674010686382e+02 4.793243758063535154e+01 5.994349522830808752e+01
2.481586967726651380e+02 4.825504301085595671e+01 6.015186177620268637e+01
2.484523006886219036e+02 4.875366800805473133e+01 6.055270950784824180e+01
2.486838902174713439e+02 4.940212829304366693e+01 6.102084753956134477e+01
2.489425540156804857e+02 5.000807073821162874e+01 6.136707932757720840e+01
2.491641263529931507e+02 5.053194520477777729e+01 6.171091646577859535e+01
2.493107890499194923e+02 5.089492033307401897e+01 6.182547228705064413e+01
2.493349180280634982e+02 5.096191290261650408e+01 6.186971568335558658e+01
2.493625941612802990e+02 5.095140269494146423e+01 6.186202911356338774e+01
2.492785701251428634e+02 5.081768327234659921e+01 6.170912688122472645e+01
2.491924555725229879e+02 5.069501509461748157e+01 6.160318283535502104e+01
2.491551304091713916e+02 5.067144316068164045e+01 6.150635638663990079e+01
2.491735961045322370e+02 5.072376049660171304e+01 6.161965405633829818e+01
2.492197443359168574e+02 5.087924626156107166e+01 6.167528804627949057e+01
2.492221742011697927e+02 5.094240034831270236e+01 6.172488739063205543e+01
2.492995937418964445e+02 5.106220647131702606e+01 6.179951530751080924e+01
2.493346811242048489e+02 5.120489302510220142e+01 6.199620313545458572e+01
2.494300381287156370e+02 5.138293587908939486e+01 6.217095494664861377e+01
2.494759302478206564e+02 5.152176154025924859e+01 6.230807746115897316e+01
2.495466844664701114e+02 5.171620198294932180e+01 6.244395142830617118e+01
2.496067844142872332e+02 5.193324753571965857e+01 6.253988788684959133e+01
2.497118384699852527e+02 5.219948905600215028e+01 6.258419531122444113e+01
2.497608743673226286e+02 5.235392796201855248e+01 6.267587390311912543e+01
2.497564244164641707e+02 5.229515339524847661e+01 6.259646308941839976e+01
2.496538642540890010e+02 5.192138633576960416e+01 6.235554787218716655e+01
2.494130963014185340e+02 5.140933465231157129e+01 6.183168300983150800e+01
2.491372505706501670e+02 5.091396868387101193e+01 6.142178811190826337e+01
2.489978006357987397e+02 5.052899351075511447e+01 6.116616244561615900e+01
2.490349145065196694e+02 5.049867942105819196e+01 6.119365289743023339e+01
2.492534487119152971e+02 5.075703588453178128e+01 6.142863911538818655e+01
2.494615815573547479e+02 5.115576428706344814e+01 6.172805357868890042e+01
2.495866956073542724e+02 5.119657898022492759e+01 6.195035263459500641e+01
2.496798564490672732e+02 5.123402259550586990e+01 6.199549242387863046e+01
2.496706203999833633e+02 5.112738384507768075e+01 6.203742120545647509e+01
2.496728357712021023e+02 5.100762574312578579e+01 6.195958548227542906e+01
2.496970832012754329e+02 5.082787974247910512e+01 6.196988119591628674e+01
2.496904306848122133e+02 5.075131817788918909e+01 6.183951044137749875e+01
2.496885162455220382e+02 5.098344234112234830e+01 6.194783313004420933e+01
2.496656422175481680e+02 5.116857310244811430e+01 6.207333454986665799e+01
2.496261529054337416e+02 5.119562816338682865e+01 6.199569091089533401e+01
2.496123260437375677e+02 5.120618639211430434e+01 6.202000877184557481e+01
2.496208225686140736e+02 5.128766211106949413e+01 6.211861520090407396e+01
2.496776570848660128e+02 5.140844146073638399e+01 6.221461568751740856e+01
2.497293437442974948e+02 5.154255785736467033e+01 6.221166719489824004e+01
2.497789270816325882e+02 5.170826570368449637e+01 6.234069656137250348e+01
2.497078751324580708e+02 5.179800424506103695e+01 6.226543476660167897e+01
2.496888363858715536e+02 5.179871815804048651e+01 6.225372083121240507e+01
2.497121874229662239e+02 5.194254441146998857e+01 6.230356028082711362e+01
2.496787295550369379e+02 5.194372893076324971e+01 6.231343981201358417e+01
2.496697752294605834e+02 5.200599302734318741e+01 6.230105998469728945e+01
2.496995738931947812e+02 5.236037238725457144e+01 6.247749893553334033e+01
2.497800059546104876e+02 5.260891334761159044e+01 6.249959822386134078e+01
2.496360292352167107e+02 5.219063717533767033e+01 6.219044509112794827e+01
2.492365613084776328e+02 5.132928675931528062e+01 6.155849444396423564e+01
2.489587403117526776e+02 5.060280186833907834e+01 6.107466313231720534e+01
2.488903615344967193e+02 5.049580135931592650e+01 6.097866264570387784e+01
2.490435967127988874e+02 5.066379180632789314e+01 6.129374477771055041e+01
2.492044736412443342e+02 5.084201073750732292e+01 6.153779737036716568e+01
2.492842846303819613e+02 5.075490374980391550e+01 6.146099890191860027e+01
2.492358345898842060e+02 5.034288952276678231e+01 6.120031501810393593e+01
2.489981111719377793e+02 4.971322147629521027e+01 6.076342908731187720e+01
2.486799716995930964e+02 4.898820923092684154e+01 6.007310725021849862e+01
2.484135893175568128e+02 4.874634319685750228e+01 5.977381764165409805e+01
2.480864731098113509e+02 4.840780118003733179e+01 5.953870656895983160e+01
2.477832681847721972e+02 4.802710308199114309e+01 5.920046868547171215e+01
2.475272551486571615e+02 4.745478177633074068e+01 5.880821352080752007e+01
2.474726071909925338e+02 4.722963987412081366e+01 5.885493480341781947e+01
2.475559205155540212e+02 4.731672445199975385e+01 5.894362648585139652e+01
2.476859583241293024e+02 4.725837247049106082e+01 5.899608148212175962e+01
2.478458076020527301e+02 4.725923044662780370e+01 5.902504137814017326e+01
2.479832566597196148e+02 4.761506324372604837e+01 5.930415574187723848e+01
2.480898281806744023e+02 4.818357487922705218e+01 5.958942000172875453e+01
2.481747742210184811e+02 4.871277648120936021e+01 5.981190794044108827e+01
2.482857284633583390e+02 4.912006223528394599e+01 5.999585098107009884e+01
2.483900782102873848e+02 4.962626495455607767e+01 6.028563242125347443e+01
2.484307008192391493e+02 5.021394659418689344e+01 6.044183530059578402e+01
2.483193335958484340e+02 5.062848032577481661e+01 6.059086383470513226e+01
2.482477726235181592e+02 5.093407990062843282e+01 6.081875574251751715e+01
2.481535617214586864e+02 5.097819203939006627e+01 6.079657321769863643e+01
2.478893594952026831e+02 5.047223582818707399e+01 6.049768378457115858e+01
2.469581928717549886e+02 4.820818726929886111e+01 5.912019349282725500e+01
2.457138233401523166e+02 4.489364937588639037e+01 5.724643443685711475e+01
2.449372204774573163e+02 4.257520577020965646e+01 5.595208779528945797e+01
2.448725809394838677e+02 4.194012094902404897e+01 5.571609953803747572e+01
2.453502847648408931e+02 4.235692767709363693e+01 5.603153062302513376e+01
2.461243136991257074e+02 4.345031261705131698e+01 5.683405204841802316e+01
2.467654363673034368e+02 4.463479349346753366e+01 5.773113332885137083e+01
2.472407423414424841e+02 4.542124387331406155e+01 5.843138912099064441e+01
2.475680858488361196e+02 4.602354312130437819e+01 5.886050844690312545e+01
2.477736319602513788e+02 4.633013833264503489e+01 5.911342252443471068e+01
2.478825052903192727e+02 4.635688285744470249e+01 5.914518684991499953e+01
2.477980970857624072e+02 4.637554383841876415e+01 5.894670943741736124e+01
2.476569504070584458e+02 4.624114891968638830e+01 5.867931861328005994e+01
2.473958503407893943e+02 4.616217669826451697e+01 5.852896149672016435e+01
2.473875202888946490e+02 4.611562188863597811e+01 5.848085080499291166e+01
2.474568242717607518e+02 4.636515208267304189e+01 5.865146640287101576e+01
2.476570048309178844e+02 4.658185828667287609e+01 5.891522683544465622e+01
2.477394601793426148e+02 4.679532787173896935e+01 5.915800847091365000e+01
2.477929812429769072e+02 4.701899072553407422e+01 5.933279229614262817e+01
2.478517558097470044e+02 4.737353015562022307e+01 5.953703543633528739e+01
2.479622330429660337e+02 4.773921046986998817e+01 5.977231298201131438e+01
2.480449765177053507e+02 4.808080982702816897e+01 5.987375585456663885e+01
2.481617541130031270e+02 4.832203878180194323e+01 5.992948268520919441e+01
2.482077294685990410e+02 4.854193998649007824e+01 6.001092318872593978e+01
2.484025764895330042e+02 4.889725415622208970e+01 6.024872023895275674e+01
2.485063403796224293e+02 4.938725137100104945e+01 6.047443519238834142e+01
2.484165698242109386e+02 4.955185153171149892e+01 6.029412894612998031e+01
2.477040334482637149e+02 4.829143336438694689e+01 5.941974241507477217e+01
2.465165624609828967e+02 4.607767565300628121e+01 5.813220195733809703e+01
2.459677426583814395e+02 4.508440180174988399e+01 5.751537153888264697e+01
2.462083313324561402e+02 4.541651219894801983e+01 5.781743996568095412e+01
2.469363689041275620e+02 4.613905296081802021e+01 5.868579825395453042e+01
2.475561125997637362e+02 4.696262361419245934e+01 5.931608737270419596e+01
2.478579985465628113e+02 4.773567612041118480e+01 5.977865176093199295e+01
2.481418798001043626e+02 4.827673572094006005e+01 6.022517391624488425e+01
2.483369413150725222e+02 4.880601735800975405e+01 6.056374154429301626e+01
2.483336470708758839e+02 4.902636035638023770e+01 6.042819732170583791e+01
2.483460493080166316e+02 4.898811318882197696e+01 6.026633115958036058e+01
2.482946603791102120e+02 4.891456414492113680e+01 6.017208824348594476e+01
2.482527283961288731e+02 4.886798692546812362e+01 6.010274264237441599e+01
2.482324026853372629e+02 4.877653883462510009e+01 6.005346984117836939e+01
2.482842109981015710e+02 4.877199284166178472e+01 5.996972112574152192e+01
2.483918453850167793e+02 4.894067799323223511e+01 6.001086876486651533e+01
2.485765535610811696e+02 4.913743945345639474e+01 6.020694512474268834e+01
2.487292925218415860e+02 4.945990402192320801e+01 6.042640453574847470e+01
2.488351917480623570e+02 4.980490326959338887e+01 6.068046791713486954e+01
2.489391733335894514e+02 4.995682907386598259e+01 6.096222343875555083e+01
2.490187378146579533e+02 5.012485153491290646e+01 6.106543668744377840e+01
2.490141053838002563e+02 5.026724676098001510e+01 6.112722057349942162e+01
2.489729193278333241e+02 5.029987546540403542e+01 6.115901691301466769e+01
2.489550170794876465e+02 5.029992988926345276e+01 6.115336003303848145e+01
2.489303118487144673e+02 5.046801957978377828e+01 6.111016349567650252e+01
2.487613193624084715e+02 5.014881404007516608e+01 6.081399525552001961e+01
2.481469732330653812e+02 4.899611989896370545e+01 5.990417879198240314e+01
2.475008755838559580e+02 4.763754349906999153e+01 5.903060861881849064e+01
2.472496742571943571e+02 4.706080425658608846e+01 5.871552648681181807e+01
2.474553356191354396e+02 4.707432058214320847e+01 5.889123231624743937e+01
2.477662367181772538e+02 4.745663218755102264e+01 5.915503436706651996e+01
2.480832460950881000e+02 4.797090884643827735e+01 5.948046663657347466e+01
2.483730307366749628e+02 4.847122738608606340e+01 5.991283858843716814e+01
2.485986176339707470e+02 4.884038122312821883e+01 6.017363772277766287e+01
2.487347669218185331e+02 4.921975073872385309e+01 6.040316554777614755e+01
2.487693933020236159e+02 4.927185037920624211e+01 6.046840694960670959e+01
2.487342482944522999e+02 4.925627875260514088e+01 6.043184692169047167e+01
2.486468627846447816e+02 4.924359479195679512e+01 6.036569952267073802e+01
2.484945848259877152e+02 4.920997685385273002e+01 6.025088758911906694e+01
2.483914580151938480e+02 4.912931108998184726e+01 6.011807736511686784e+01
2.483279805866891934e+02 4.914988651024609112e+01 6.008794255401568307e+01
2.483398417866392549e+02 4.924459042844382850e+01 6.012237685001104381e+01
2.483464494834535401e+02 4.933859644067959493e+01 6.015610043443045640e+01
2.484017057077822983e+02 4.953506337178218644e+01 6.019144713042197736e+01
2.484735708134446099e+02 4.953296325108927789e+01 6.021151352753047092e+01
2.485420968552613488e+02 4.964856272990078878e+01 6.027753607181388418e+01
2.486467187214875025e+02 4.983739431366711159e+01 6.033427134455745744e+01
2.487203958215281716e+02 4.999472088563626215e+01 6.045654895106014237e+01
2.487745315546335405e+02 5.010813380586048993e+01 6.054805466716608464e+01
2.488493707641430035e+02 5.032574920845298294e+01 6.072441678431824386e+01
2.488698533437058700e+02 5.046419710401039538e+01 6.081383518534525479e+01
2.485999462164212730e+02 4.995199495458809480e+01 6.044082365709127203e+01
2.477766348767299576e+02 4.859788131116681598e+01 5.941505876176115919e+01
2.470312809135525072e+02 4.728581810265620788e+01 5.858699974068631633e+01
2.468811799092722197e+02 4.711310558548867533e+01 5.857353783898861366e+01
2.472619644452127829e+02 4.788305913312396456e+01 5.899431110598886363e+01
2.476944484461988054e+02 4.881839718532604877e+01 5.947587902536471915e+01
2.480357884896738767e+02 4.945854662684120484e+01 6.003259028758207450e+01
2.482882383636986390e+02 5.015485508847078222e+01 6.036437094022019068e+01
2.484636688724336864e+02 5.046122620156676675e+01 6.056854364953595393e+01
2.486270236871844759e+02 5.063934909064133905e+01 6.077979466197981395e+01
2.486985750553042465e+02 5.083522376209729998e+01 6.073596424672576433e+01
2.486678191719249753e+02 5.078146579460435106e+01 6.077034411886170773e+01
2.485800558965050300e+02 5.073635801935568423e+01 6.070169962511565132e+01
2.484719220906445400e+02 5.069122463287905589e+01 6.065490791162845596e+01
2.484457250058425473e+02 5.086943395984799565e+01 6.065355051654645280e+01
2.485465852229617383e+02 5.107156097233026770e+01 6.088247647768781690e+01
2.486101714991852418e+02 5.137625775139821371e+01 6.097419348642444703e+01
2.487104106440263536e+02 5.170058553669928614e+01 6.105532985660913425e+01
2.488434225564487576e+02 5.188387228961176589e+01 6.118878996552088267e+01
2.489425892311189159e+02 5.213150725277962039e+01 6.137421525596821681e+01
2.489997214778959176e+02 5.234620937819139641e+01 6.145646251316577491e+01
2.490048981473478023e+02 5.246729926399733301e+01 6.157395402144300078e+01
2.490173804195759431e+02 5.261509205635750419e+01 6.158990661506004471e+01
2.490682507211161294e+02 5.276864097220221339e+01 6.159824627116528006e+01
2.490669733611215122e+02 5.299344992844863356e+01 6.163530891943027967e+01
2.491199693945825970e+02 5.323985555267429248e+01 6.168949267358809863e+01
2.489630846162957880e+02 5.299130498810678347e+01 6.140476624952378870e+01
2.480022537880606990e+02 5.121090846226985605e+01 6.011503923319983755e+01
2.469387827623630187e+02 4.898520951585174998e+01 5.887728700262194792e+01
2.466717152799787414e+02 4.834208597048946388e+01 5.865078770533001773e+01
2.470912752150542815e+02 4.919062436972368602e+01 5.924280404529345390e+01
2.476348287089059852e+02 5.026280961573554151e+01 5.989460019272448932e+01
2.480488182018997065e+02 5.117821893117942977e+01 6.041399589580071705e+01
2.483581153977903853e+02 5.175298931051372620e+01 6.085103549396055200e+01
2.485874479371756536e+02 5.220140029388883818e+01 6.115557540425722749e+01
2.487266097457125227e+02 5.248836770039985566e+01 6.129150699666733715e+01
2.487604837960961959e+02 5.257842638212592590e+01 6.134599808556070855e+01
2.487016644096771927e+02 5.257396362565348369e+01 6.131552712709251551e+01
2.486454669727208397e+02 5.242535767680551118e+01 6.120223906160460814e+01
2.485828411175459394e+02 5.233012872843454488e+01 6.113567548013048736e+01
2.485560805857287789e+02 5.228996712158610194e+01 6.108201035333890161e+01
2.486094799960302737e+02 5.242213066208226024e+01 6.116539731018078641e+01
2.487129205443666535e+02 5.267602436908340735e+01 6.128594936019950978e+01
2.488274315459897537e+02 5.301240543854425624e+01 6.140386345373811849e+01
2.489532114879162918e+02 5.327640277497655319e+01 6.164179176150824446e+01
2.490828971421071003e+02 5.354713266295944152e+01 6.176019566978163056e+01
2.491568367572343732e+02 5.365769633407285966e+01 6.183320367649177740e+01
2.492013842868713596e+02 5.374925967544171357e+01 6.188960920467533100e+01
2.491775914560943477e+02 5.365621728565803039e+01 6.193868992166165555e+01
2.491921898560328827e+02 5.363774518749019649e+01 6.192961074134900912e+01
2.492127780819110967e+02 5.372603989589035933e+01 6.191637934070296723e+01
2.492188351373241915e+02 5.367747140346327939e+01 6.194617160163015512e+01
2.492435979933602823e+02 5.383395280490967139e+01 6.196298857419092343e+01
2.492422534038922777e+02 5.390383944321190057e+01 6.204520701875702571e+01
2.488998633000707628e+02 5.313087657629104399e+01 6.153313292547452562e+01
2.477370495225106595e+02 5.077488050761454019e+01 6.004730713944993425e+01
2.465256192314710688e+02 4.820105774371484131e+01 5.876353473362722468e+01
2.463060733825709292e+02 4.776914999535796369e+01 5.852704065462298644e+01
2.468738679036889891e+02 4.868576944132307460e+01 5.919088368340680262e+01
2.474720885636263006e+02 4.995566696439718868e+01 5.993130108239451914e+01
2.478932716102739562e+02 5.088872881871412091e+01 6.047394857905705834e+01
2.481674910280667063e+02 5.147430393484503952e+01 6.076387088099422584e+01
2.483494812125635747e+02 5.185427531429778725e+01 6.103524425107967488e+01
2.484797591264010066e+02 5.218224949817999914e+01 6.109054529505735331e+01
2.485034463108626710e+02 5.235988257251979405e+01 6.105232694013055550e+01
2.484514843307305796e+02 5.223268440884483965e+01 6.095970073280125945e+01
2.483575519507752176e+02 5.212435851877462767e+01 6.083548307578042369e+01
2.482742546332312088e+02 5.206484122639365353e+01 6.070850580894664006e+01
2.482275845730768253e+02 5.210433053850807994e+01 6.069914810652990411e+01
2.482795145391739879e+02 5.230979341343245181e+01 6.070455527703344956e+01
2.484000569849822284e+02 5.254267951069748932e+01 6.090287902216331872e+01
2.485308631303963693e+02 5.282771326949734458e+01 6.108795856103315458e+01
2.486580228772293708e+02 5.314994733691250417e+01 6.127417139674032853e+01
2.487664448094044474e+02 5.336224200689582631e+01 6.144261324164513383e+01
2.488445206378476371e+02 5.353620947423350174e+01 6.158237051123212069e+01
2.489299853055579490e+02 5.375435630980621937e+01 6.167480463435170179e+01
2.490101708589045302e+02 5.400863098382330918e+01 6.183406165262851317e+01
2.490489814734779657e+02 5.426370280731072171e+01 6.198649007724986859e+01
2.490865915617406756e+02 5.439635616254165740e+01 6.196652612505322111e+01
2.490872062312117521e+02 5.448549284006108451e+01 6.200275640840944646e+01
2.491014044557133786e+02 5.462627455876656057e+01 6.200597381892221449e+01
2.491225337187823072e+02 5.464115468221267946e+01 6.203729635072015469e+01
2.491327397931252960e+02 5.473254514779279134e+01 6.208947602628992257e+01
2.491865361774601979e+02 5.486204512058085925e+01 6.211484074618312690e+01
2.492101241184135176e+02 5.494596030899946726e+01 6.215502156145254276e+01
2.489644548169917755e+02 5.441888443893802929e+01 6.172696830290399106e+01
2.478895387737984208e+02 5.226663849431590592e+01 6.030041970399823015e+01
2.466169648774022392e+02 4.965179934883452972e+01 5.899752531509813736e+01
2.464108137007264077e+02 4.910627058902623077e+01 5.881405928358992696e+01
2.469471000086437869e+02 4.986002183357183526e+01 5.953556919353444243e+01
2.475925477729436466e+02 5.104730073664294565e+01 6.016800005122245665e+01
2.480416854749122137e+02 5.199554044493105920e+01 6.057693772950061373e+01
2.482716326837685585e+02 5.240498714636496658e+01 6.085652910235847202e+01
2.484336333048408392e+02 5.263879204643315290e+01 6.098738326882505589e+01
2.484994509593005603e+02 5.269519117180971790e+01 6.105762526291525916e+01
2.485166649058947428e+02 5.264712850113490106e+01 6.094730169706399181e+01
2.484697547404782370e+02 5.247473292291340385e+01 6.079471000086437726e+01
2.483935901499217209e+02 5.229808908225366082e+01 6.067395626242544893e+01
2.483046487580155031e+02 5.216518921895358574e+01 6.041702762491075873e+01
2.482640677673092000e+02 5.215901371161117339e+01 6.030203641276335702e+01
2.483160841713007017e+02 5.223541200462282319e+01 6.038903775415141695e+01
2.483786716096336704e+02 5.239432327132215050e+01 6.048512467865912612e+01
2.484928272554687965e+02 5.263459180504733581e+01 6.063581153977904137e+01
2.485614589436008828e+02 5.284731226169552798e+01 6.071618597593185029e+01
2.486457230850004692e+02 5.293855866411834654e+01 6.076844568658900414e+01
2.487066874117613224e+02 5.300393452489571189e+01 6.079073705912671954e+01
2.487939224556045303e+02 5.318785515570026234e+01 6.101494415151602624e+01
2.488741112103546129e+02 5.345135307318728479e+01 6.112830264788082957e+01
2.488930859288712156e+02 5.353232297039021859e+01 6.112287947035980551e+01
2.489322390936186480e+02 5.367681831715023577e+01 6.118245438800369840e+01
2.489529169587947308e+02 5.379589131875414409e+01 6.125654767049874749e+01
2.489876009642627253e+02 5.387439293386220385e+01 6.129884781488204482e+01
2.490237992335840147e+02 5.389257690571546533e+01 6.130554515099419888e+01
2.490081539747025090e+02 5.392170007331213810e+01 6.135824345393019996e+01
2.490595076881704983e+02 5.408539103542993587e+01 6.143261525852933858e+01
2.490926806311886992e+02 5.418852745043427177e+01 6.143962633218402658e+01
2.491303995671702580e+02 5.437618411911782346e+01 6.160453382763003560e+01
2.492269282853603158e+02 5.473630359549626689e+01 6.179777694541287048e+01
2.492526931806904145e+02 5.494445244795318217e+01 6.188130796541203438e+01
2.489652967861110255e+02 5.447542122466489189e+01 6.143800322061191821e+01
2.480433918229751953e+02 5.273773782426215462e+01 6.021991721170561362e+01
2.469876457839116597e+02 5.060372707394922287e+01 5.907040526566846950e+01
2.468469120862586124e+02 5.027306050972746476e+01 5.901362197187246750e+01
2.473924920685228415e+02 5.103721631563277583e+01 5.968376856413851783e+01
2.479866341404071477e+02 5.208191431123404413e+01 6.046488860716538483e+01
2.484068535646027271e+02 5.281121323588261163e+01 6.084460387433851025e+01
2.486001222936135093e+02 5.329629629629629761e+01 6.119038426446154233e+01
2.487410576796867758e+02 5.365811891933423539e+01 6.129660683243533725e+01
2.488093884358902983e+02 5.383318126666731018e+01 6.139557822149230049e+01
2.488015129832918717e+02 5.388385948399778158e+01 6.140440128952532461e+01
2.487353175632197235e+02 5.382632706178388560e+01 6.137411281105636363e+01
2.486644000729920094e+02 5.370149473529195205e+01 6.124018849863779934e+01
2.486080297602468931e+02 5.359946600589698562e+01 6.112622493701238824e+01
2.486071013532332472e+02 5.349953739719492773e+01 6.112201829281957544e+01
2.486679280196438242e+02 5.365172571655413947e+01 6.117347765260289805e+01
2.487445824249350892e+02 5.391012379827316181e+01 6.122394457730268869e+01
2.488709930433502109e+02 5.411017309988699253e+01 6.140758348459964822e+01
2.489507880254703593e+02 5.433863805892503507e+01 6.150759532979257926e+01
2.490331409289832720e+02 5.439288904255625567e+01 6.155860009027957602e+01
2.490953762129317397e+02 5.450512064489071662e+01 6.163970124502581882e+01
2.491603358912547321e+02 5.463243726049500282e+01 6.174498580177549911e+01
2.491995882995105092e+02 5.467447809119517643e+01 6.174580536107029616e+01
2.492386934432055057e+02 5.476456238414920819e+01 6.187890371138707479e+01
2.492624766697720418e+02 5.488586676398933406e+01 6.187820900682859104e+01
2.492805998149588902e+02 5.496602350470445941e+01 6.187671715279978457e+01
2.492715974683301283e+02 5.492757785012949512e+01 6.189206788255971503e+01
2.492946923931451408e+02 5.498389373901518695e+01 6.192113342489347616e+01
2.492704001434228758e+02 5.501885306518377661e+01 6.195878192999811063e+01
2.492839324759974886e+02 5.513618450328623766e+01 6.209076299049502978e+01
2.492418692354728194e+02 5.515592435723821296e+01 6.203712667633490696e+01
2.492854755524822110e+02 5.528528666967598326e+01 6.214485390395149267e+01
2.493564442651658624e+02 5.537244487983532082e+01 6.223478452953774820e+01
2.493968203660484733e+02 5.550153187157249590e+01 6.227377122130342002e+01
2.493698485416006463e+02 5.535575276201086581e+01 6.210410003745641916e+01
2.489246293575103266e+02 5.448719598672057884e+01 6.139590476464881874e+01
2.479746384815102829e+02 5.262198467808287461e+01 6.014547817763307336e+01
2.470855479042012064e+02 5.076685779045533309e+01 5.927463560024715150e+01
2.471041224472809006e+02 5.078690497914285373e+01 5.925894232031322417e+01
2.475600695344839153e+02 5.160131641711726758e+01 5.974062549021491009e+01
2.480528007478478685e+02 5.245434638545538064e+01 6.035727663007462240e+01
2.483760112433290885e+02 5.309257498487336591e+01 6.070759020754698554e+01
2.485687741505876147e+02 5.349505543230151972e+01 6.099653608141809258e+01
2.486984950202168534e+02 5.377906794338638008e+01 6.117168166524204054e+01
2.487772015251486266e+02 5.392658861644945034e+01 6.133722623998360746e+01
2.487147997682183984e+02 5.380926358115397790e+01 6.125988033153734591e+01
2.486641375579053772e+02 5.373505504813309841e+01 6.115560421688868331e+01
2.486059072297295245e+02 5.372094966433284213e+01 6.115187138041317638e+01
2.485294737212794018e+02 5.362576553561081028e+01 6.104165346087724942e+01
2.485085493480341654e+02 5.366417917615082445e+01 6.095686428930443412e+01
2.485181599613270578e+02 5.370755819351203542e+01 6.093408950483892284e+01
2.485765215470462124e+02 5.387298111492078334e+01 6.099624795510352016e+01
2.487039406075623447e+02 5.408517974279924090e+01 6.115603960776404335e+01
2.488611583318126748e+02 5.432447504986186004e+01 6.131145814325000032e+01
2.490013093740295744e+02 5.444009373709434385e+01 6.151083194872632021e+01
2.491106917272532257e+02 5.466774553964457795e+01 6.168486664553740439e+01
2.491662456821070464e+02 5.479720069278371852e+01 6.187674916683474180e+01
2.492402429224972309e+02 5.493426558203115917e+01 6.197832969974036388e+01
2.492800107567157397e+02 5.503658563914419943e+01 6.207452867337040914e+01
2.492887665952753764e+02 5.527560242410272906e+01 6.203644477739040752e+01
2.493255283116118051e+02 5.538280782294958016e+01 6.210276185079538891e+01
2.492923265559621200e+02 5.548259877130134043e+01 6.212294029702621856e+01
2.493282431017758256e+02 5.553581890300707613e+01 6.211154330058297290e+01
2.493498909922109874e+02 5.553089194302782516e+01 6.201218134029958406e+01
2.493817929780415739e+02 5.548408422252315120e+01 6.206564798007446626e+01
2.494039755028604475e+02 5.544393862269218687e+01 6.209843035186625571e+01
2.494042220109296011e+02 5.548216978323296900e+01 6.191518841860271749e+01
2.494392773792030482e+02 5.559786530414933736e+01 6.204881179909272504e+01
2.494973348315901660e+02 5.581613059165137969e+01 6.220797917807166755e+01
2.495347720440641126e+02 5.584419089328761743e+01 6.217933622099928925e+01
2.493879332699455347e+02 5.553820715001456421e+01 6.184515451573970068e+01
2.488680477521345438e+02 5.463016746541683943e+01 6.108343177649081213e+01
2.482192257085506242e+02 5.334433335574316004e+01 6.023570333234089702e+01
2.479834071256838968e+02 5.296054590332401801e+01 5.995284972932133627e+01
2.481240159686006450e+02 5.310523013289025585e+01 6.026390449573092667e+01
2.484075866860031567e+02 5.366827056981780686e+01 6.077805950128536239e+01
2.487429721189769509e+02 5.426603342905529814e+01 6.113719614679074965e+01
2.489803914035913408e+02 5.464571348078997914e+01 6.139798247551726718e+01
2.491438710730784294e+02 5.496480697137624816e+01 6.169413470865627147e+01
2.492224527232738751e+02 5.518209262940873572e+01 6.178114885565832282e+01
2.492279911513207367e+02 5.532491684354420869e+01 6.176007401644881156e+01
2.492482464312354580e+02 5.535040001536673770e+01 6.169626364198064294e+01
2.491837477550157871e+02 5.537418004052976528e+01 6.172483296677263098e+01
2.491369656457390818e+02 5.532875212493156880e+01 6.166942947788310647e+01
2.491071253637594793e+02 5.521502546716480708e+01 6.169555293040468769e+01
2.491164094338958250e+02 5.518144274449918640e+01 6.180514977766252827e+01
2.491446874309697250e+02 5.526505700098923057e+01 6.189278499694265889e+01
2.491972576777659185e+02 5.551753888904895717e+01 6.194873912723338094e+01
2.492491332200036425e+02 5.570990482227408336e+01 6.214597119377135215e+01
2.493145474976229536e+02 5.590807810143967060e+01 6.218232633186389080e+01
2.493375591859471285e+02 5.598664054321414341e+01 6.222662095062475629e+01
2.493764850510463873e+02 5.614508760640664775e+01 6.222001005240697680e+01
2.494320870269526154e+02 5.622414626572289365e+01 6.230739236081097943e+01
2.494731226169552656e+02 5.629195199175318720e+01 6.232933478036771646e+01
2.495239480988465459e+02 5.634593405749080119e+01 6.245448404580567825e+01
2.495915585392636160e+02 5.642992928099678807e+01 6.252768413672554004e+01
2.496182806542388164e+02 5.651199725959860842e+01 6.258008150773299150e+01
2.496402614906374993e+02 5.654176070789434050e+01 6.258917669506311654e+01
2.496411930990546182e+02 5.656812426567807250e+01 6.260950880866171531e+01
2.496755249501381400e+02 5.670108175424105923e+01 6.261320642969877781e+01
2.497040046356322591e+02 5.679391925420104315e+01 6.268072723081799325e+01
2.497426039575749996e+02 5.696155434542503571e+01 6.270688589877802599e+01
2.497988654226012670e+02 5.711575634758278142e+01 6.276019246837813625e+01
2.498230072063592786e+02 5.725679737997138119e+01 6.291919977718231394e+01
2.498128459516652242e+02 5.723758575759612910e+01 6.276053821995562743e+01
2.496358019355685656e+02 5.681185671798516523e+01 6.236839510441377854e+01
2.491217141594875102e+02 5.570693391983045473e+01 6.153361953880581581e+01
2.484993773270201700e+02 5.451520506590089354e+01 6.064992972919327485e+01
2.483600970665539762e+02 5.421550247628560015e+01 6.044537285145808170e+01
2.485491463457579755e+02 5.433903183155495498e+01 6.091851467683432730e+01
2.489582889138598318e+02 5.498257796217861681e+01 6.142475901435189201e+01
2.492278086713214975e+02 5.557007392040670624e+01 6.190744742495110131e+01
2.494504310689806346e+02 5.602284841674590155e+01 6.219018897884832597e+01
2.495676760691887353e+02 5.627138617569942625e+01 6.241128430704020502e+01
2.496507172744531147e+02 5.648685023514308767e+01 6.249235344775149770e+01
2.496844952827319446e+02 5.662932869770106947e+01 6.264749666253685945e+01
2.497049842651018139e+02 5.664017825414661900e+01 6.261371865425802952e+01
2.496696503747242843e+02 5.658733908945681890e+01 6.249539157966852798e+01
2.496593642652939025e+02 5.661854957213242301e+01 6.251109446381293822e+01
2.496558811382910221e+02 5.671448923207934456e+01 6.244043948867183502e+01
2.496861568111460201e+02 5.681690212989374800e+01 6.247908042886001567e+01
2.497570070719003184e+02 5.691756065859272695e+01 6.255903868255843037e+01
2.497863095180927360e+02 5.688142001453437047e+01 6.251270476977106938e+01
2.498141425200807930e+02 5.686112311637421612e+01 6.248769540566584624e+01
2.498813591878679574e+02 5.692010577437148555e+01 6.261012988093980169e+01
2.499237425687421421e+02 5.707130806145413970e+01 6.276891309149931431e+01
2.500079138694403582e+02 5.717300064348210498e+01 6.287981290997973360e+01
2.500277657725146696e+02 5.724889631614500018e+01 6.295700194965473173e+01
2.500230821192010637e+02 5.732040606601934485e+01 6.298024093762705888e+01
2.500657792376177611e+02 5.747715958676283776e+01 6.310033838834944930e+01
2.501017181932559197e+02 5.761161853356511386e+01 6.306210082500167857e+01
2.500857591968319014e+02 5.763440292224110806e+01 6.302972503145378624e+01
2.500842449329786064e+02 5.767406511014429071e+01 6.312648745209899914e+01
2.500694448446198805e+02 5.766917016419998276e+01 6.310363263254610899e+01
2.500887268978720215e+02 5.762266657702736694e+01 6.311826304651959418e+01
2.501027170311464545e+02 5.759931874133620511e+01 6.314802009200833766e+01
2.501439190941308652e+02 5.771612194786194294e+01 6.329024244228669716e+01
2.502175545759260729e+02 5.792188255331137015e+01 6.340734337933750453e+01
2.502186366503075021e+02 5.801458879572804506e+01 6.338990213309514843e+01
2.501312063208510494e+02 5.788100383207998334e+01 6.319532403005477761e+01
2.498261285747671820e+02 5.738469985241530225e+01 6.266889484349938755e+01
2.493912339169492043e+02 5.658068657299359927e+01 6.210012709571876144e+01
2.490355611900257031e+02 5.594015936586599480e+01 6.164761191306268984e+01
2.489924126737161600e+02 5.580444226749006731e+01 6.157576921722483121e+01
2.491434132723786092e+02 5.610376389008941800e+01 6.181306044569939218e+01
2.493816040952353603e+02 5.657010593444165636e+01 6.221265322717479052e+01
2.496057535623617412e+02 5.698525113409719012e+01 6.247515550817478669e+01
2.497891747742210100e+02 5.727199124096003402e+01 6.272685305237816067e+01
2.498987588158648805e+02 5.750031533824428465e+01 6.288619970995284092e+01
2.499409212998978660e+02 5.757442462775680525e+01 6.295000688301751524e+01
2.499621786191066235e+02 5.760840112305234584e+01 6.298179361832227130e+01
2.499903477684617030e+02 5.768126186520170506e+01 6.292894805082548260e+01
2.499260859961006815e+02 5.770457448545442247e+01 6.294346961708012600e+01
2.498707529380880601e+02 5.761563949635520032e+01 6.284491761188105130e+01
2.498392159122559235e+02 5.757936439335004764e+01 6.282607735231125190e+01
2.498054122927491392e+02 5.759369707679847039e+01 6.283211840070686804e+01
2.498046183446822965e+02 5.760894536164654767e+01 6.278461597564372454e+01
2.498213328723312259e+02 5.763213952996994038e+01 6.288517846223784602e+01
2.498548291571024720e+02 5.771017374016768997e+01 6.286135681882937831e+01
2.499134820705397146e+02 5.773559288392031164e+01 6.295404385282508031e+01
2.499685718218867123e+02 5.778225333986419798e+01 6.293722688026430490e+01
2.499859074218137209e+02 5.777353271674301993e+01 6.298511987655388111e+01
2.499954123887912374e+02 5.776983189430246313e+01 6.305327135416166584e+01
2.499922429993308981e+02 5.779772572295694744e+01 6.303212608407525863e+01
2.500009540182416004e+02 5.798030496569695913e+01 6.306716224392773995e+01
2.499717796281890116e+02 5.805790698642285008e+01 6.306436421727285335e+01
2.499739373741448389e+02 5.810648508306041293e+01 6.304113163210751480e+01
2.500245323549844159e+02 5.816023664774637325e+01 6.309518412872203186e+01
2.500333106033685056e+02 5.817489267294781996e+01 6.304368635209675631e+01
2.500145023578336634e+02 5.814906374954779977e+01 6.298702791303707471e+01
2.500676936769079646e+02 5.827682215883443462e+01 6.308145651053421687e+01
2.500613420923733088e+02 5.828565483107794165e+01 6.306804903269593154e+01
2.498903935485316765e+02 5.805827834922830277e+01 6.283332212842110209e+01
2.495768256803782776e+02 5.744236673357600154e+01 6.230513857275029466e+01
2.493159144969154397e+02 5.680736835028476150e+01 6.186192346724804025e+01
2.491957722265441078e+02 5.660924949497859870e+01 6.185672438797168837e+01
2.492304306207841478e+02 5.685351658166940325e+01 6.197073597064953532e+01
2.494243652417219721e+02 5.725238584595486913e+01 6.231447706674606479e+01
2.496370472815282255e+02 5.760731264586394929e+01 6.251863056764085513e+01
2.498254050575772283e+02 5.791542852386486118e+01 6.288731379836920610e+01
2.499822386134081285e+02 5.808247775824921888e+01 6.302989790724253538e+01
2.500279162384789515e+02 5.810316842903929313e+01 6.308779528945489545e+01
2.500968968795920091e+02 5.816307629264669288e+01 6.319572420549168612e+01
2.501057263504320360e+02 5.814261612290828651e+01 6.317253643997528201e+01
