1.842210205730623329e+02 0.000000000000000000e+00 2.068172435564017420e+01
1.845124226751850642e+02 0.000000000000000000e+00 2.086983915129984268e+01
1.850047695221645370e+02 0.000000000000000000e+00 2.116963207945278214e+01
1.872221753339156294e+02 0.000000000000000000e+00 2.218741474233785027e+01
1.890543620845886892e+02 0.000000000000000000e+00 2.216273622710514957e+01
1.898155981039677442e+02 0.000000000000000000e+00 2.139479408945634731e+01
1.908362202354665271e+02 0.000000000000000000e+00 2.077686618186338663e+01
1.915337350461740868e+02 0.000000000000000000e+00 2.098630970489808334e+01
1.921201899957800663e+02 0.000000000000000000e+00 2.117751912879345610e+01
1.925790455067372022e+02 0.000000000000000000e+00 2.125376605788197892e+01
1.928548796006424766e+02 0.000000000000000000e+00 2.136398192946472108e+01
1.931667762544530262e+02 0.000000000000000000e+00 2.148403780287937792e+01
1.934742010723246608e+02 0.000000000000000000e+00 2.161654088605814295e+01
1.937219054535462419e+02 0.000000000000000000e+00 2.182923605863437189e+01
1.935073750944581263e+02 0.000000000000000000e+00 2.166212613390646169e+01
1.902586566173031031e+02 0.000000000000000000e+00 2.016323346124027083e+01
1.863320248224514160e+02 0.000000000000000000e+00 1.853545573798378143e+01
1.839047207801341983e+02 0.000000000000000000e+00 1.752050600115803292e+01
1.831751539953744157e+02 0.000000000000000000e+00 1.712216584721172552e+01
1.831035980777975283e+02 0.000000000000000000e+00 1.710161241253422659e+01
1.837603527745337715e+02 0.000000000000000000e+00 1.736525118502016696e+01
1.853846367737355649e+02 0.000000000000000000e+00 1.799033010458273196e+01
1.869405216378630712e+02 0.000000000000000000e+00 1.862547801538154602e+01
1.882540244887811411e+02 0.000000000000000000e+00 1.913864981304650925e+01
1.892665273102577430e+02 0.000000000000000000e+00 1.953472297188991647e+01
1.897926239241587041e+02 0.000000000000000000e+00 1.978922506714296503e+01
1.896718025718781462e+02 0.000000000000000000e+00 1.969815598103967602e+01
1.890443912316685839e+02 0.000000000000000000e+00 1.942346029160164989e+01
1.880976607096708904e+02 0.000000000000000000e+00 1.910261996591329137e+01
1.875405851006408398e+02 0.000000000000000000e+00 1.884216087487037683e+01
1.873804691665767166e+02 0.000000000000000000e+00 1.883939991690956006e+01
1.876260112335659187e+02 0.000000000000000000e+00 1.894097634539453168e+01
1.882243441907023680e+02 0.000000000000000000e+00 1.922043828571989366e+01
1.889967450791812666e+02 6.542554409518107975e-06 1.950639371129670252e+01
1.898365604482958418e+02 0.000000000000000000e+00 1.987077800785760928e+01
1.907041358757699641e+02 0.000000000000000000e+00 2.023735733142290627e+01
1.914258646803471606e+02 0.000000000000000000e+00 2.053762786604774249e+01
1.921372856904521313e+02 0.000000000000000000e+00 2.096240648236290838e+01
1.927801897995034324e+02 0.000000000000000000e+00 2.125510073898152186e+01
1.933514889218197368e+02 0.000000000000000000e+00 2.153594970084169802e+01
1.939141584148699167e+02 0.000000000000000000e+00 2.178764504025306437e+01
1.943816697253108430e+02 0.000000000000000000e+00 2.202092636027884254e+01
1.947870431252473793e+02 0.000000000000000000e+00 2.216889931335891362e+01
1.951575806942304609e+02 6.542554409518107805e-05 2.235935634349719336e+01
1.955266854437978168e+02 0.000000000000000000e+00 2.251211844640502946e+01
1.959685793824482971e+02 0.000000000000000000e+00 2.270209787007141244e+01
1.963478512615680529e+02 9.813831614277162386e-06 2.290400109914914140e+01
1.967586876944365315e+02 0.000000000000000000e+00 2.306397636829347420e+01
1.967104919673788288e+02 3.271277204759053987e-06 2.293715876489658001e+01
1.935642527912172852e+02 0.000000000000000000e+00 2.156932327088465229e+01
1.895124488454027016e+02 0.000000000000000000e+00 1.960035787772619997e+01
1.867999221436025152e+02 0.000000000000000000e+00 1.849545128904678393e+01
1.860624781233337046e+02 0.000000000000000000e+00 1.824091975229888973e+01
1.860568744254819364e+02 0.000000000000000000e+00 1.821148152873326254e+01
1.870424153802369176e+02 0.000000000000000000e+00 1.866200509664988516e+01
1.888420790929402528e+02 0.000000000000000000e+00 1.938207536368424400e+01
1.906967460605644362e+02 0.000000000000000000e+00 2.024341573680612072e+01
1.922617741444792330e+02 0.000000000000000000e+00 2.089978769410940984e+01
1.936133939173871568e+02 0.000000000000000000e+00 2.151333863280240521e+01
1.943935902594450056e+02 0.000000000000000000e+00 2.180071706396328324e+01
1.944050887988197189e+02 0.000000000000000000e+00 2.178983352470304879e+01
1.938319512187143232e+02 0.000000000000000000e+00 2.143710806009990577e+01
1.928345715117553425e+02 0.000000000000000000e+00 2.107099325789767974e+01
1.920794069828683348e+02 0.000000000000000000e+00 2.080907844849864574e+01
1.917746875112450198e+02 0.000000000000000000e+00 2.067422985956406833e+01
1.919053815781295498e+02 0.000000000000000000e+00 2.077641147433192259e+01
1.925048529397332686e+02 0.000000000000000000e+00 2.109414735795296636e+01
1.933498369268313297e+02 0.000000000000000000e+00 2.142850460105139021e+01
1.943030413064172706e+02 0.000000000000000000e+00 2.185494829746377832e+01
1.950460105138849372e+02 0.000000000000000000e+00 2.215711290159016755e+01
1.958071091396213887e+02 0.000000000000000000e+00 2.250851677020258990e+01
1.965557114864356549e+02 3.271277204759053987e-06 2.282292903618359858e+01
1.971430562234413060e+02 3.271277204759053987e-06 2.309891688011750333e+01
1.975937106424461263e+02 0.000000000000000000e+00 2.327634114187202030e+01
1.979457033409554185e+02 0.000000000000000000e+00 2.344512268925156562e+01
1.982941565175291316e+02 2.289894043331338003e-05 2.364780121102682031e+01
1.985964977706245804e+02 1.962766322855432477e-05 2.373380636001714095e+01
1.989050184663598202e+02 2.944149484283148716e-05 2.393298788646050923e+01
1.991670085151345688e+02 2.944149484283148716e-05 2.406561200689585078e+01
1.994023605536309560e+02 1.210372565760850039e-04 2.422961094700203688e+01
1.996792022009153129e+02 6.542554409518107975e-06 2.430375771612510505e+01
1.999416502284987018e+02 3.271277204759053987e-06 2.446837492762299249e+01
2.000204225835893226e+02 3.271277204759053903e-05 2.448220588764471373e+01
1.978568292818565055e+02 0.000000000000000000e+00 2.341487646021636237e+01
1.938377937198020220e+02 6.542554409518107975e-06 2.158832612016709618e+01
1.907359392327546459e+02 0.000000000000000000e+00 2.014243468077241417e+01
1.891822559381859321e+02 0.000000000000000000e+00 1.949630509239722542e+01
1.888967617626950073e+02 0.000000000000000000e+00 1.930962638743044479e+01
1.893831679702706197e+02 0.000000000000000000e+00 1.948246104726668548e+01
1.906963633211314573e+02 0.000000000000000000e+00 2.005375362702860187e+01
1.923040455885191307e+02 0.000000000000000000e+00 2.079535871190188701e+01
1.937704970051457281e+02 0.000000000000000000e+00 2.148451540935127468e+01
1.950578754363066025e+02 0.000000000000000000e+00 2.213307228541239269e+01
1.958828490207431798e+02 0.000000000000000000e+00 2.259150580161012201e+01
1.959855736675270066e+02 0.000000000000000000e+00 2.263061719187022192e+01
1.952347566660451150e+02 0.000000000000000000e+00 2.225027887638170654e+01
1.937476209636528495e+02 0.000000000000000000e+00 2.160003402128293004e+01
1.927015777369958585e+02 0.000000000000000000e+00 2.106311929366582447e+01
1.921729098992119589e+02 0.000000000000000000e+00 2.078806049245806875e+01
1.921276877631333662e+02 0.000000000000000000e+00 2.075303819870391919e+01
1.924595522930017637e+02 0.000000000000000000e+00 2.091676235152490548e+01
1.930872155215560895e+02 0.000000000000000000e+00 2.122523070682486690e+01
1.941044224396531206e+02 0.000000000000000000e+00 2.162442139284440756e+01
1.950931267194650900e+02 0.000000000000000000e+00 2.205985455901547709e+01
1.958995259919330181e+02 0.000000000000000000e+00 2.239795087195894041e+01
1.966355175651229388e+02 0.000000000000000000e+00 2.271627231419963167e+01
1.972847025264073864e+02 4.579788086662676006e-05 2.302930082992302729e+01
1.977147609841310327e+02 3.271277204759053987e-06 2.335305259232362118e+01
1.981410182177427544e+02 6.542554409518107975e-06 2.362911894691044168e+01
1.984846691593799051e+02 1.635638602379526951e-05 2.382823177653251179e+01
1.987387001907154627e+02 3.271277204759053987e-06 2.401577736995855261e+01
1.988999054600887746e+02 3.271277204759053987e-06 2.407843868481571192e+01
1.991152863512501199e+02 5.234043527614486380e-05 2.413227082249722599e+01
1.993305265774916393e+02 3.598404925234959429e-05 2.418979623214291408e+01
1.995555217523577767e+02 2.944149484283148716e-05 2.433946697809225768e+01
1.991199642776529117e+02 1.079521477570487829e-04 2.403889548596458425e+01
1.960025450536653011e+02 0.000000000000000000e+00 2.267939193499318051e+01
1.926938607940698205e+02 0.000000000000000000e+00 2.103054718653804045e+01
1.906268715794707589e+02 0.000000000000000000e+00 2.011183188252189424e+01
1.898858618670487601e+02 0.000000000000000000e+00 1.973274973748000605e+01
1.899021364711424269e+02 0.000000000000000000e+00 1.974295939363605612e+01
1.907182579794629191e+02 0.000000000000000000e+00 2.012173076734349308e+01
1.923040946576771830e+02 0.000000000000000000e+00 2.090150838591911509e+01
1.940098203741686973e+02 0.000000000000000000e+00 2.177515857516250009e+01
1.955867133805051594e+02 0.000000000000000000e+00 2.248505189881285204e+01
1.968827999515850991e+02 9.813831614277162386e-06 2.318527532704593952e+01
1.975257400446856479e+02 0.000000000000000000e+00 2.348279471754156944e+01
1.974036396230180230e+02 3.271277204759053987e-06 2.335250956030763092e+01
1.965791534588849458e+02 0.000000000000000000e+00 2.295029294287368771e+01
1.953772829425792850e+02 6.542554409518107975e-06 2.238242866162235600e+01
1.945323283969760269e+02 0.000000000000000000e+00 2.196699281300397999e+01
1.940737901999077621e+02 0.000000000000000000e+00 2.177423934626796509e+01
1.939986620476232417e+02 0.000000000000000000e+00 2.174002178670618335e+01
1.942283024361201456e+02 0.000000000000000000e+00 2.182585028672744798e+01
1.947106195471898218e+02 0.000000000000000000e+00 2.203305952743129481e+01
1.952959753476549736e+02 0.000000000000000000e+00 2.231555394172546869e+01
1.958928395013265060e+02 0.000000000000000000e+00 2.256517856266622246e+01
1.965647598391840063e+02 0.000000000000000000e+00 2.289916288016330270e+01
1.971531481136179877e+02 3.271277204759053987e-06 2.321161892237586244e+01
1.976721264283214055e+02 0.000000000000000000e+00 2.342222374881825075e+01
1.981287836409969429e+02 2.289894043331338003e-05 2.367831895607001869e+01
1.985594145722314465e+02 5.234043527614486380e-05 2.388458934021609892e+01
1.988665940443127340e+02 4.252660366186770480e-05 2.408565512232940975e+01
1.991437170214366859e+02 1.472074742141574460e-04 2.426378270868294962e+01
1.993899395140844888e+02 9.813831614277161708e-05 2.433960764301206225e+01
1.996010579310480182e+02 6.869682129994013331e-05 2.446465221416397640e+01
1.996091052729717319e+02 1.799202462617479714e-04 2.442889061176154897e+01
1.975884667850868937e+02 0.000000000000000000e+00 2.345440657395867134e+01
1.936174732000615109e+02 0.000000000000000000e+00 2.155122983666512937e+01
1.904943292409655555e+02 0.000000000000000000e+00 2.013727260534330554e+01
1.888720930612939242e+02 0.000000000000000000e+00 1.935106365578312904e+01
1.884560716540559042e+02 0.000000000000000000e+00 1.919874971785234052e+01
1.886409478852828556e+02 0.000000000000000000e+00 1.929315223542727864e+01
1.896555966646057527e+02 0.000000000000000000e+00 1.978386344380436412e+01
1.911291205825490351e+02 0.000000000000000000e+00 2.045642495199400557e+01
1.924693595820616281e+02 0.000000000000000000e+00 2.111082432914282592e+01
1.935867068379507430e+02 0.000000000000000000e+00 2.167030105564115416e+01
1.943772469585300087e+02 0.000000000000000000e+00 2.199466454687903649e+01
1.945479683732919796e+02 0.000000000000000000e+00 2.198445161944578174e+01
1.940356503789774649e+02 0.000000000000000000e+00 2.161524546028505966e+01
1.929954202119133413e+02 0.000000000000000000e+00 2.115757088039883271e+01
1.919887631628016607e+02 0.000000000000000000e+00 2.074417303747902253e+01
1.913770310542344930e+02 0.000000000000000000e+00 2.048118852043403137e+01
1.911677805365548863e+02 0.000000000000000000e+00 2.036297437608565630e+01
1.912996555345103502e+02 0.000000000000000000e+00 2.041854356196289544e+01
1.917492402458692027e+02 0.000000000000000000e+00 2.059834277096807043e+01
1.924017030269127986e+02 0.000000000000000000e+00 2.090915336074663600e+01
1.932543058186207645e+02 0.000000000000000000e+00 2.128760742056521238e+01
1.940335175062399742e+02 0.000000000000000000e+00 2.160591577769708493e+01
1.947853649600413348e+02 0.000000000000000000e+00 2.188603524474060436e+01
1.955272415609226186e+02 0.000000000000000000e+00 2.220977065075517487e+01
1.961118351537990918e+02 0.000000000000000000e+00 2.246218567115158748e+01
1.966073420545583588e+02 0.000000000000000000e+00 2.273722811597331983e+01
1.969703524146932807e+02 1.308510881903621595e-05 2.297795813419433486e+01
1.972557680795312933e+02 0.000000000000000000e+00 2.314598728781678361e+01
1.974224036690645221e+02 6.542554409518107975e-06 2.322634948362889418e+01
1.975620381365496598e+02 0.000000000000000000e+00 2.321514535920259448e+01
1.975272415609226186e+02 6.542554409518107975e-06 2.323095217065598916e+01
1.957696759145673298e+02 0.000000000000000000e+00 2.251028325989316059e+01
1.917477125594145662e+02 0.000000000000000000e+00 2.062952785656103671e+01
1.883970578132820322e+02 0.000000000000000000e+00 1.914420117046298486e+01
1.862045954902172582e+02 0.000000000000000000e+00 1.828670127677949253e+01
1.855488908734637334e+02 0.000000000000000000e+00 1.794492477698067745e+01
1.855629050250089165e+02 0.000000000000000000e+00 1.797910635249320421e+01
1.861482444690880698e+02 0.000000000000000000e+00 1.828490207431687509e+01
1.874129529492199708e+02 0.000000000000000000e+00 1.877777886820351227e+01
1.886849858190133205e+02 0.000000000000000000e+00 1.932820724195347495e+01
1.896801181585326219e+02 0.000000000000000000e+00 1.972518000202819266e+01
1.904172873915162825e+02 0.000000000000000000e+00 2.008636498948284554e+01
1.905986469997480981e+02 0.000000000000000000e+00 2.017037465937826113e+01
1.902107945605202701e+02 0.000000000000000000e+00 2.000045797880866516e+01
1.892417670130949148e+02 0.000000000000000000e+00 1.954959419806274923e+01
1.883702366114802089e+02 0.000000000000000000e+00 1.916983816991668022e+01
1.878863623724610932e+02 0.000000000000000000e+00 1.897159877130828320e+01
1.876438495081634699e+02 0.000000000000000000e+00 1.892426339015541714e+01
1.877577848219280270e+02 0.000000000000000000e+00 1.903426008616544252e+01
1.881989165529897718e+02 0.000000000000000000e+00 1.922895996283829234e+01
1.888088396452627080e+02 0.000000000000000000e+00 1.945934947381506319e+01
1.894797491584639317e+02 0.000000000000000000e+00 1.966469081523499085e+01
1.899835814597093133e+02 0.000000000000000000e+00 1.987558678534860235e+01
1.905493848363216500e+02 0.000000000000000000e+00 2.008068278097817583e+01
1.910244364407195405e+02 5.234043527614486380e-05 2.029183391071375908e+01
1.915704584040747136e+02 0.000000000000000000e+00 2.061452905057721807e+01
1.921186753944342627e+02 0.000000000000000000e+00 2.089105665524990840e+01
1.924325806124485041e+02 6.215426689042202280e-05 2.103262444756306238e+01
1.926472189236843633e+02 0.000000000000000000e+00 2.112263363985200826e+01
1.926977110873398260e+02 0.000000000000000000e+00 2.114386095763368800e+01
1.927142899202135595e+02 0.000000000000000000e+00 2.119060750888969480e+01
1.926729573327314142e+02 0.000000000000000000e+00 2.116587338194451107e+01
1.919513626505196555e+02 0.000000000000000000e+00 2.089258107042732604e+01
1.883496079374270096e+02 0.000000000000000000e+00 1.931570442047688729e+01
1.846900105007998150e+02 0.000000000000000000e+00 1.775712729520986954e+01
1.822876793886637188e+02 0.000000000000000000e+00 1.685274018535056584e+01
1.808608071549375040e+02 0.000000000000000000e+00 1.626660254963345409e+01
1.803569454121972910e+02 0.000000000000000000e+00 1.606835006591623483e+01
1.804743973489569555e+02 0.000000000000000000e+00 1.612901917295569731e+01
1.812295978618932111e+02 0.000000000000000000e+00 1.639691714836223468e+01
1.822535403397548635e+02 0.000000000000000000e+00 1.670607247187519562e+01
1.831727790481237719e+02 0.000000000000000000e+00 1.700256468132853271e+01
1.839611601257479094e+02 0.000000000000000000e+00 1.725508765387270316e+01
1.843968746217585704e+02 6.542554409518107975e-06 1.744349359320359483e+01
1.844162732955827835e+02 0.000000000000000000e+00 1.744828601430856807e+01
1.839929307699605090e+02 0.000000000000000000e+00 1.728266452070882053e+01
1.831682385153635551e+02 0.000000000000000000e+00 1.701058258175739724e+01
1.827188991497950497e+02 0.000000000000000000e+00 1.689233572463696831e+01
1.827600845298029810e+02 0.000000000000000000e+00 1.687031675777173589e+01
1.832742867797874453e+02 0.000000000000000000e+00 1.712809340150674942e+01
1.841352771262484112e+02 0.000000000000000000e+00 1.753330323758304843e+01
1.851613361204614989e+02 0.000000000000000000e+00 1.790658867941810684e+01
1.862229342702271140e+02 0.000000000000000000e+00 1.837450562823243061e+01
1.873663568767153720e+02 0.000000000000000000e+00 1.892250671429646403e+01
1.883817449646865612e+02 0.000000000000000000e+00 1.923966358185226255e+01
1.892534945418739767e+02 0.000000000000000000e+00 1.957221180865645493e+01
1.898654196557962166e+02 0.000000000000000000e+00 1.991083479722988159e+01
1.904300551864464524e+02 0.000000000000000000e+00 2.016241891321628543e+01
1.908972524542757299e+02 0.000000000000000000e+00 2.038182674661668159e+01
1.912296240321108485e+02 0.000000000000000000e+00 2.047141721542341841e+01
1.915186577295373525e+02 0.000000000000000000e+00 2.061334484822909374e+01
1.917479742615909402e+02 0.000000000000000000e+00 2.069842095449326180e+01
1.920399095818980584e+02 0.000000000000000000e+00 2.080707969812653957e+01
1.923377691852229816e+02 0.000000000000000000e+00 2.093246121083054589e+01
1.915174800697436410e+02 0.000000000000000000e+00 2.045906487269824581e+01
1.879098763130088798e+02 0.000000000000000000e+00 1.893901685034888160e+01
1.848326349156501180e+02 0.000000000000000000e+00 1.761454867824044612e+01
1.829709674148077738e+02 0.000000000000000000e+00 1.690182569980797567e+01
1.822778132166141631e+02 0.000000000000000000e+00 1.663049942589085006e+01
1.822452018541599159e+02 0.000000000000000000e+00 1.662355123310794269e+01
1.828422917259585745e+02 0.000000000000000000e+00 1.687809912624186026e+01
1.839542250180737994e+02 0.000000000000000000e+00 1.731011380773395203e+01
1.850847980477017529e+02 0.000000000000000000e+00 1.789418399625765943e+01
1.860554743188382929e+02 0.000000000000000000e+00 1.827961569035398526e+01
1.869685630260622702e+02 0.000000000000000000e+00 1.864812179619288912e+01
1.872211154401012720e+02 0.000000000000000000e+00 1.870353396076430030e+01
1.868940956717731297e+02 0.000000000000000000e+00 1.852787291742314935e+01
1.861420290423990309e+02 0.000000000000000000e+00 1.817014894125113145e+01
1.854813815257891179e+02 0.000000000000000000e+00 1.787190005593884123e+01
1.850817099620204829e+02 0.000000000000000000e+00 1.775063053868121798e+01
1.850069645491689414e+02 4.579788086662676006e-05 1.770446954604486223e+01
1.851800510973499456e+02 0.000000000000000000e+00 1.779891131894625644e+01
1.856831571750558680e+02 0.000000000000000000e+00 1.804001099149140686e+01
1.864302580056331351e+02 0.000000000000000000e+00 1.839404169569925074e+01
1.872630106872626357e+02 0.000000000000000000e+00 1.871115603665138849e+01
1.880599134420051541e+02 0.000000000000000000e+00 1.907129421540052050e+01
1.887390731163168027e+02 0.000000000000000000e+00 1.932719968857441017e+01
1.893612275140583279e+02 0.000000000000000000e+00 1.956401071670412151e+01
1.899116460739766694e+02 0.000000000000000000e+00 1.981841140236382515e+01
1.902843296008060463e+02 0.000000000000000000e+00 1.997500089960123049e+01
1.906324589209365001e+02 0.000000000000000000e+00 2.012549273612896528e+01
1.909208449054764571e+02 0.000000000000000000e+00 2.020591708620796823e+01
1.911669692598080985e+02 0.000000000000000000e+00 2.036729573327314213e+01
1.914150105825817434e+02 0.000000000000000000e+00 2.050342666287198412e+01
1.916572224893765224e+02 0.000000000000000000e+00 2.059079593445668976e+01
1.913760791125679077e+02 0.000000000000000000e+00 2.049478394849701246e+01
1.885293449921652780e+02 0.000000000000000000e+00 1.922078504110359631e+01
1.857454782770837198e+02 0.000000000000000000e+00 1.808209270145342984e+01
1.842488624133520432e+02 0.000000000000000000e+00 1.744720322155379222e+01
1.836742887425537560e+02 0.000000000000000000e+00 1.721218158205508075e+01
1.836398585499736669e+02 0.000000000000000000e+00 1.721317277904812215e+01
1.842373540601456909e+02 0.000000000000000000e+00 1.742398696723161677e+01
1.854218508232169143e+02 0.000000000000000000e+00 1.791551272363268765e+01
1.865771808787304735e+02 0.000000000000000000e+00 1.836471469555858604e+01
1.875778645756662684e+02 0.000000000000000000e+00 1.875399341164770917e+01
1.882950495762060257e+02 0.000000000000000000e+00 1.905733567556781338e+01
1.884405167309472517e+02 0.000000000000000000e+00 1.914139768589850377e+01
1.879952468342214900e+02 0.000000000000000000e+00 1.892460033170750933e+01
1.869721810586507331e+02 0.000000000000000000e+00 1.856677821721934762e+01
1.862488166154711848e+02 0.000000000000000000e+00 1.823441972449303350e+01
1.859309269818215000e+02 0.000000000000000000e+00 1.805548740394712226e+01
1.858924469480619450e+02 0.000000000000000000e+00 1.806052844211965791e+01
1.861648723711198556e+02 0.000000000000000000e+00 1.818565806647889360e+01
1.866532838716219942e+02 0.000000000000000000e+00 1.838095658688021672e+01
1.874922159958912857e+02 0.000000000000000000e+00 1.876823982387443479e+01
1.882264247230046124e+02 0.000000000000000000e+00 1.906863793831025333e+01
1.889194153573379538e+02 0.000000000000000000e+00 1.933631019558966457e+01
1.895339116951431322e+02 0.000000000000000000e+00 1.963475208625703772e+01
1.900196211206741452e+02 0.000000000000000000e+00 1.984097012996784315e+01
1.904724803805149520e+02 0.000000000000000000e+00 2.006821594355083960e+01
1.908285621755301804e+02 0.000000000000000000e+00 2.024333068359879917e+01
1.910916284745053133e+02 0.000000000000000000e+00 2.038147344867856603e+01
1.911976996378696185e+02 0.000000000000000000e+00 2.040682257573824643e+01
1.913767071977912337e+02 0.000000000000000000e+00 2.046955585869390859e+01
1.916793428658351104e+02 0.000000000000000000e+00 2.062372133952258935e+01
1.920634627777723153e+02 0.000000000000000000e+00 2.082515350468283444e+01
1.922071241874965324e+02 0.000000000000000000e+00 2.084395680605578960e+01
1.903804757091311046e+02 0.000000000000000000e+00 1.996297568459653604e+01
1.869949884033223100e+02 0.000000000000000000e+00 1.852273701221167812e+01
1.847161610907746763e+02 0.000000000000000000e+00 1.756934944110228969e+01
1.836870467236523154e+02 0.000000000000000000e+00 1.711682712281356089e+01
1.834913098521055588e+02 0.000000000000000000e+00 1.706406796405520510e+01
1.839453565855717159e+02 0.000000000000000000e+00 1.725184254688558028e+01
1.850952334219849433e+02 0.000000000000000000e+00 1.777603200617616963e+01
1.865088766106951255e+02 0.000000000000000000e+00 1.840483363919775073e+01
1.877789369003340028e+02 0.000000000000000000e+00 1.890721349336421397e+01
1.888526126055395764e+02 0.000000000000000000e+00 1.935822121030713916e+01
1.894573441808885548e+02 0.000000000000000000e+00 1.964551131698349096e+01
1.895521686932228818e+02 0.000000000000000000e+00 1.967063799719324280e+01
1.893420447445296020e+02 0.000000000000000000e+00 1.958381502890173564e+01
1.888687171032186143e+02 0.000000000000000000e+00 1.936667419060423612e+01
1.885164332610381166e+02 0.000000000000000000e+00 1.917757146922873090e+01
1.885535949700841627e+02 0.000000000000000000e+00 1.916332832827920996e+01
1.889365732062769325e+02 0.000000000000000000e+00 1.936507453605111095e+01
1.898499105305684509e+02 0.000000000000000000e+00 1.974404218639083197e+01
1.908347612458332208e+02 0.000000000000000000e+00 2.016739125456751935e+01
1.917969681802866262e+02 0.000000000000000000e+00 2.057492369745919802e+01
1.925813354007805174e+02 0.000000000000000000e+00 2.090108639115970135e+01
1.933519240016879905e+02 0.000000000000000000e+00 2.129519351240304914e+01
1.939289707580530546e+02 0.000000000000000000e+00 2.155146863990107775e+01
1.943411386007438750e+02 0.000000000000000000e+00 2.170766558387391143e+01
1.946107997945638033e+02 0.000000000000000000e+00 2.186227268712523397e+01
1.947831175926016840e+02 0.000000000000000000e+00 2.193021711466807844e+01
1.948934217886689453e+02 0.000000000000000000e+00 2.195046304928833436e+01
1.950076220758870988e+02 0.000000000000000000e+00 2.197343395782015207e+01
1.950390655923792451e+02 0.000000000000000000e+00 2.204981828055127480e+01
1.951744081441717356e+02 0.000000000000000000e+00 2.215257236882996139e+01
1.953449201971925788e+02 0.000000000000000000e+00 2.221167126281114079e+01
1.948607515432250352e+02 0.000000000000000000e+00 2.200121037256576173e+01
1.914962723796251680e+02 0.000000000000000000e+00 2.048806474511843589e+01
1.882457743276707447e+02 0.000000000000000000e+00 1.907470615752508181e+01
1.861780490757006135e+02 0.000000000000000000e+00 1.821051977323506321e+01
1.855293973326005812e+02 0.000000000000000000e+00 1.791060580782555078e+01
1.854751988118721329e+02 0.000000000000000000e+00 1.789455037930459014e+01
1.859891099181853633e+02 0.000000000000000000e+00 1.809316924606874366e+01
1.871933161264152261e+02 0.000000000000000000e+00 1.854391526083528774e+01
1.885339247802519651e+02 0.000000000000000000e+00 1.906997589068700094e+01
1.896999617260566993e+02 0.000000000000000000e+00 1.955856404015819905e+01
1.907859112633345546e+02 0.000000000000000000e+00 2.002371021718009203e+01
1.911369749191176766e+02 0.000000000000000000e+00 2.016789503125705352e+01
1.909605353118017774e+02 0.000000000000000000e+00 2.005516027622664765e+01
1.902834365421291523e+02 0.000000000000000000e+00 1.977722602235590799e+01
1.895477099423927996e+02 0.000000000000000000e+00 1.948487852112100072e+01
1.891525854539387694e+02 0.000000000000000000e+00 1.929501686343398958e+01
1.891383128714944064e+02 0.000000000000000000e+00 1.931659420787658021e+01
1.894053406871644825e+02 0.000000000000000000e+00 1.947814623263360545e+01
1.900254832494250650e+02 0.000000000000000000e+00 1.973700566912339482e+01
1.908195923334347412e+02 0.000000000000000000e+00 2.008717299495241804e+01
1.916439149337075776e+02 0.000000000000000000e+00 2.048741048967748313e+01
1.923280273217072249e+02 0.000000000000000000e+00 2.075423875743806690e+01
1.930257907494823257e+02 0.000000000000000000e+00 2.109597273063322120e+01
1.937207539639701395e+02 0.000000000000000000e+00 2.145804423421036233e+01
1.943022692849969530e+02 0.000000000000000000e+00 2.173491205171234952e+01
1.949099515523845980e+02 0.000000000000000000e+00 2.197551776139958335e+01
1.951173668835523358e+02 0.000000000000000000e+00 2.214592186227268655e+01
1.952965478211658308e+02 0.000000000000000000e+00 2.219071218976024795e+01
1.954283410371911600e+02 0.000000000000000000e+00 2.225542459542479179e+01
1.955138620371551781e+02 0.000000000000000000e+00 2.225672329247507975e+01
1.952230912915329668e+02 0.000000000000000000e+00 2.208142208962645370e+01
1.923738448302370614e+02 0.000000000000000000e+00 2.088724561730636609e+01
1.887009234815548950e+02 0.000000000000000000e+00 1.918565152392448425e+01
1.859825411935582054e+02 0.000000000000000000e+00 1.799383364246902772e+01
1.849845301300987046e+02 0.000000000000000000e+00 1.757347452165749147e+01
1.849127648507806896e+02 0.000000000000000000e+00 1.752585781066501625e+01
1.856165343435037300e+02 0.000000000000000000e+00 1.782247432865213455e+01
1.871438642289108998e+02 0.000000000000000000e+00 1.843213899002587652e+01
1.886131387577651992e+02 1.962766322855432477e-05 1.905620381365496385e+01
1.898193077323179239e+02 0.000000000000000000e+00 1.959867316996574971e+01
1.908383367518180194e+02 0.000000000000000000e+00 2.005998868138087232e+01
1.912934564642073099e+02 0.000000000000000000e+00 2.028773827165340293e+01
1.911088779192060088e+02 0.000000000000000000e+00 2.020577642128816365e+01
1.903550251724780935e+02 0.000000000000000000e+00 1.985832425553909175e+01
1.894234766479876839e+02 0.000000000000000000e+00 1.947901312109286920e+01
1.888577714096914804e+02 0.000000000000000000e+00 1.922681400499196869e+01
1.887478270541167262e+02 0.000000000000000000e+00 1.917595545828957881e+01
1.888686876617237544e+02 0.000000000000000000e+00 1.924579068405677518e+01
1.892930410120023055e+02 0.000000000000000000e+00 1.950222610413783997e+01
1.900520623767137351e+02 6.542554409518107975e-06 1.986276337870594944e+01
1.909975857974228859e+02 0.000000000000000000e+00 2.026757084768606276e+01
1.917782532033982079e+02 0.000000000000000000e+00 2.060137851621408700e+01
1.925356814561109218e+02 0.000000000000000000e+00 2.095040743757585133e+01
1.930780853868776035e+02 0.000000000000000000e+00 2.119015934391264366e+01
1.935176207346634385e+02 0.000000000000000000e+00 2.138658318367239985e+01
1.939748798623446646e+02 0.000000000000000000e+00 2.156432148803857629e+01
1.943400263664942713e+02 0.000000000000000000e+00 2.176072242885789976e+01
1.946395281509759911e+02 9.486703893801256182e-05 2.186288114468531774e+01
1.948879162291333387e+02 0.000000000000000000e+00 2.195441802342888593e+01
1.950781148283724349e+02 0.000000000000000000e+00 2.209030687851457841e+01
1.953275726141757502e+02 0.000000000000000000e+00 2.217920383655390637e+01
1.953563140556967710e+02 0.000000000000000000e+00 2.213862037155166362e+01
1.929607021469392407e+02 0.000000000000000000e+00 2.114003356330412231e+01
1.893106208557007051e+02 0.000000000000000000e+00 1.942928643630332530e+01
1.865186184742108821e+02 0.000000000000000000e+00 1.827693324304608424e+01
1.848202400463212882e+02 0.000000000000000000e+00 1.762379003634389107e+01
1.843033717054149463e+02 0.000000000000000000e+00 1.733874729710720786e+01
1.844066001288883285e+02 0.000000000000000000e+00 1.741965252493531224e+01
1.852920171022372244e+02 0.000000000000000000e+00 1.783018472902375251e+01
1.867786163151679375e+02 0.000000000000000000e+00 1.842661053154983364e+01
1.879543722255480134e+02 0.000000000000000000e+00 1.894413312789712478e+01
1.889470969050446456e+02 0.000000000000000000e+00 1.929934476317588832e+01
1.895086934191716352e+02 0.000000000000000000e+00 1.955502451822264831e+01
1.894669715497021514e+02 0.000000000000000000e+00 1.951481725009895740e+01
1.890930318524261509e+02 0.000000000000000000e+00 1.931846210716049939e+01
1.885094621693147587e+02 0.000000000000000000e+00 1.908413070715199211e+01
1.881212662459804221e+02 0.000000000000000000e+00 1.891243118050580563e+01
1.879713926808443887e+02 0.000000000000000000e+00 1.885821957466853860e+01
1.881697138613828884e+02 0.000000000000000000e+00 1.895508536397865740e+01
1.887178032719314729e+02 0.000000000000000000e+00 1.921745488090915188e+01
1.894788266582922063e+02 0.000000000000000000e+00 1.953017916785250563e+01
1.904028250749940412e+02 0.000000000000000000e+00 1.996381313156095416e+01
1.912537922280996270e+02 0.000000000000000000e+00 2.032944705601407875e+01
1.920321272134279411e+02 0.000000000000000000e+00 2.066682695924970048e+01
1.925832196564504670e+02 0.000000000000000000e+00 2.096841908986525738e+01
1.932073171928516047e+02 0.000000000000000000e+00 2.114839494783948481e+01
1.935249582094337200e+02 0.000000000000000000e+00 2.129772875223673623e+01
1.938290888511601509e+02 0.000000000000000000e+00 2.146325537879754464e+01
1.942124367416770667e+02 0.000000000000000000e+00 2.159372045627774384e+01
1.945885158542449744e+02 0.000000000000000000e+00 2.178652299217183241e+01
1.949836403426990046e+02 0.000000000000000000e+00 2.193889254181510040e+01
1.955264204703442488e+02 6.542554409518107975e-06 2.215498330012987083e+01
1.960408059118521749e+02 1.308510881903621595e-05 2.239030262585421127e+01
1.960416368162621836e+02 0.000000000000000000e+00 2.233507038152906077e+01
1.935276504705732350e+02 0.000000000000000000e+00 2.120780461315511545e+01
1.901495660650788011e+02 0.000000000000000000e+00 1.966980055022882468e+01
1.878153494869001747e+02 0.000000000000000000e+00 1.873202678521775155e+01
1.868618506923658344e+02 0.000000000000000000e+00 1.835630097058794519e+01
1.867470157773699668e+02 0.000000000000000000e+00 1.832487381048182584e+01
1.872982586991439007e+02 0.000000000000000000e+00 1.858232659777356943e+01
1.887016758753119916e+02 0.000000000000000000e+00 1.916201327484289862e+01
1.901582349496713960e+02 0.000000000000000000e+00 1.983482012882289780e+01
1.912070783896156456e+02 0.000000000000000000e+00 2.032773944931319576e+01
1.921286135345823141e+02 0.000000000000000000e+00 2.076664671187571898e+01
1.925681979515262015e+02 3.271277204759053987e-06 2.096535063184719050e+01
1.924211474986178985e+02 0.000000000000000000e+00 2.088581934044508870e+01
1.917991304945189768e+02 0.000000000000000000e+00 2.056261388133768975e+01
1.910054761180407752e+02 0.000000000000000000e+00 2.022300296704842637e+01
1.904502716795718413e+02 0.000000000000000000e+00 1.995344318282186791e+01
1.902033131495529688e+02 6.542554409518107805e-05 1.985818031934208250e+01
1.902746204500623151e+02 0.000000000000000000e+00 1.988230598872717891e+01
1.906800527329885426e+02 0.000000000000000000e+00 2.008069259480978985e+01
1.914325904262801430e+02 0.000000000000000000e+00 2.040632207032591694e+01
1.922272000157021239e+02 0.000000000000000000e+00 2.077953227278526427e+01
1.929106843184784736e+02 0.000000000000000000e+00 2.110667962092439609e+01
1.934446418115024642e+02 0.000000000000000000e+00 2.129966207706474890e+01
1.937927678603557240e+02 0.000000000000000000e+00 2.147850934440333504e+01
1.940813730204683907e+02 0.000000000000000000e+00 2.160150936730227755e+01
1.942499092220575676e+02 0.000000000000000000e+00 2.168272863774203429e+01
1.943260253000578928e+02 0.000000000000000000e+00 2.166268879358568000e+01
1.944342456925457441e+02 0.000000000000000000e+00 2.168997778802777887e+01
1.945526168581999400e+02 0.000000000000000000e+00 2.174771583069177794e+01
1.947428219999934527e+02 0.000000000000000000e+00 2.183086188340513800e+01
1.949744349686448004e+02 0.000000000000000000e+00 2.199341164770961399e+01
1.953318154607103168e+02 0.000000000000000000e+00 2.212508055520116557e+01
1.953899264289756559e+02 3.271277204759053987e-06 2.216667811613688244e+01
1.930974284489893478e+02 0.000000000000000000e+00 2.117389128237337559e+01
1.895633335623227254e+02 0.000000000000000000e+00 1.951360687753319567e+01
1.870901792987035890e+02 0.000000000000000000e+00 1.846189779875756898e+01
1.860063168362823944e+02 0.000000000000000000e+00 1.799822042520061061e+01
1.858500871795374962e+02 0.000000000000000000e+00 1.791261110075206631e+01
1.864421425557180214e+02 0.000000000000000000e+00 1.821918538655047115e+01
1.880550425102472900e+02 5.234043527614486380e-05 1.885257662149032853e+01
1.896986793853924382e+02 0.000000000000000000e+00 1.956932981343906164e+01
1.910867902555194746e+02 0.000000000000000000e+00 2.015642266209996336e+01
1.923141472925274229e+02 0.000000000000000000e+00 2.072396962946243093e+01
1.931077689562335706e+02 0.000000000000000000e+00 2.109530211880624506e+01
1.931288228963234133e+02 0.000000000000000000e+00 2.110284241276321637e+01
1.925396495153602814e+02 0.000000000000000000e+00 2.081102812971268534e+01
1.916868831597920746e+02 0.000000000000000000e+00 2.041558959864699929e+01
1.912065713416489245e+02 0.000000000000000000e+00 2.020056854797818602e+01
1.911827237308262397e+02 0.000000000000000000e+00 2.024160999178909393e+01
1.915834421033003991e+02 0.000000000000000000e+00 2.044022885855324390e+01
1.923161002450186743e+02 0.000000000000000000e+00 2.081547379543395238e+01
1.932815948130628669e+02 0.000000000000000000e+00 2.126798629989106715e+01
1.945717145745213372e+02 0.000000000000000000e+00 2.181511395494142747e+01
1.953075327700194066e+02 0.000000000000000000e+00 2.217987117710367784e+01
1.960610780166900611e+02 0.000000000000000000e+00 2.252713688005207970e+01
1.966940865121969466e+02 6.542554409518107975e-06 2.275384620417349524e+01
1.971817488902192110e+02 6.542554409518107975e-06 2.294839560209492646e+01
1.975809951879512312e+02 0.000000000000000000e+00 2.306885057132856431e+01
1.977926664507623684e+02 4.579788086662676006e-05 2.319944977117415874e+01
1.979379504139801327e+02 2.944149484283148716e-05 2.323799195920063099e+01
1.979913474717934037e+02 1.962766322855432477e-05 2.323866257102760713e+01
1.979957571534654335e+02 1.308510881903621595e-05 2.323365751690432646e+01
1.980340768946419701e+02 3.271277204759053987e-06 2.322011442927662372e+01
1.981297584816039716e+02 6.542554409518107975e-06 2.324710573749309006e+01
1.979553765076498735e+02 2.617021763807243190e-05 2.317085553712735901e+01
1.953595755190699208e+02 0.000000000000000000e+00 2.208307081333765254e+01
1.916052517084245324e+02 0.000000000000000000e+00 2.049199027776414894e+01
1.890366971876829894e+02 0.000000000000000000e+00 1.934629086234138384e+01
1.880028918090490038e+02 0.000000000000000000e+00 1.886698659757729146e+01
1.878093008953485707e+02 0.000000000000000000e+00 1.874310660111027005e+01
1.883574132048375702e+02 0.000000000000000000e+00 1.894300126598427880e+01
1.897836115554596006e+02 0.000000000000000000e+00 1.956979106352493147e+01
1.914274152657422121e+02 0.000000000000000000e+00 2.028890284633829566e+01
1.926390701721673224e+02 0.000000000000000000e+00 2.087152713033749762e+01
1.936770562430689893e+02 0.000000000000000000e+00 2.131645681423398031e+01
1.943131070263763149e+02 0.000000000000000000e+00 2.165344743548223505e+01
1.942238469565672574e+02 0.000000000000000000e+00 2.162484338760382130e+01
1.935077382062278559e+02 0.000000000000000000e+00 2.125230379697145011e+01
1.923996748350458574e+02 0.000000000000000000e+00 2.080567959148290313e+01
1.916752603118835623e+02 0.000000000000000000e+00 2.046452136307578584e+01
1.913333529609965638e+02 0.000000000000000000e+00 2.030969181297453829e+01
1.913367191052402632e+02 0.000000000000000000e+00 2.030305766280328683e+01
1.916959969380845337e+02 0.000000000000000000e+00 2.049369788446503193e+01
1.924042775220729311e+02 0.000000000000000000e+00 2.088037266389916624e+01
1.932741166733727880e+02 0.000000000000000000e+00 2.121534490711208321e+01
1.941446984045981026e+02 0.000000000000000000e+00 2.159163665269831256e+01
1.948409014331465414e+02 0.000000000000000000e+00 2.193244812572172719e+01
1.953977480527722435e+02 0.000000000000000000e+00 2.214687053266206718e+01
1.957962877546280254e+02 0.000000000000000000e+00 2.233420349306980057e+01
1.962027930164774148e+02 3.271277204759053987e-06 2.248885312292478389e+01
1.966047642881210038e+02 0.000000000000000000e+00 2.265143560000131018e+01
1.969001246356615127e+02 0.000000000000000000e+00 2.279407309996041775e+01
1.971232322835804780e+02 3.925532645710864954e-05 2.284274316221282319e+01
1.974259072069507965e+02 0.000000000000000000e+00 2.304652737568328646e+01
1.977782499321209855e+02 2.944149484283148716e-05 2.321951251427094576e+01
1.980365336238227485e+02 2.289894043331338003e-05 2.341114066164852758e+01
1.969931008763751663e+02 1.635638602379526951e-05 2.287509609376789044e+01
1.930142627686127526e+02 0.000000000000000000e+00 2.114757385726109007e+01
1.898770326898731184e+02 0.000000000000000000e+00 1.970808757863332517e+01
1.879594557903242276e+02 0.000000000000000000e+00 1.889854460877160136e+01
1.874229499723577135e+02 1.962766322855432477e-05 1.863774530489939352e+01
1.875625288281303540e+02 3.925532645710864954e-05 1.869103768184212200e+01
1.886036520538714001e+02 0.000000000000000000e+00 1.912766159291572166e+01
1.902728114337680836e+02 0.000000000000000000e+00 1.980303639950145822e+01
1.919308680988318372e+02 0.000000000000000000e+00 2.053965278663748606e+01
1.933842115076989501e+02 0.000000000000000000e+00 2.122695466991177327e+01
1.946798008446437791e+02 0.000000000000000000e+00 2.184116967787733188e+01
1.951086979989597410e+02 0.000000000000000000e+00 2.202693896778119154e+01
1.948538033504421207e+02 0.000000000000000000e+00 2.189889136415530757e+01
1.940224736743967071e+02 0.000000000000000000e+00 2.148425697845209825e+01
1.931058519877915955e+02 0.000000000000000000e+00 2.107580203538867636e+01
1.924949017144763843e+02 0.000000000000000000e+00 2.079636299400375066e+01
1.921283223909110802e+02 0.000000000000000000e+00 2.055923465198517519e+01
1.923253775871713458e+02 0.000000000000000000e+00 2.070144034335325500e+01
1.928313918303122989e+02 0.000000000000000000e+00 2.101313744925431237e+01
1.936438920347671342e+02 0.000000000000000000e+00 2.145105024354658951e+01
1.945974889676176360e+02 0.000000000000000000e+00 2.188232234511320229e+01
1.955102669035071301e+02 0.000000000000000000e+00 2.232456631042457929e+01
1.964023670961853725e+02 0.000000000000000000e+00 2.270266052975063076e+01
1.971574269442018306e+02 0.000000000000000000e+00 2.305272644598630549e+01
1.978508624722350362e+02 4.906915807138580854e-05 2.337558514971000179e+01
1.984209643070944082e+02 1.373936425998802666e-04 2.365185105220631456e+01
1.988620273413348798e+02 4.579788086662676006e-05 2.385701574465718622e+01
1.991997768988946405e+02 1.079521477570487829e-04 2.398672515710308772e+01
1.994512007222980117e+02 1.308510881903621561e-04 2.401215606609288500e+01
1.996389622200195504e+02 5.234043527614486380e-05 2.412061526181667048e+01
1.996651029961628012e+02 7.196809850469918857e-05 2.409149762341711210e+01
1.976660156825029162e+02 3.925532645710864954e-05 2.319151365267541465e+01
1.934566441275667330e+02 0.000000000000000000e+00 2.137111985632550670e+01
1.903384038130006957e+02 0.000000000000000000e+00 1.993480344530915360e+01
1.887059383495098075e+02 0.000000000000000000e+00 1.913430882819579182e+01
1.883573216090758251e+02 0.000000000000000000e+00 1.898677749753836252e+01
1.886890389314700087e+02 0.000000000000000000e+00 1.917825516616452575e+01
1.900563215796343286e+02 0.000000000000000000e+00 1.980954624113892848e+01
1.918393508477514899e+02 0.000000000000000000e+00 2.050360658311824835e+01
1.933878818807226878e+02 0.000000000000000000e+00 2.123922195942962077e+01
1.948649845759279913e+02 0.000000000000000000e+00 2.179290198272111212e+01
1.958679352679666863e+02 0.000000000000000000e+00 2.225541151031597309e+01
1.961376389883902505e+02 0.000000000000000000e+00 2.235942504031849154e+01
1.955888756947375100e+02 0.000000000000000000e+00 2.210307467344475185e+01
1.943205230117995086e+02 0.000000000000000000e+00 2.148013189789689648e+01
1.931241449699205930e+02 0.000000000000000000e+00 2.104026287983617394e+01
1.923116153239709263e+02 0.000000000000000000e+00 2.063929261901724388e+01
1.918980441033592683e+02 0.000000000000000000e+00 2.042861582447634916e+01
1.918879325855193656e+02 0.000000000000000000e+00 2.050983509491610945e+01
1.921607145777926178e+02 0.000000000000000000e+00 2.067454063089852312e+01
1.927777919533123452e+02 0.000000000000000000e+00 2.095878517849724076e+01
1.935287070931103699e+02 0.000000000000000000e+00 2.130454609393145304e+01
1.943761249104487945e+02 0.000000000000000000e+00 2.167001972580154501e+01
1.952183413970316508e+02 0.000000000000000000e+00 2.206946230016585275e+01
1.960356274800370215e+02 0.000000000000000000e+00 2.244532877971546370e+01
1.966550536325897838e+02 0.000000000000000000e+00 2.274212194667163800e+01
1.972204317431654772e+02 0.000000000000000000e+00 2.301838457789074610e+01
1.976610760539237219e+02 6.542554409518107975e-06 2.317991697498454329e+01
1.980178971575872424e+02 9.813831614277162386e-06 2.339056105675338770e+01
1.981931754614954286e+02 2.617021763807243190e-05 2.348693615448279459e+01
1.970315841814119437e+02 0.000000000000000000e+00 2.296865135054679286e+01
1.929923877379445116e+02 0.000000000000000000e+00 2.112944116771511105e+01
1.896733891413224455e+02 0.000000000000000000e+00 1.965863240985177995e+01
1.877854532845258859e+02 0.000000000000000000e+00 1.878379147570586127e+01
1.872240661321399671e+02 0.000000000000000000e+00 1.852449041679343011e+01
1.873545606511150083e+02 0.000000000000000000e+00 1.860391702732497876e+01
1.884537850312897547e+02 0.000000000000000000e+00 1.906939360334455458e+01
1.900320290751118080e+02 0.000000000000000000e+00 1.976308756227694019e+01
1.916155889443915612e+02 0.000000000000000000e+00 2.048331812189433165e+01
1.930547971644569145e+02 0.000000000000000000e+00 2.116134266301592248e+01
1.942239679938238339e+02 0.000000000000000000e+00 2.168905528785603920e+01
1.946504542168398757e+02 0.000000000000000000e+00 2.182759714875478707e+01
1.942889159314471215e+02 3.271277204759053987e-06 2.164010389576402460e+01
1.930368280387711764e+02 0.000000000000000000e+00 2.109618209237432396e+01
1.919419250157839087e+02 0.000000000000000000e+00 2.055778220490626040e+01
1.912328364263259175e+02 0.000000000000000000e+00 2.021735020003860228e+01
1.908164519073181680e+02 0.000000000000000000e+00 2.000142954813847851e+01
1.910170335404051798e+02 0.000000000000000000e+00 2.016079635972272754e+01
1.914783294241570673e+02 0.000000000000000000e+00 2.039802611133464794e+01
1.922136340291339991e+02 0.000000000000000000e+00 2.075364665626400651e+01
1.930334520806958665e+02 0.000000000000000000e+00 2.113563369546372073e+01
1.938038345911394060e+02 0.000000000000000000e+00 2.155827943904138522e+01
1.945117357069720754e+02 0.000000000000000000e+00 2.184818329620433630e+01
1.951562165716360653e+02 0.000000000000000000e+00 2.207804940282834494e+01
1.955916006686490505e+02 6.542554409518107975e-06 2.225190142987526443e+01
1.959186106231455824e+02 0.000000000000000000e+00 2.241621768387031466e+01
1.961543486723521426e+02 0.000000000000000000e+00 2.246898665646028093e+01
1.963238662571027646e+02 0.000000000000000000e+00 2.253963970152866736e+01
1.957846616354423190e+02 0.000000000000000000e+00 2.234760918705490340e+01
1.920002420745131531e+02 0.000000000000000000e+00 2.072836622602562784e+01
1.876596399632308305e+02 0.000000000000000000e+00 1.879423012126624570e+01
1.847022712477632638e+02 1.635638602379526951e-05 1.757760614476710259e+01
1.835334700727204904e+02 0.000000000000000000e+00 1.706085229856292784e+01
1.832277397764409272e+02 0.000000000000000000e+00 1.692807442809896301e+01
1.836222525360576583e+02 0.000000000000000000e+00 1.709418988455662713e+01
1.849145149840852298e+02 0.000000000000000000e+00 1.758271260848373174e+01
1.863180695538959242e+02 0.000000000000000000e+00 1.820831820367626008e+01
1.875776257724303377e+02 0.000000000000000000e+00 1.877084376052942361e+01
1.887122322868517585e+02 0.000000000000000000e+00 1.923895044342162564e+01
1.893334510993126969e+02 0.000000000000000000e+00 1.950934440333539399e+01
1.892293590586572805e+02 0.000000000000000000e+00 1.944061486926340621e+01
1.884882381228102872e+02 0.000000000000000000e+00 1.914731869763911831e+01
1.874383282464972922e+02 0.000000000000000000e+00 1.870661550389118588e+01
1.868578531916216150e+02 0.000000000000000000e+00 1.844860005692022398e+01
1.866055493946501542e+02 0.000000000000000000e+00 1.832165814498954859e+01
1.867034881628834455e+02 0.000000000000000000e+00 1.836827711643456951e+01
1.872096299858353632e+02 0.000000000000000000e+00 1.861571652420254352e+01
1.880452548488506466e+02 0.000000000000000000e+00 1.897636175091841082e+01
1.890367560706726806e+02 0.000000000000000000e+00 1.936038679581669086e+01
1.899060718176197611e+02 0.000000000000000000e+00 1.974876263939729881e+01
1.907462175857319835e+02 0.000000000000000000e+00 2.007526554592709545e+01
1.913650843498827214e+02 0.000000000000000000e+00 2.036456094552996277e+01
1.919039225884962150e+02 0.000000000000000000e+00 2.056358545066750310e+01
1.923605634447857540e+02 0.000000000000000000e+00 2.083888959766561655e+01
1.926873836652044076e+02 0.000000000000000000e+00 2.099894664874006622e+01
1.929343323813916697e+02 0.000000000000000000e+00 2.110814842438933425e+01
1.929123624836845181e+02 0.000000000000000000e+00 2.104754474289396882e+01
1.904507590998753699e+02 0.000000000000000000e+00 1.999984624997137672e+01
1.860214726635720410e+02 0.000000000000000000e+00 1.811734071333470553e+01
1.825299272795077457e+02 0.000000000000000000e+00 1.669753770964797823e+01
1.806268257815899005e+02 0.000000000000000000e+00 1.595520640123523393e+01
1.802091818208583049e+02 0.000000000000000000e+00 1.576689532894327961e+01
1.804001393564089142e+02 0.000000000000000000e+00 1.587570128005076953e+01
1.813454665004857986e+02 0.000000000000000000e+00 1.627587662050894579e+01
1.826357563683588978e+02 0.000000000000000000e+00 1.678264325740698837e+01
1.836461197745435641e+02 0.000000000000000000e+00 1.717909261312894387e+01
1.844567389946056721e+02 0.000000000000000000e+00 1.758205835304277898e+01
1.850292975586458226e+02 3.271277204759053903e-05 1.780954624113892848e+01
1.850918083947515527e+02 0.000000000000000000e+00 1.776319551442469802e+01
1.847068379507411180e+02 0.000000000000000000e+00 1.756843675476216049e+01
1.840975625713547288e+02 0.000000000000000000e+00 1.725753129794465579e+01
1.835552862203990401e+02 0.000000000000000000e+00 1.708589392556535813e+01
1.833512435760293897e+02 0.000000000000000000e+00 1.697952507597541327e+01
1.834803674298556473e+02 0.000000000000000000e+00 1.704339022084392496e+01
1.839600577053298878e+02 0.000000000000000000e+00 1.718748671043635667e+01
1.847877104657971472e+02 0.000000000000000000e+00 1.756535848291248314e+01
1.860874019843567453e+02 0.000000000000000000e+00 1.807817371136212614e+01
1.867348466261682631e+02 0.000000000000000000e+00 1.835431857660186239e+01
1.875477033998384115e+02 0.000000000000000000e+00 1.868873797396717507e+01
1.883712768776313453e+02 0.000000000000000000e+00 1.902388032359474224e+01
1.890355489693841093e+02 0.000000000000000000e+00 1.930360723737368644e+01
1.895481319371522204e+02 0.000000000000000000e+00 1.948777033017000804e+01
1.899541497786981097e+02 0.000000000000000000e+00 1.967982701486141295e+01
1.903088478234557215e+02 0.000000000000000000e+00 1.989366386318210189e+01
1.906123732788992697e+02 0.000000000000000000e+00 2.007916490835516754e+01
1.908411336938280840e+02 0.000000000000000000e+00 2.017661298500773626e+01
1.896619560274918115e+02 0.000000000000000000e+00 1.964995371142755332e+01
1.854834489729825293e+02 0.000000000000000000e+00 1.787308752956416669e+01
1.817263707469307121e+02 0.000000000000000000e+00 1.638502278444573079e+01
1.794090339591286636e+02 0.000000000000000000e+00 1.539219669535576784e+01
1.789141943989191645e+02 0.000000000000000000e+00 1.520846213987327111e+01
1.790669990284306721e+02 1.962766322855432477e-05 1.522759584024390556e+01
1.798554880582025532e+02 0.000000000000000000e+00 1.561602075298258718e+01
1.810414667098475263e+02 0.000000000000000000e+00 1.606720839017177482e+01
1.818669211720331873e+02 0.000000000000000000e+00 1.638662898155326886e+01
1.824438894177453676e+02 0.000000000000000000e+00 1.663965245950976524e+01
1.829968792015466477e+02 0.000000000000000000e+00 1.681788472673385826e+01
1.833361171902345745e+02 0.000000000000000000e+00 1.697335544716723632e+01
1.833684930207300852e+02 0.000000000000000000e+00 1.698293047554556878e+01
1.832442531837705531e+02 0.000000000000000000e+00 1.688699372896159900e+01
1.829603128649518737e+02 0.000000000000000000e+00 1.678920216820253231e+01
1.828898724529017841e+02 0.000000000000000000e+00 1.677216862779735251e+01
1.831124305262503640e+02 0.000000000000000000e+00 1.681937315786202447e+01
1.835870797635520830e+02 0.000000000000000000e+00 1.704378604538570130e+01
1.843702889519154837e+02 0.000000000000000000e+00 1.737793719802022352e+01
1.853025800563313794e+02 0.000000000000000000e+00 1.778007857607845921e+01
1.862052726445986366e+02 0.000000000000000000e+00 1.816301101439034937e+01
1.869873826838212381e+02 0.000000000000000000e+00 1.847689660474138762e+01
1.876939883738808135e+02 0.000000000000000000e+00 1.878492660889591193e+01
1.883847578109921415e+02 0.000000000000000000e+00 1.903511716079308869e+01
1.889311821414434860e+02 0.000000000000000000e+00 1.926172180404395462e+01
1.893583324337321017e+02 0.000000000000000000e+00 1.948756423970610996e+01
1.896748056043521160e+02 0.000000000000000000e+00 1.958747558809385936e+01
1.899616998864866844e+02 0.000000000000000000e+00 1.971463994687445975e+01
1.901683759090061585e+02 0.000000000000000000e+00 1.983996584786598305e+01
1.904482140462100688e+02 0.000000000000000000e+00 1.995717898138970270e+01
1.907292789123657428e+02 0.000000000000000000e+00 2.005763336179344591e+01
1.910654647994216475e+02 0.000000000000000000e+00 2.027027619393439650e+01
1.908514807436267233e+02 0.000000000000000000e+00 2.010789980732177185e+01
1.874620155647369302e+02 0.000000000000000000e+00 1.864993735504152994e+01
1.835247324913065938e+02 0.000000000000000000e+00 1.702234282330850590e+01
1.805981792071078189e+02 0.000000000000000000e+00 1.590136444972210583e+01
1.794814633077192241e+02 0.000000000000000000e+00 1.538153233166825373e+01
1.792330196178494077e+02 0.000000000000000000e+00 1.522076214216316536e+01
1.795664151054496074e+02 0.000000000000000000e+00 1.538559198667935846e+01
1.803176770006313632e+02 0.000000000000000000e+00 1.569583664550150282e+01
1.810990510024828950e+02 0.000000000000000000e+00 1.599435377554458526e+01
1.816598689526351791e+02 0.000000000000000000e+00 1.624590190748173768e+01
1.821886087585175744e+02 0.000000000000000000e+00 1.644031064048336432e+01
1.824188772322377758e+02 0.000000000000000000e+00 1.651690432495559335e+01
1.822611820433051548e+02 0.000000000000000000e+00 1.646543077813871037e+01
1.818323437719788842e+02 0.000000000000000000e+00 1.628914819212865339e+01
1.813608055192989070e+02 0.000000000000000000e+00 1.608527238289645567e+01
1.810550196113068466e+02 0.000000000000000000e+00 1.592971660925575250e+01
1.809937682169249342e+02 0.000000000000000000e+00 1.591265689863293353e+01
1.813046246045843759e+02 0.000000000000000000e+00 1.605879466520113397e+01
1.823324860725373071e+02 0.000000000000000000e+00 1.648534631376128345e+01
1.831056491686048844e+02 3.271277204759053903e-05 1.678285589042529935e+01
1.841798024802823761e+02 0.000000000000000000e+00 1.724883624313440578e+01
1.852041211550225626e+02 0.000000000000000000e+00 1.767831895607001869e+01
1.861272984811459992e+02 0.000000000000000000e+00 1.806916134266301555e+01
1.869243517146399540e+02 0.000000000000000000e+00 1.840069220225652558e+01
1.875537192786179617e+02 0.000000000000000000e+00 1.868251927600092799e+01
1.880836498294029013e+02 0.000000000000000000e+00 1.888173024393914190e+01
1.886135607525246201e+02 0.000000000000000000e+00 1.906711025185563102e+01
1.891001894069501645e+02 0.000000000000000000e+00 1.926589595375722652e+01
1.894335456392239223e+02 0.000000000000000000e+00 1.942181156789045104e+01
1.897272965183796600e+02 0.000000000000000000e+00 1.954958765550833988e+01
1.900651442142555823e+02 0.000000000000000000e+00 1.974545210686608243e+01
1.904784799029085036e+02 0.000000000000000000e+00 1.996939065919507073e+01
1.909409894305033504e+02 0.000000000000000000e+00 2.019936144668963252e+01
1.913882580776012503e+02 0.000000000000000000e+00 2.039882430297260996e+01
1.918859796330281142e+02 0.000000000000000000e+00 2.062599487717989888e+01
1.924131753960698745e+02 0.000000000000000000e+00 2.079130887072239631e+01
1.925217196450009851e+02 0.000000000000000000e+00 2.075095439512448792e+01
1.899310741892957139e+02 0.000000000000000000e+00 1.955263648586317515e+01
1.858475453971494176e+02 0.000000000000000000e+00 1.783827786882832811e+01
1.825679984036167127e+02 0.000000000000000000e+00 1.654218475519397202e+01
1.809362624349424777e+02 0.000000000000000000e+00 1.593659283394015524e+01
1.806252555685316281e+02 0.000000000000000000e+00 1.580837185262241995e+01
1.809196181765246649e+02 0.000000000000000000e+00 1.595350206581155561e+01
1.816972531085311573e+02 0.000000000000000000e+00 1.629466356549587758e+01
1.827022876041492907e+02 0.000000000000000000e+00 1.668789071317114292e+01
1.834807501692885978e+02 0.000000000000000000e+00 1.699739279206780651e+01
1.840902872508513610e+02 0.000000000000000000e+00 1.726694930501715675e+01
1.844440824231004399e+02 0.000000000000000000e+00 1.745032074872992567e+01
1.843958376268846564e+02 0.000000000000000000e+00 1.737984108135339412e+01
1.841479336977536150e+02 0.000000000000000000e+00 1.726712268270901163e+01
1.837518278261381681e+02 0.000000000000000000e+00 1.710631650915467006e+01
1.834706321088942786e+02 0.000000000000000000e+00 1.695442129470609061e+01
1.834850388137040227e+02 0.000000000000000000e+00 1.695341047004982116e+01
1.837232859325266361e+02 0.000000000000000000e+00 1.709334262376059499e+01
1.843567589493966068e+02 0.000000000000000000e+00 1.739532076508631420e+01
1.851291467527666725e+02 0.000000000000000000e+00 1.769200270861752600e+01
1.859217575918165721e+02 0.000000000000000000e+00 1.804773447697184352e+01
1.866557046167535248e+02 0.000000000000000000e+00 1.834993833642468886e+01
1.873028744712798357e+02 0.000000000000000000e+00 1.859864045719370296e+01
1.878615268359225468e+02 0.000000000000000000e+00 1.882224206797059907e+01
1.883844306832716597e+02 0.000000000000000000e+00 1.907810501454082797e+01
1.888444082423100383e+02 0.000000000000000000e+00 1.930225292861091901e+01
1.892681465924740962e+02 0.000000000000000000e+00 1.945696144145558648e+01
1.895932755625779009e+02 0.000000000000000000e+00 1.959130952497783795e+01
1.898739936733498723e+02 0.000000000000000000e+00 1.972092734166200501e+01
1.901126071752194093e+02 0.000000000000000000e+00 1.978890121069969510e+01
1.903867467475326407e+02 0.000000000000000000e+00 1.982922951607996254e+01
1.906935761929530031e+02 0.000000000000000000e+00 1.995706775796474375e+01
1.910443356199560867e+02 6.542554409518107975e-06 2.003572888963037713e+01
1.913025996839946288e+02 0.000000000000000000e+00 2.015659603979181469e+01
1.917059154505693641e+02 0.000000000000000000e+00 2.036218272700210363e+01
1.921565960397918218e+02 0.000000000000000000e+00 2.062286753617214785e+01
1.925628592271280581e+02 0.000000000000000000e+00 2.081595140190584559e+01
1.925684465685937710e+02 0.000000000000000000e+00 2.081139124148241137e+01
1.899135499573098400e+02 0.000000000000000000e+00 1.962958673955072442e+01
1.859373157862024186e+02 0.000000000000000000e+00 1.800548266059517744e+01
1.826762744078170329e+02 0.000000000000000000e+00 1.666147187846550892e+01
1.808832677442253782e+02 0.000000000000000000e+00 1.600701361832700442e+01
1.801735772397617268e+02 0.000000000000000000e+00 1.571952396374116390e+01
1.804896120592362934e+02 0.000000000000000000e+00 1.578957836508107881e+01
1.814294925267672340e+02 0.000000000000000000e+00 1.619510878632344486e+01
1.825345299665348477e+02 0.000000000000000000e+00 1.662313905218014298e+01
1.834287172340696941e+02 0.000000000000000000e+00 1.700870159736465936e+01
1.842247759992933993e+02 2.617021763807243190e-05 1.730438580134842042e+01
1.847252650552355249e+02 0.000000000000000000e+00 1.754372552675741304e+01
1.847389815205550576e+02 0.000000000000000000e+00 1.752382307624365865e+01
1.843093679565312755e+02 0.000000000000000000e+00 1.734992198003866548e+01
1.837562571354733905e+02 0.000000000000000000e+00 1.713135813615710035e+01
1.833580772741101441e+02 0.000000000000000000e+00 1.692382176773277536e+01
1.832602955271826772e+02 0.000000000000000000e+00 1.691093620682323007e+01
1.834911070329188760e+02 0.000000000000000000e+00 1.702002348777033092e+01
1.840504103817253281e+02 0.000000000000000000e+00 1.720826913451818996e+01
1.849165431759521994e+02 0.000000000000000000e+00 1.754308108514807429e+01
1.857833334968971997e+02 0.000000000000000000e+00 1.792335070381529150e+01
1.866080290227713476e+02 0.000000000000000000e+00 1.827912499877326979e+01
1.873351227219643249e+02 0.000000000000000000e+00 1.855892715192792863e+01
1.879815238263475123e+02 0.000000000000000000e+00 1.881000094867038896e+01
1.885306404179383719e+02 0.000000000000000000e+00 1.905365548871245807e+01
1.888827934090306826e+02 0.000000000000000000e+00 1.920105269700449213e+01
1.891961817652465925e+02 0.000000000000000000e+00 1.931722883565430493e+01
1.894474812801161931e+02 0.000000000000000000e+00 1.941972449303381509e+01
1.896634510011743942e+02 0.000000000000000000e+00 1.951314562744732584e+01
1.898262984517045027e+02 0.000000000000000000e+00 1.953281581727954119e+01
1.899901599981680818e+02 0.000000000000000000e+00 1.962158519550788327e+01
1.901565142578616872e+02 0.000000000000000000e+00 1.970128332204742705e+01
1.903557154119683048e+02 0.000000000000000000e+00 1.976923756342188554e+01
1.905363684243239106e+02 0.000000000000000000e+00 1.985909627695941282e+01
1.909242862890958463e+02 0.000000000000000000e+00 2.000372598473622077e+01
1.914175131096434086e+02 0.000000000000000000e+00 2.021755956177970504e+01
1.919150678299328376e+02 0.000000000000000000e+00 2.035747535910445549e+01
1.919380779937911257e+02 0.000000000000000000e+00 2.040259935686690085e+01
1.889430895904688157e+02 0.000000000000000000e+00 1.920026431919814414e+01
1.852611558730875174e+02 0.000000000000000000e+00 1.766611054954185889e+01
1.827652989456673538e+02 0.000000000000000000e+00 1.666224062860862887e+01
1.817244341508255161e+02 0.000000000000000000e+00 1.621795211504427670e+01
1.814424075291716179e+02 0.000000000000000000e+00 1.609963001854814024e+01
1.817556912045169781e+02 0.000000000000000000e+00 1.623359536263743408e+01
1.829362886051601151e+02 0.000000000000000000e+00 1.670615752508251717e+01
1.844805866054283570e+02 0.000000000000000000e+00 1.728087513207781711e+01
1.858935591823115487e+02 0.000000000000000000e+00 1.792446948061931877e+01
1.871714116542521822e+02 0.000000000000000000e+00 1.844001622553493647e+01
1.878105308955775570e+02 0.000000000000000000e+00 1.873807864804655665e+01
1.878017213460651362e+02 3.271277204759053903e-05 1.869873172582771659e+01
1.873587707848775494e+02 2.944149484283148716e-05 1.851210536129621076e+01
1.867045545992521909e+02 0.000000000000000000e+00 1.824160017795747990e+01
1.863192210434719982e+02 0.000000000000000000e+00 1.809206028309633041e+01
1.863093156160960007e+02 0.000000000000000000e+00 1.809019565508961591e+01
1.866433719016915802e+02 0.000000000000000000e+00 1.825023307850083754e+01
1.873331305141466316e+02 0.000000000000000000e+00 1.858149569336356066e+01
1.883436215001422909e+02 0.000000000000000000e+00 1.897390175046043126e+01
1.893186387561295589e+02 0.000000000000000000e+00 1.934983692683134393e+01
1.902961519966240473e+02 0.000000000000000000e+00 1.977528942625069064e+01
1.912172520617224620e+02 0.000000000000000000e+00 2.019091173766973668e+01
1.919614316417558939e+02 0.000000000000000000e+00 2.053329669502863908e+01
1.925481646499242743e+02 0.000000000000000000e+00 2.075059128335476188e+01
1.930438743698702240e+02 0.000000000000000000e+00 2.098311039579182946e+01
1.934428327952082327e+02 0.000000000000000000e+00 2.114834587868141469e+01
1.937036386416348535e+02 0.000000000000000000e+00 2.118860221596317928e+01
1.939917171261175497e+02 0.000000000000000000e+00 2.116694308959046822e+01
1.940945758952667859e+02 0.000000000000000000e+00 2.127549388107598816e+01
1.941760961232093905e+02 0.000000000000000000e+00 2.135331756577720697e+01
1.942457219872354699e+02 0.000000000000000000e+00 2.145341210568842527e+01
1.943250144754016446e+02 0.000000000000000000e+00 2.147671995577233162e+01
1.944678940498739053e+02 0.000000000000000000e+00 2.153028712000026346e+01
1.945918362006078155e+02 0.000000000000000000e+00 2.165093182331177601e+01
1.931651864137315044e+02 0.000000000000000000e+00 2.105232080761291513e+01
1.893769754425220242e+02 0.000000000000000000e+00 1.942319204687085943e+01
1.865098743502425691e+02 0.000000000000000000e+00 1.823580347475064656e+01
1.850033988570157533e+02 0.000000000000000000e+00 1.761802604590910448e+01
1.844564478509344383e+02 0.000000000000000000e+00 1.735208756554821719e+01
1.845823985658720687e+02 0.000000000000000000e+00 1.739878831892335853e+01
1.855259886617532175e+02 6.542554409518107805e-05 1.777206394692679936e+01
1.870156890454740335e+02 0.000000000000000000e+00 1.845034691894756307e+01
1.883529904380567359e+02 0.000000000000000000e+00 1.899610390884913258e+01
1.896265346379186951e+02 0.000000000000000000e+00 1.953734326493092865e+01
1.905492637990650735e+02 0.000000000000000000e+00 1.997844228322063742e+01
1.907843835768799181e+02 0.000000000000000000e+00 2.004646522141639764e+01
1.903650025679526152e+02 3.271277204759053987e-06 1.979518860548724035e+01
1.894174738543169383e+02 0.000000000000000000e+00 1.942357478630381706e+01
1.885135381807118904e+02 0.000000000000000000e+00 1.905634120729756376e+01
1.881144227340680573e+02 0.000000000000000000e+00 1.889349375676745524e+01
1.881152765374185094e+02 0.000000000000000000e+00 1.888637872884710234e+01
1.885215429960319398e+02 0.000000000000000000e+00 1.907934482860143177e+01
1.892065419001540647e+02 0.000000000000000000e+00 1.937670392651402906e+01
1.901042425194068528e+02 0.000000000000000000e+00 1.969508752302161270e+01
1.911351430038830017e+02 0.000000000000000000e+00 2.008663650549083712e+01
1.920067780863682572e+02 0.000000000000000000e+00 2.040171938329882195e+01
1.927190300008832367e+02 0.000000000000000000e+00 2.069688345420702547e+01
1.933018538327919487e+02 0.000000000000000000e+00 2.090668354645704241e+01
1.937953652544562999e+02 0.000000000000000000e+00 2.109779156075906670e+01
1.942594417238322251e+02 0.000000000000000000e+00 2.140593933089295930e+01
1.946845572816994832e+02 0.000000000000000000e+00 2.161354112486138135e+01
1.949506495120890008e+02 0.000000000000000000e+00 2.177980706007046408e+01
1.951704171859819326e+02 0.000000000000000000e+00 2.193060312537824075e+01
1.952883728994311241e+02 1.243085337808440456e-04 2.193372065255437775e+01
1.954230153979017928e+02 0.000000000000000000e+00 2.201509367302275777e+01
1.955914534611748365e+02 0.000000000000000000e+00 2.206507224615706875e+01
1.956853423882286336e+02 9.813831614277162386e-06 2.210472666843315537e+01
1.939184568731169804e+02 5.234043527614486380e-05 2.134228027648834924e+01
1.899469922241740960e+02 0.000000000000000000e+00 1.959806471240566594e+01
1.870569692925208756e+02 0.000000000000000000e+00 1.843215534641189990e+01
1.854660392356987870e+02 0.000000000000000000e+00 1.773033553490289194e+01
1.849800942782090374e+02 0.000000000000000000e+00 1.754409190980434374e+01
1.850834829942654380e+02 0.000000000000000000e+00 1.758367109270472639e+01
1.858723122368666338e+02 0.000000000000000000e+00 1.793132934891769636e+01
1.873507332567854462e+02 0.000000000000000000e+00 1.856326813677864251e+01
1.887450693674331319e+02 0.000000000000000000e+00 1.913158712556143470e+01
1.899192190807056875e+02 0.000000000000000000e+00 1.965572097313954458e+01
1.908367927089773559e+02 0.000000000000000000e+00 2.007766666339539086e+01
1.911814348476075622e+02 0.000000000000000000e+00 2.019030982266406227e+01
1.909230497463124436e+02 0.000000000000000000e+00 2.009945336957908424e+01
1.901839864438272514e+02 0.000000000000000000e+00 1.972874896545858547e+01
1.892458495670464629e+02 0.000000000000000000e+00 1.931038205246474249e+01
1.887269203215011260e+02 0.000000000000000000e+00 1.908734964392147759e+01
1.885729707449679609e+02 0.000000000000000000e+00 1.898262297548831867e+01
1.886902362189269695e+02 0.000000000000000000e+00 1.912247007599177095e+01
1.890578296384257442e+02 0.000000000000000000e+00 1.934457017053168215e+01
1.896338197722536734e+02 0.000000000000000000e+00 1.958478986950875367e+01
1.905402121750394997e+02 5.888298968566297431e-05 1.982747938277541877e+01
1.910443781465597510e+02 0.000000000000000000e+00 2.014208138283429861e+01
1.915921927698231286e+02 0.000000000000000000e+00 2.038301749151921527e+01
1.920914812670310994e+02 0.000000000000000000e+00 2.056034034368038377e+01
1.925915319718277487e+02 0.000000000000000000e+00 2.071449273940024227e+01
1.931384110098105680e+02 0.000000000000000000e+00 2.094101560072098778e+01
1.935330284502978486e+02 0.000000000000000000e+00 2.105646878710854963e+01
1.938018456545989352e+02 0.000000000000000000e+00 2.119777160596811783e+01
1.940604662878527620e+02 0.000000000000000000e+00 2.131742184100938431e+01
1.943252009382023004e+02 0.000000000000000000e+00 2.140631879904871226e+01
1.945577004229761542e+02 0.000000000000000000e+00 2.152387214540172877e+01
1.947833400394516161e+02 0.000000000000000000e+00 2.160295200054957476e+01
1.948313754739262720e+02 0.000000000000000000e+00 2.167888815830364635e+01
1.928373880814286281e+02 0.000000000000000000e+00 2.081422743881893922e+01
1.890460105138849372e+02 0.000000000000000000e+00 1.919122578028139614e+01
1.862501905518971910e+02 0.000000000000000000e+00 1.799114792388392203e+01
1.845506279216594407e+02 0.000000000000000000e+00 1.730575319522001010e+01
1.840207464400325819e+02 0.000000000000000000e+00 1.707038152906039130e+01
1.841594453222371612e+02 0.000000000000000000e+00 1.717590311785430401e+01
1.850804995894547176e+02 0.000000000000000000e+00 1.757870856518510649e+01
1.866112675872040825e+02 0.000000000000000000e+00 1.823236536240844430e+01
1.878063927299135401e+02 0.000000000000000000e+00 1.874949213421396266e+01
1.888233837437150555e+02 0.000000000000000000e+00 1.919034253543610902e+01
1.896730064018894950e+02 0.000000000000000000e+00 1.953799424909467319e+01
1.900084627941287181e+02 0.000000000000000000e+00 1.963704852285477642e+01
1.897978972230127681e+02 0.000000000000000000e+00 1.951833060181686719e+01
1.890710783111049977e+02 0.000000000000000000e+00 1.924936946131878202e+01
1.883717021436679602e+02 0.000000000000000000e+00 1.899292422740610675e+01
1.879450883408409254e+02 0.000000000000000000e+00 1.881128001805744887e+01
1.878830943665335269e+02 0.000000000000000000e+00 1.880574828830420131e+01
1.881634068389321328e+02 0.000000000000000000e+00 1.896804616426391377e+01
1.887019310349339776e+02 0.000000000000000000e+00 1.922206738176786445e+01
1.896748841150050282e+02 0.000000000000000000e+00 1.958934021610057385e+01
1.907242542305792483e+02 0.000000000000000000e+00 2.003814636348469591e+01
1.916491555197895877e+02 0.000000000000000000e+00 2.042313643515837995e+01
1.923779470118518304e+02 0.000000000000000000e+00 2.073746037665485886e+01
1.929933822062147613e+02 0.000000000000000000e+00 2.104926216342646583e+01
1.935919114399835053e+02 0.000000000000000000e+00 2.121722589150482108e+01
1.940449473487933858e+02 1.079521477570487829e-04 2.137782270331805634e+01
1.944034498889401448e+02 1.046808705522897276e-04 2.151846472418226242e+01
1.945708411435076641e+02 0.000000000000000000e+00 2.152982914119159474e+01
1.947536630126500370e+02 0.000000000000000000e+00 2.158564694413639984e+01
1.948729632210303748e+02 0.000000000000000000e+00 2.167659826426031344e+01
1.950061009319868788e+02 0.000000000000000000e+00 2.182867012767794890e+01
1.951746502186848886e+02 0.000000000000000000e+00 2.192075658099191671e+01
1.952326957614061200e+02 0.000000000000000000e+00 2.195988105636083532e+01
1.933711329414343254e+02 0.000000000000000000e+00 2.112089986293348431e+01
1.895566307153301864e+02 0.000000000000000000e+00 1.942843263295288381e+01
1.866988102364806252e+02 0.000000000000000000e+00 1.825469510060813150e+01
1.850348325596762606e+02 6.542554409518107805e-05 1.750966825977866392e+01
1.844949933102381294e+02 0.000000000000000000e+00 1.725348799931957444e+01
1.846207673762066861e+02 0.000000000000000000e+00 1.735762910913307877e+01
1.855745998410159245e+02 0.000000000000000000e+00 1.779783506874588994e+01
1.869942589085056568e+02 0.000000000000000000e+00 1.845007540293956794e+01
1.883689084729350895e+02 0.000000000000000000e+00 1.901236542783398775e+01
1.895678708238057482e+02 0.000000000000000000e+00 1.953230222675839300e+01
1.905463065644719620e+02 0.000000000000000000e+00 1.996001845000343522e+01
1.910072098949592885e+02 0.000000000000000000e+00 2.007427434893405405e+01
1.908420561939998095e+02 0.000000000000000000e+00 2.005422469094608573e+01
1.902952393102839039e+02 0.000000000000000000e+00 1.978062487937165415e+01
1.895349421474626297e+02 0.000000000000000000e+00 1.937144044149157196e+01
1.894687838372735769e+02 6.542554409518107805e-05 1.938148653378738828e+01
1.896276239732278555e+02 0.000000000000000000e+00 1.946760617747987254e+01
1.900212142326728610e+02 0.000000000000000000e+00 1.961902705673375991e+01
1.908410093852943135e+02 0.000000000000000000e+00 1.994422145238165456e+01
1.918359487194585427e+02 0.000000000000000000e+00 2.038189217216077509e+01
1.928637938310254469e+02 0.000000000000000000e+00 2.084990398801404154e+01
1.937964120631618243e+02 0.000000000000000000e+00 2.120834764517110571e+01
1.946048755115459699e+02 0.000000000000000000e+00 2.147083492808097205e+01
1.953728863460160881e+02 0.000000000000000000e+00 2.180940557621912390e+01
1.957064846528029989e+02 0.000000000000000000e+00 2.187937819562892017e+01
1.961963322439980288e+02 0.000000000000000000e+00 2.210995416940636105e+01
1.967710596648249464e+02 6.542554409518107975e-06 2.236619985540954758e+01
1.973453291068431952e+02 6.542554409518107975e-06 2.265952219725147287e+01
1.976590511333339748e+02 1.308510881903621595e-05 2.275158902290221263e+01
1.978901930380678493e+02 2.944149484283148716e-05 2.285815742040164622e+01
1.980371813367092955e+02 5.561171248090391906e-05 2.288055585542263159e+01
1.981436712235557991e+02 2.944149484283148716e-05 2.303821178902878941e+01
1.980967218531131095e+02 9.813831614277162386e-06 2.300299976119676515e+01
1.961577082740414255e+02 0.000000000000000000e+00 2.229156239470576395e+01
1.919476497508922535e+02 0.000000000000000000e+00 2.039547451511493747e+01
1.886232241053874645e+02 0.000000000000000000e+00 1.898776869453140748e+01
1.864666738634765295e+02 0.000000000000000000e+00 1.811243379752756866e+01
1.861212237193767578e+02 0.000000000000000000e+00 1.795608637480331282e+01
1.864650513099829539e+02 0.000000000000000000e+00 1.812334677828264518e+01
1.876990228694989469e+02 0.000000000000000000e+00 1.863493200650329840e+01
1.891649214402779364e+02 0.000000000000000000e+00 1.924833573772207984e+01
1.903887389553503340e+02 0.000000000000000000e+00 1.981615094981533787e+01
1.911069674933184217e+02 0.000000000000000000e+00 2.016811420682977385e+01
1.916353540012627263e+02 0.000000000000000000e+00 2.044175327373066153e+01
1.917578109921456644e+02 0.000000000000000000e+00 2.048000758936311527e+01
1.911481986712072114e+02 0.000000000000000000e+00 2.014713877739285763e+01
1.902939536983424489e+02 0.000000000000000000e+00 1.977174009048352588e+01
1.895483969106058169e+02 0.000000000000000000e+00 1.941626675302838478e+01
1.891239650496743536e+02 0.000000000000000000e+00 1.923229666558714612e+01
1.890702670343582383e+02 0.000000000000000000e+00 1.926421451727398093e+01
1.894061225224164389e+02 0.000000000000000000e+00 1.943747117186963180e+01
1.899619583173858643e+02 0.000000000000000000e+00 1.965617895194820974e+01
1.905905309610031111e+02 0.000000000000000000e+00 1.993545115819569347e+01
1.912800573127766199e+02 0.000000000000000000e+00 2.023262706458482540e+01
1.919178353304480709e+02 0.000000000000000000e+00 2.051944610734368979e+01
1.925966515206532108e+02 0.000000000000000000e+00 2.076907072828444356e+01
1.931479893094660838e+02 0.000000000000000000e+00 2.100118747362532901e+01
1.934723724283672084e+02 0.000000000000000000e+00 2.120371224537196042e+01
1.939007200081127564e+02 0.000000000000000000e+00 2.140342044744529559e+01
1.942043141603776348e+02 0.000000000000000000e+00 2.151916477750408063e+01
1.944327932454668257e+02 0.000000000000000000e+00 2.160014197343068787e+01
1.945715117553346261e+02 0.000000000000000000e+00 2.160337726658619317e+01
1.947304107742785959e+02 0.000000000000000000e+00 2.166442257050420039e+01
1.949367269563055629e+02 3.271277204759053987e-06 2.179662469618012821e+01
1.951607211203470058e+02 0.000000000000000000e+00 2.187536760977588557e+01
1.950519936798924334e+02 0.000000000000000000e+00 2.174786958072040122e+01
1.923771259212734321e+02 0.000000000000000000e+00 2.071152896225273210e+01
1.885759868625507352e+02 0.000000000000000000e+00 1.904326591231014376e+01
1.858944522409884428e+02 0.000000000000000000e+00 1.799183162081971687e+01
1.848991726939949274e+02 0.000000000000000000e+00 1.750489873761412696e+01
1.846919176554102080e+02 0.000000000000000000e+00 1.739848736142051777e+01
1.851014848327232301e+02 0.000000000000000000e+00 1.756803111638877013e+01
1.862963744434739795e+02 0.000000000000000000e+00 1.805862128750928264e+01
1.876941977356219127e+02 0.000000000000000000e+00 1.861004740080669606e+01
1.890306060695277210e+02 0.000000000000000000e+00 1.905559862737208476e+01
1.896910605807825618e+02 0.000000000000000000e+00 1.943770997510558018e+01
1.902231632596314626e+02 0.000000000000000000e+00 1.970143052952164098e+01
1.900680425658590025e+02 0.000000000000000000e+00 1.960578819788609906e+01
1.892930802673287758e+02 0.000000000000000000e+00 1.927853289759920941e+01
1.882302815588290059e+02 0.000000000000000000e+00 1.883293914443015993e+01
1.875280299387289915e+02 0.000000000000000000e+00 1.853487672191853974e+01
1.871731650588339164e+02 0.000000000000000000e+00 1.840154273432976595e+01
1.871660271319731237e+02 0.000000000000000000e+00 1.845871484603733848e+01
1.875781884321095561e+02 0.000000000000000000e+00 1.866493943230255326e+01
1.883402749835618408e+02 0.000000000000000000e+00 1.898509278977791226e+01
1.891182926550012837e+02 0.000000000000000000e+00 1.933510636557831219e+01
1.899662502330785117e+02 0.000000000000000000e+00 1.967794930174587975e+01
1.906570163989126172e+02 0.000000000000000000e+00 1.997411765475594692e+01
1.913295648219934435e+02 0.000000000000000000e+00 2.033222437036091890e+01
1.919563480769797081e+02 0.000000000000000000e+00 2.058326545433133603e+01
1.925312488754984486e+02 0.000000000000000000e+00 2.081083839563480709e+01
1.929742386920125341e+02 0.000000000000000000e+00 2.096914204212750832e+01
1.932631807936772645e+02 0.000000000000000000e+00 2.097912270887922759e+01
1.934101985338135705e+02 0.000000000000000000e+00 2.104033484793468034e+01
1.935394892227772630e+02 0.000000000000000000e+00 2.110186102960178900e+01
1.937129814093316327e+02 0.000000000000000000e+00 2.116124779597698335e+01
1.939382906268094189e+02 0.000000000000000000e+00 2.124372650814057195e+01
1.942286001223457674e+02 0.000000000000000000e+00 2.139728353140916894e+01
1.936645665067012203e+02 0.000000000000000000e+00 2.115663529511827434e+01
1.901712153776198875e+02 0.000000000000000000e+00 1.971995250105498698e+01
1.868450232424245314e+02 0.000000000000000000e+00 1.833096819991429172e+01
1.851309426839520995e+02 0.000000000000000000e+00 1.756366396132041885e+01
1.847973509197195767e+02 0.000000000000000000e+00 1.739679938238286283e+01
1.850672967146562939e+02 5.888298968566297431e-05 1.752532132120343888e+01
1.862529089832543434e+02 0.000000000000000000e+00 1.805944237808767738e+01
1.878777131155316908e+02 0.000000000000000000e+00 1.868632704266726918e+01
1.891958775364665541e+02 0.000000000000000000e+00 1.931067973869037857e+01
1.904236532969567293e+02 0.000000000000000000e+00 1.988686614915061313e+01
1.913077781158097537e+02 0.000000000000000000e+00 2.029566130504332833e+01
1.914620090221825421e+02 0.000000000000000000e+00 2.032535795950813196e+01
1.908463023118115984e+02 0.000000000000000000e+00 2.003629482058680011e+01
1.895194003094628101e+02 0.000000000000000000e+00 1.939954071268045155e+01
1.885283439813406403e+02 0.000000000000000000e+00 1.892860764628333925e+01
1.879981680847653251e+02 0.000000000000000000e+00 1.868711869175082185e+01
1.879894010618565687e+02 0.000000000000000000e+00 1.872116614489795339e+01
1.884305884046308108e+02 0.000000000000000000e+00 1.890565636541474959e+01
1.893169147930426561e+02 0.000000000000000000e+00 1.921265264597256817e+01
1.902596216440784929e+02 0.000000000000000000e+00 1.966678770392324438e+01
1.911467822081775410e+02 0.000000000000000000e+00 2.004051149690373634e+01
1.919060227484616803e+02 0.000000000000000000e+00 2.031796160174816990e+01
1.925708771275569120e+02 0.000000000000000000e+00 2.060831362388817567e+01
1.931386628981553315e+02 0.000000000000000000e+00 2.092016775109506099e+01
1.936007537022679799e+02 0.000000000000000000e+00 2.112768776313335906e+01
1.939547549649809639e+02 0.000000000000000000e+00 2.125951696320794682e+01
1.941156200215250180e+02 4.579788086662676006e-05 2.134423977153399932e+01
1.942390485817377623e+02 0.000000000000000000e+00 2.141319502373311678e+01
1.942615876816785487e+02 0.000000000000000000e+00 2.138289645426263874e+01
1.942835281378908689e+02 0.000000000000000000e+00 2.136404408373160990e+01
1.942597066972858215e+02 0.000000000000000000e+00 2.126633103362545896e+01
1.935942896585113715e+02 0.000000000000000000e+00 2.098383007677687573e+01
1.901436417820609677e+02 0.000000000000000000e+00 1.960015832981671124e+01
1.864620319211229571e+02 0.000000000000000000e+00 1.812412861353458382e+01
1.845094752544235917e+02 0.000000000000000000e+00 1.730211880624552379e+01
1.839587066678443250e+02 0.000000000000000000e+00 1.705808152677049705e+01
1.840458109659754484e+02 0.000000000000000000e+00 1.711639858549973781e+01
1.847642292380214144e+02 0.000000000000000000e+00 1.747034423650025659e+01
1.862436545400420584e+02 0.000000000000000000e+00 1.807364299243353756e+01
1.876662970123425396e+02 0.000000000000000000e+00 1.865727155853459962e+01
1.887543663372490528e+02 0.000000000000000000e+00 1.916412324863996730e+01
1.897748674314912876e+02 0.000000000000000000e+00 1.956150818964248117e+01
1.900169223169802137e+02 0.000000000000000000e+00 1.965910674504646849e+01
1.895416744359500285e+02 0.000000000000000000e+00 1.942546885580537364e+01
1.883914377590442655e+02 0.000000000000000000e+00 1.893930799402010479e+01
1.872814476055886530e+02 0.000000000000000000e+00 1.848603328197428297e+01
1.867523414166593057e+02 0.000000000000000000e+00 1.825531337199982929e+01
1.866222100094539940e+02 0.000000000000000000e+00 1.817283793111344536e+01
1.868464200777909809e+02 0.000000000000000000e+00 1.831155971225845747e+01
1.875225538206882163e+02 0.000000000000000000e+00 1.859371718500053916e+01
1.885317362958019771e+02 0.000000000000000000e+00 1.906622700701034745e+01
1.895755943092861742e+02 0.000000000000000000e+00 1.951766326126709572e+01
1.903854807632544066e+02 0.000000000000000000e+00 1.986366297993725638e+01
1.911357972593239651e+02 0.000000000000000000e+00 2.015164332610381237e+01
1.917756721656836589e+02 0.000000000000000000e+00 2.050108115711617174e+01
1.923513547994543558e+02 0.000000000000000000e+00 2.073578221144881439e+01
1.927294980879384809e+02 0.000000000000000000e+00 2.093727653087594831e+01
1.930122149490825620e+02 0.000000000000000000e+00 2.105132633934266906e+01
1.931686408824597265e+02 0.000000000000000000e+00 2.106727054443866365e+01
1.933407983879145888e+02 0.000000000000000000e+00 2.107956727545135323e+01
1.934949605974660756e+02 0.000000000000000000e+00 2.117696628294585182e+01
1.933377789990545921e+02 6.869682129994013331e-05 2.108034911070329187e+01
1.904286976064064731e+02 0.000000000000000000e+00 1.982935382461374374e+01
1.862160253327706698e+02 0.000000000000000000e+00 1.798884821600897510e+01
1.833826969063531465e+02 0.000000000000000000e+00 1.686665292730240751e+01
1.823067345783814233e+02 0.000000000000000000e+00 1.636516613181284541e+01
1.820961493796022808e+02 0.000000000000000000e+00 1.627044957162625138e+01
1.826007667873767844e+02 0.000000000000000000e+00 1.650148679548956210e+01
1.839201055968281651e+02 0.000000000000000000e+00 1.701344167803435425e+01
1.851853472951444530e+02 0.000000000000000000e+00 1.759143383351161916e+01
1.863063812804433326e+02 0.000000000000000000e+00 1.808771929824561298e+01
1.872237193767562644e+02 0.000000000000000000e+00 1.843598274074146914e+01
1.878100500178284733e+02 0.000000000000000000e+00 1.868871834630394702e+01
1.877780209427166653e+02 0.000000000000000000e+00 1.867127262497096751e+01
1.871029667212970082e+02 0.000000000000000000e+00 1.839794105812732639e+01
1.861478682722095073e+02 0.000000000000000000e+00 1.797009725507129829e+01
1.856230605415272237e+02 6.542554409518107975e-06 1.774152657422037294e+01
1.854591073993018995e+02 0.000000000000000000e+00 1.767858392952360447e+01
1.855791142035585040e+02 0.000000000000000000e+00 1.774190604237612590e+01
1.860773493495065338e+02 0.000000000000000000e+00 1.800398114435819252e+01
1.869483301765508259e+02 0.000000000000000000e+00 1.833000644441609239e+01
1.878333120700314964e+02 0.000000000000000000e+00 1.873188939157515165e+01
1.887406400580978811e+02 0.000000000000000000e+00 1.909954496534081869e+01
1.896005541543584911e+02 0.000000000000000000e+00 1.941705513083473278e+01
1.903199276393482364e+02 0.000000000000000000e+00 1.976023173727718429e+01
1.908869741012983638e+02 0.000000000000000000e+00 2.004681524807730852e+01
1.913830305766280446e+02 0.000000000000000000e+00 2.026481643227965534e+01
1.917794374057463358e+02 0.000000000000000000e+00 2.042219757860061335e+01
1.920665933900572782e+02 0.000000000000000000e+00 2.055651294935081452e+01
1.922370629164744855e+02 0.000000000000000000e+00 2.064624735435456060e+01
1.924042677082413206e+02 0.000000000000000000e+00 2.071534654275068732e+01
1.925674292013831064e+02 0.000000000000000000e+00 2.077724237874193136e+01
1.927100405311245765e+02 0.000000000000000000e+00 2.085478800488074569e+01
1.917785672460098567e+02 0.000000000000000000e+00 2.037814655976132627e+01
1.876677200179265981e+02 0.000000000000000000e+00 1.863485022457318152e+01
1.838980408320820743e+02 0.000000000000000000e+00 1.705021737637025581e+01
1.815625255568531600e+02 0.000000000000000000e+00 1.612163262902735283e+01
1.810166704286354502e+02 0.000000000000000000e+00 1.586766375195867695e+01
1.810412900608784810e+02 0.000000000000000000e+00 1.588835130900157289e+01
1.818541893611522653e+02 0.000000000000000000e+00 1.619599203116872843e+01
1.833236045549263906e+02 0.000000000000000000e+00 1.679805097304140560e+01
1.843985331593013939e+02 0.000000000000000000e+00 1.724256847601008857e+01
1.851665243661082627e+02 0.000000000000000000e+00 1.757907167695483253e+01
1.859039520299910748e+02 0.000000000000000000e+00 1.787489981713560283e+01
1.861910654876983529e+02 0.000000000000000000e+00 1.800301284630558385e+01
1.860439528805231362e+02 0.000000000000000000e+00 1.791422711169121840e+01
1.855400780526741187e+02 0.000000000000000000e+00 1.769314111308478132e+01
1.849742779473389760e+02 0.000000000000000000e+00 1.747591195030275557e+01
1.846997883483648479e+02 0.000000000000000000e+00 1.733121681698185412e+01
1.846944398101350657e+02 0.000000000000000000e+00 1.731142231861585756e+01
1.849820210604826514e+02 0.000000000000000000e+00 1.743894651788897932e+01
1.855836220235466669e+02 0.000000000000000000e+00 1.773082622648360740e+01
1.865259036085458888e+02 0.000000000000000000e+00 1.802165585509550638e+01
1.874890886548835169e+02 0.000000000000000000e+00 1.845857090984032922e+01
1.883470367135440711e+02 0.000000000000000000e+00 1.885237053102642690e+01
1.891055052324078929e+02 0.000000000000000000e+00 1.918207274666248097e+01
1.897509903791737429e+02 0.000000000000000000e+00 1.946766506046956025e+01
1.902375634218868186e+02 0.000000000000000000e+00 1.965845576088272040e+01
1.906173717904681553e+02 0.000000000000000000e+00 1.989174035218570324e+01
1.908983843161885829e+02 0.000000000000000000e+00 2.003040325034103120e+01
1.910912097510230865e+02 0.000000000000000000e+00 2.011262680288264804e+01
1.911823115498984293e+02 0.000000000000000000e+00 2.014489795250759840e+01
1.913144122659810193e+02 0.000000000000000000e+00 2.019454612664422655e+01
1.914242224991903640e+02 0.000000000000000000e+00 2.019381336055035803e+01
1.916595221972514764e+02 0.000000000000000000e+00 2.030874314258516122e+01
1.919026925882672288e+02 0.000000000000000000e+00 2.043560654386292086e+01
1.914655125600688166e+02 0.000000000000000000e+00 2.021301575774229420e+01
1.876118924011501861e+02 0.000000000000000000e+00 1.862986479811312890e+01
1.837924472751896587e+02 0.000000000000000000e+00 1.694987421939147865e+01
1.812845389625471455e+02 0.000000000000000000e+00 1.588666987251832730e+01
1.806674681295818345e+02 0.000000000000000000e+00 1.567401068399135156e+01
1.807432210958124301e+02 0.000000000000000000e+00 1.570304654046079129e+01
1.817193603998809124e+02 0.000000000000000000e+00 1.605028280191435286e+01
1.832528370151558192e+02 0.000000000000000000e+00 1.669070728284444272e+01
1.843307948222224297e+02 0.000000000000000000e+00 1.712401739010962132e+01
1.849801858739707825e+02 0.000000000000000000e+00 1.741224635334373616e+01
1.857468456709553095e+02 0.000000000000000000e+00 1.769371031531840899e+01
1.861023909765089570e+02 0.000000000000000000e+00 1.784391755072932995e+01
1.860076907727084006e+02 3.271277204759053903e-05 1.786194555940475936e+01
1.856609942719936157e+02 0.000000000000000000e+00 1.770490462591309466e+01
1.853012093911825957e+02 0.000000000000000000e+00 1.754189688279994996e+01
1.850987042470991923e+02 0.000000000000000000e+00 1.745384064300224836e+01
1.852112852521009643e+02 0.000000000000000000e+00 1.753079089668979407e+01
1.856449159445322152e+02 0.000000000000000000e+00 1.768771406420208692e+01
1.864219358764242429e+02 0.000000000000000000e+00 1.800797210254799907e+01
1.873196201392909757e+02 0.000000000000000000e+00 1.836433195612562841e+01
1.881394938025653403e+02 0.000000000000000000e+00 1.871546103745285095e+01
1.890142300558406987e+02 0.000000000000000000e+00 1.903608218756849269e+01
1.900957470125060809e+02 0.000000000000000000e+00 1.943578973538638621e+01
1.908502343870117102e+02 0.000000000000000000e+00 1.976817439833034129e+01
1.914029591973594222e+02 0.000000000000000000e+00 2.005741091494352091e+01
1.918967126935369265e+02 0.000000000000000000e+00 2.023438701172098675e+01
1.923300816837918035e+02 0.000000000000000000e+00 2.040588044790327515e+01
1.926434929389481567e+02 0.000000000000000000e+00 2.065834126618055322e+01
