2.449191665651273411e+02 1.700627513098574539e+01 5.313137565492871772e+01
2.449391251370780935e+02 1.703255757280370375e+01 5.315765809674667963e+01
2.449894845863287571e+02 1.708291702205434248e+01 5.320801754599732192e+01
2.453147556963567695e+02 1.752194468136956118e+01 5.356857560618983882e+01
2.457024613135128561e+02 1.775049348117460823e+01 5.402627025709760034e+01
2.460026440843182627e+02 1.785042037285244376e+01 5.442135981479225393e+01
2.464268794931156208e+02 1.777263311806994039e+01 5.483035213841842648e+01
2.465564761788716908e+02 1.724950651882539177e+01 5.464362129889119046e+01
2.458900572681857000e+02 1.619428536615084724e+01 5.363670037772632782e+01
2.453627269404167066e+02 1.543537224320701817e+01 5.301584013646886717e+01
2.449765809674667878e+02 1.497826245887656960e+01 5.269848909467527420e+01
2.450794687461922763e+02 1.506853905202875588e+01 5.280696966004629900e+01
2.454816619958571948e+02 1.518536615084683739e+01 5.319878152796393067e+01
2.459297307176800302e+02 1.555942488119897682e+01 5.359238454977458588e+01
2.462649811136834330e+02 1.602500304618008897e+01 5.390935786523699136e+01
2.465155355184598420e+02 1.629872060436213133e+01 5.404650907761666900e+01
2.466415377117095034e+02 1.645626903862556389e+01 5.433999025222371415e+01
2.467085414889728270e+02 1.675207749482149211e+01 5.444328012672109196e+01
2.468030705495309007e+02 1.690751797246253219e+01 5.445998537833556696e+01
2.468451200194955391e+02 1.695144388936273927e+01 5.456273912513707813e+01
2.468449250639697823e+02 1.684898257584988457e+01 5.443147313269160747e+01
2.467918849762397997e+02 1.683247227976118054e+01 5.436858779091019755e+01
2.467644328012672190e+02 1.690595832825636791e+01 5.429049591811867970e+01
2.469275740221762021e+02 1.682759839161691318e+01 5.467430242475935387e+01
2.470644328012672020e+02 1.699357865236992637e+01 5.478518338004143118e+01
2.471661264773973414e+02 1.719705129767271856e+01 5.483512854879980836e+01
2.473724503472645324e+02 1.753306933105885079e+01 5.504876325088338973e+01
2.475736931887413164e+02 1.757483855245522264e+01 5.525848665773120416e+01
2.477234799561350087e+02 1.782800048738881316e+01 5.553014499817228966e+01
2.478963811380528739e+02 1.801835018886316675e+01 5.585879127574022363e+01
2.480599610088948452e+02 1.831044230534909190e+01 5.590950408188132315e+01
2.481461922748872837e+02 1.848673083952723317e+01 5.589696600463019394e+01
2.481669428536615101e+02 1.865124893383696758e+01 5.595892530766418815e+01
2.481128914341415737e+02 1.862296819787986024e+01 5.600538564639941796e+01
2.481490434994516932e+02 1.854949433410503090e+01 5.578699890337517076e+01
2.481093334957962782e+02 1.849207993176556641e+01 5.593433654197636429e+01
2.481533934446204341e+02 1.849817229194589885e+01 5.589071524308516814e+01
2.481201900816376167e+02 1.873821128305105432e+01 5.590561715608626514e+01
2.481842695260143898e+02 1.902812233459242108e+01 5.559061776532228549e+01
2.480516266601681536e+02 1.901524308517119621e+01 5.544407213354453745e+01
2.474532228585353835e+02 1.826004630193737199e+01 5.483387352260265857e+01
2.465047764103813677e+02 1.721004020957719050e+01 5.370151090532472438e+01
2.456161082003168019e+02 1.622839039844035725e+01 5.284018520774948513e+01
2.451417935908370964e+02 1.562519800170586137e+01 5.241877665407579201e+01
2.451415255269891418e+02 1.541230656756427386e+01 5.253298403801633043e+01
2.452418666991592602e+02 1.545747532594126916e+01 5.274946996466431415e+01
2.454172170098696313e+02 1.568335567198732861e+01 5.287381503594492216e+01
2.454967832338247717e+02 1.573521384184232907e+01 5.283160716461556916e+01
2.454726940416717298e+02 1.587427805531863001e+01 5.286968441574266109e+01
2.454720848056537079e+02 1.602884123309370068e+01 5.291063726087486430e+01
2.453575606189837970e+02 1.579551602290727352e+01 5.285587912757402052e+01
2.450380650664067161e+02 1.549031314731326958e+01 5.255720726209333549e+01
2.446855123674911567e+02 1.499283538442792718e+01 5.230285122456439950e+01
2.441597416839283596e+02 1.449429755087120775e+01 5.203722432070183856e+01
2.436121116120384897e+02 1.398688924089192120e+01 5.155048129645424382e+01
2.433352869501644875e+02 1.362120141342756163e+01 5.121227001340319163e+01
2.431991348848544021e+02 1.347870110880955252e+01 5.126663823565249345e+01
2.432088582917021995e+02 1.347165834044108657e+01 5.118653588400146504e+01
2.432735469720969945e+02 1.355986353113195975e+01 5.117292555135859544e+01
2.436405020104788548e+02 1.393018155233337474e+01 5.137002558791275675e+01
2.439399293286219006e+02 1.414588765687827454e+01 5.162363835749969354e+01
2.440497623979529749e+02 1.427431460947971331e+01 5.170452053125380587e+01
2.442021566955038452e+02 1.442232240770074370e+01 5.182323626172779285e+01
2.443397100036554264e+02 1.451149019130011020e+01 5.196323869867186573e+01
2.444333130254660773e+02 1.450024369440721372e+01 5.202529547946874544e+01
2.444796758864384003e+02 1.458396490800536149e+01 5.212674546119166763e+01
2.444566467649567301e+02 1.453869867186548070e+01 5.217360789569879387e+01
2.444117095162665976e+02 1.463729742902400410e+01 5.206349457779943890e+01
2.441274156208114903e+02 1.447957840867552015e+01 5.177383940538564389e+01
2.439038625563543405e+02 1.415553795540392379e+01 5.158422078713293502e+01
2.435473132691604690e+02 1.400671378091872832e+01 5.114458389179968378e+01
2.432321920311928807e+02 1.381152674546119208e+01 5.099964664310954277e+01
2.430477275496527341e+02 1.353755330815157798e+01 5.083882051906908828e+01
2.423519678323382607e+02 1.304022176191056381e+01 5.032848787620324060e+01
2.400100158401364752e+02 1.131761910564152629e+01 4.834869014256123165e+01
2.360654075788960711e+02 8.276178871694893857e+00 4.538749847690995409e+01
2.331282076276349358e+02 6.371219690508103106e+00 4.309796515169976772e+01
2.319491409772145687e+02 5.671365907152431163e+00 4.232742780553186179e+01
2.317187279151943358e+02 5.440818813208236904e+00 4.236819787985865560e+01
2.318109053247227962e+02 5.485280857804313293e+00 4.241826489582064141e+01
2.321760204703302009e+02 5.599402948702326910e+00 4.254619227488728939e+01
2.328375167539904851e+02 5.820458145485560841e+00 4.312451565736566295e+01
2.334029608870476409e+02 6.161545022541732308e+00 4.377729986596807521e+01
2.337927500913854146e+02 6.407530157182892872e+00 4.405501401242841553e+01
2.336247106128914481e+02 6.278932618496405382e+00 4.388748629218959252e+01
2.328444011209942630e+02 5.675594005117582164e+00 4.328146704033142100e+01
2.314256122821981307e+02 4.954624101376873035e+00 4.230649445595223312e+01
2.301563299622273746e+02 4.201766784452297010e+00 4.138559766053369060e+01
2.298640916290971177e+02 4.034616790544657050e+00 4.115009138540270328e+01
2.300736566345802316e+02 4.279200682344340478e+00 4.131964176922139842e+01
2.308312538077251190e+02 4.649311563299622030e+00 4.187675155355184842e+01
2.317591446326306936e+02 5.300889484586329026e+00 4.274167174363348209e+01
2.326193005970513070e+02 5.533373949067868836e+00 4.328814426708907348e+01
2.329774826367734875e+02 5.842622151821615262e+00 4.365792616059461295e+01
2.332032776897770248e+02 5.946582185938832588e+00 4.368474473010844150e+01
2.334457292555135837e+02 6.009552820762763758e+00 4.382220056049713719e+01
2.336164250030461744e+02 6.190812720848056117e+00 4.396220299744121007e+01
2.339468746192274864e+02 6.577738515901059735e+00 4.423401973924698183e+01
2.342728889971975264e+02 6.772438162544169415e+00 4.446885585475813230e+01
2.344602899963445850e+02 6.817765322285853635e+00 4.456184964055074715e+01
2.343880346046058207e+02 6.895832825636651897e+00 4.449745339344462280e+01
2.341860850493481223e+02 6.848202753746801541e+00 4.449816010722553727e+01
2.340017789691726477e+02 6.763141220908980067e+00 4.421893505544047542e+01
2.335973924698428164e+02 6.420567807968807550e+00 4.400461800901669562e+01
2.331959181186791739e+02 6.187839649080054016e+00 4.369712440599488446e+01
2.330367125624466951e+02 6.200523942975508795e+00 4.347287681247715341e+01
2.329540026806384674e+02 6.235360058486657309e+00 4.331111246496892875e+01
2.309973193615206526e+02 5.086803947849396934e+00 4.197606920921165141e+01
2.277839405385646501e+02 3.576654075788960441e+00 3.963137565492871772e+01
2.253600463019373592e+02 2.465846228829048581e+00 3.781888631655903765e+01
2.238890946752771924e+02 1.801778969172657563e+00 3.681845985134641097e+01
2.239127452174972461e+02 1.802485682953576251e+00 3.680029243328865363e+01
2.252153893018155202e+02 2.102765931521871412e+00 3.772148166199585972e+01
2.269752284635067667e+02 2.693566467649567642e+00 3.898684050201048024e+01
2.286009260387474171e+02 3.243499451687583690e+00 4.026919702692823222e+01
2.298496039965882858e+02 3.998793712684293844e+00 4.110760326550505539e+01
2.310962958450103599e+02 4.611441452418667097e+00 4.190687218228341493e+01
2.318239795296697991e+02 5.002083587181673785e+00 4.261389058121115880e+01
2.318757402217619017e+02 5.057207262093334599e+00 4.258420860241257344e+01
2.309000609236018136e+02 4.470695747532594133e+00 4.169385890093822411e+01
2.292136834409650419e+02 3.546972096990374190e+00 4.055631777750700451e+01
2.277818691361033245e+02 3.013220421591324527e+00 3.954067259656390831e+01
2.269427318143048637e+02 2.661739978067503287e+00 3.891620567807968456e+01
2.267230534909223820e+02 2.628451322042159255e+00 3.880982088461070134e+01
2.268631168514682486e+02 2.714109906177653020e+00 3.887667844522967897e+01
2.271566467649567471e+02 2.823443401973924516e+00 3.914917753137565626e+01
2.276090776166686851e+02 3.031351285487998037e+00 3.931850859022785727e+01
2.283184964055074886e+02 3.387583769952479784e+00 3.996818569513829544e+01
2.290253076641891141e+02 3.719739246984281600e+00 4.054782502741561956e+01
2.297228950895576816e+02 4.141598635311319221e+00 4.109886682100646027e+01
2.302780431339100744e+02 4.480516632143292099e+00 4.156833191178262155e+01
2.307742415011575474e+02 4.744717923723650976e+00 4.189755087120750687e+01
2.313530157182892708e+02 4.952808578043134347e+00 4.226881930059705184e+01
2.318868039478493870e+02 5.224125746314122409e+00 4.275754843426343399e+01
2.322314975021323278e+02 5.577531375654928958e+00 4.299217740952845190e+01
2.326635676861216098e+02 5.706591933715121634e+00 4.334310954063604271e+01
2.328050810283903900e+02 5.817972462531985300e+00 4.339942731814304722e+01
2.321464847081759615e+02 5.473278908249056052e+00 4.282936517606921001e+01
2.286621908127208371e+02 3.747569148288046659e+00 4.012261484098939945e+01
2.248446326306811329e+02 2.207542341903253380e+00 3.730476422566102457e+01
2.222982819544291431e+02 1.399597904228097933e+00 3.576476178871694600e+01
2.210596807603265574e+02 1.052345558669428582e+00 3.479066650420372753e+01
2.209810649445595345e+02 9.320701839892774343e-01 3.479573534787376587e+01
2.218271110028024964e+02 1.079371268429389463e+00 3.532946265383209550e+01
2.229676861216035206e+02 1.378006579748994653e+00 3.631374436456682986e+01
2.241319727062263780e+02 1.586426221518216106e+00 3.701523090045083819e+01
2.250497502132326133e+02 1.925441696113074252e+00 3.762887778725477972e+01
2.256270866333617562e+02 2.186487145120019626e+00 3.819853783355672050e+01
2.258597660533690714e+02 2.342524674058730216e+00 3.834782502741562382e+01
2.254927744608261264e+02 2.280346046058242759e+00 3.808523211892286753e+01
2.245631899597904351e+02 1.946838065066406775e+00 3.758320945534300250e+01
2.235474473010844463e+02 1.691032045814548468e+00 3.683838186913610002e+01
2.226316802729377287e+02 1.376836846594370556e+00 3.615595223589618712e+01
2.221081881320823754e+02 1.172389423662727026e+00 3.581887413183867608e+01
2.220211892287072146e+02 1.222164006336054598e+00 3.578253929572316139e+01
2.222499086145973024e+02 1.229876934324357185e+00 3.592146947727549389e+01
2.227242597782380926e+02 1.367600828560984416e+00 3.625279639332277526e+01
2.232839283538442885e+02 1.522748872913366691e+00 3.671367125624466610e+01
2.241490191300109700e+02 1.674546119166565150e+00 3.737488729133666254e+01
2.251511392713537134e+02 2.022566102107956620e+00 3.781251370781040322e+01
2.261184720360667768e+02 2.234299987815279831e+00 3.877436334836115606e+01
2.271885585475813230e+02 2.569769708785183404e+00 3.938988668210064503e+01
2.283541732667235351e+02 3.201523090045083286e+00 4.012854879980504563e+01
2.293357499695381989e+02 3.886535884001462104e+00 4.072449128792494122e+01
2.301699402948702300e+02 4.249713659071524319e+00 4.142940173023028905e+01
2.308949067868892371e+02 4.635335689045936292e+00 4.177184111124649490e+01
2.315122090898013880e+02 4.929718532959668664e+00 4.222623370293651845e+01
2.316952357743389825e+02 5.153844279273791074e+00 4.234353600584866228e+01
2.296797489947605584e+02 4.117363226513951702e+00 4.098567076885585436e+01
2.254156939198245482e+02 2.254916534665529326e+00 3.780893140002437036e+01
2.221632508833922373e+02 1.273754112343121747e+00 3.552984038016327872e+01
2.212418910685999833e+02 9.454490069452906598e-01 3.497175581820397383e+01
2.213410503228950859e+02 9.653710247349823748e-01 3.520475204094066157e+01
2.222540026806384788e+02 1.172133544535152838e+00 3.602714755696356974e+01
2.239022298038260033e+02 1.494163518947240199e+00 3.729458998415986315e+01
2.253453880833434937e+02 1.962324844644815380e+00 3.811374436456683412e+01
2.265829901303765155e+02 2.391373217984647415e+00 3.893791884976239714e+01
2.275700255879127667e+02 2.840002436944072173e+00 3.963275252832947615e+01
2.282658584135494095e+02 3.294906786889240990e+00 4.007271841111246147e+01
2.285352503960034198e+02 3.390081637626416455e+00 4.011510905324723097e+01
2.281377482636773379e+02 3.090483733398318389e+00 3.983026684537589546e+01
2.272065066406725862e+02 2.721396368953332701e+00 3.924380406969660129e+01
2.263936517606920802e+02 2.328256366516388454e+00 3.858903375167540162e+01
2.260000487388814463e+02 2.210637260874862786e+00 3.835185816985499940e+01
2.260581333008407512e+02 2.373766297063482522e+00 3.849314000243694522e+01
2.264916047276715005e+02 2.490361886194711882e+00 3.875039600341172275e+01
2.272548434263433705e+02 2.814134275618374481e+00 3.924242719629584286e+01
2.280507249908614540e+02 3.184854392591689898e+00 3.989850127939563862e+01
2.289223833313025409e+02 3.661435360058486577e+00 4.056783233824783963e+01
2.297314243938101583e+02 4.014524186669915728e+00 4.118067503350798120e+01
2.304482027537468127e+02 4.521822834165956095e+00 4.178810771292798876e+01
2.309815767028146638e+02 4.888034604605824285e+00 4.218686487145119912e+01
2.314104057511880228e+02 5.195540392347995251e+00 4.245626903862556389e+01
2.318862312659924498e+02 5.449421225782868028e+00 4.272670890703058433e+01
2.323841354940904012e+02 5.607505787742171677e+00 4.299717314487632791e+01
2.327384306080175520e+02 6.020823687096380716e+00 4.339143414158645129e+01
2.332108931400024403e+02 6.132630681125868399e+00 4.380982088461070134e+01
2.331260143779700229e+02 6.387961496283660168e+00 4.359778238089435831e+01
2.314301449981722953e+02 5.632740343609114575e+00 4.218128426952601728e+01
2.282868770561715621e+02 3.926562690386255827e+00 3.983337394906786955e+01
2.262264164737419208e+02 2.826842938954551077e+00 3.830048738881442461e+01
2.264213110759108076e+02 2.884147678810771165e+00 3.852345558669428272e+01
2.276991592542951253e+02 3.292640428902156913e+00 3.963751675399049645e+01
2.296375045692701349e+02 4.283099792859753840e+00 4.086197148775435295e+01
2.314664067259656406e+02 5.363287437553307946e+00 4.238152796393323030e+01
2.329072742780553256e+02 6.260411843548190802e+00 4.333040087729986567e+01
2.338438406238576874e+02 6.799512611185573263e+00 4.403075423419032575e+01
2.345050810283904070e+02 7.219117826245887493e+00 4.445977823808943441e+01
2.350990617765322384e+02 7.712111612038503594e+00 4.507464359692944811e+01
2.354978433044961719e+02 8.051066163031558531e+00 4.523401973924698183e+01
2.358170220543438518e+02 8.169623492140855703e+00 4.531320823687096322e+01
2.359196661386621088e+02 8.402790300962593051e+00 4.545884001462166424e+01
2.361527598391616891e+02 8.686353113196052078e+00 4.545126111855732631e+01
2.364484708175947389e+02 8.891300109662482853e+00 4.575769465090775867e+01
2.367879980504447417e+02 9.234190325332033211e+00 4.587358352625807356e+01
2.371599488241744780e+02 9.405629340806628491e+00 4.618882661142927049e+01
2.374119532106738291e+02 9.670342390642135300e+00 4.636540757889606112e+01
2.375400633605458722e+02 9.735628122334592405e+00 4.635522115267454524e+01
2.377619714877543515e+02 9.764725234555866606e+00 4.643091263555501058e+01
2.379154989642987630e+02 1.014215913244790990e+01 4.659650298525648537e+01
2.380228950895576929e+02 1.024706957475325986e+01 4.653902765931521657e+01
2.381706835628122292e+02 1.036304374314609511e+01 4.652706226392104583e+01
2.382396125258925395e+02 1.067701961739978067e+01 4.659781893505544303e+01
2.383019373705373596e+02 1.073303277689777069e+01 4.674009991470695979e+01
2.383884732545388090e+02 1.087931034482758541e+01 4.682463750456926732e+01
2.386307420494699727e+02 1.115291824052638070e+01 4.694457170707931937e+01
2.390175703667600828e+02 1.144565614719142133e+01 4.731729011819178510e+01
2.392102960887047516e+02 1.166171560862678191e+01 4.745686608992323841e+01
2.390094553429998712e+02 1.133984403557938414e+01 4.724286584622883112e+01
2.378745095650054964e+02 1.068708419641769147e+01 4.628801023516510327e+01
2.367433654197636201e+02 9.865955891312294668e+00 4.544154989642987630e+01
2.358593395881564447e+02 9.203168027293774145e+00 4.477814061167295989e+01
2.357435481905690153e+02 8.626501766784452130e+00 4.486629706348239210e+01
2.358784817838430570e+02 8.663531131960521492e+00 4.506398196661386635e+01
2.362290361886194603e+02 8.787279151943462097e+00 4.534776410381381595e+01
2.365445595223589521e+02 8.826940416717436122e+00 4.566952601437797199e+01
2.367524552211526725e+02 8.974972584379187879e+00 4.592177409528451193e+01
2.369912513707810433e+02 9.309491897160960150e+00 4.623560375289387281e+01
2.370446813695625679e+02 9.691580358230778458e+00 4.601426830754234487e+01
2.370205799926891643e+02 9.631631534056293020e+00 4.594023394663092574e+01
2.367527963933227682e+02 9.326111855732911238e+00 4.578106494455952458e+01
2.365187888387961550e+02 9.215486779578409227e+00 4.550572681856951363e+01
2.361113074204947111e+02 8.983940538564640477e+00 4.520732301693676192e+01
2.356379432192031231e+02 8.866589496771048573e+00 4.470890703058364579e+01
2.353694650907761741e+02 8.688217375411234400e+00 4.459312781771658507e+01
2.353834775191909330e+02 8.611197758011453374e+00 4.465405141951992363e+01
2.353984890946752842e+02 8.525392957231630930e+00 4.462088461069818379e+01
2.352367369318874069e+02 8.373059583282563167e+00 4.445706104544900938e+01
2.350126355550140147e+02 8.217509443158279581e+00 4.412541732667235550e+01
2.346203728524430403e+02 8.019666138662117305e+00 4.393663945412453131e+01
2.343327890824905637e+02 7.858328256366516662e+00 4.375613500670159794e+01
2.341502132326063190e+02 7.709625929084927165e+00 4.358684050201048166e+01
2.341553064457170592e+02 7.579980504447423328e+00 4.377867673936883364e+01
2.340132082368709519e+02 7.618143048617033841e+00 4.361854514438893915e+01
2.340540392347995748e+02 7.687132935299135106e+00 4.364360911417082889e+01
2.342937979773364248e+02 7.795759717314487247e+00 4.379712440599488588e+01
2.344468136956256785e+02 7.824990861459729885e+00 4.395330815157792159e+01
2.341700255879127610e+02 7.713232606311684947e+00 4.377409528451322274e+01
2.327085293042524654e+02 6.852759839161691069e+00 4.280388692579505516e+01
2.297632021445107853e+02 5.156573656634580338e+00 4.074633849153161691e+01
2.273530035335689092e+02 3.807042768368465779e+00 3.887608139393201157e+01
2.272041671743633344e+02 3.581771658340441089e+00 3.892990130376507807e+01
2.280913610332642918e+02 3.999658827829901231e+00 3.946178871694894497e+01
2.295704154989643087e+02 4.687437553308151372e+00 4.052461313512854701e+01
2.306447788473254548e+02 5.348556110637260552e+00 4.150606799073960929e+01
2.314680029243328931e+02 5.855562324844644451e+00 4.215431948336785695e+01
2.321215913244791125e+02 6.266979407822590886e+00 4.272919458998416076e+01
2.326734251248933845e+02 6.602753746801511170e+00 4.286226392104300942e+01
2.328207383940538477e+02 6.821774095284513173e+00 4.288180821250152519e+01
2.327041428049226397e+02 6.804276836846594456e+00 4.296852686730839821e+01
2.326336907517972463e+02 6.641927622761057748e+00 4.283410503228950716e+01
2.323119653953941679e+02 6.413476300718898848e+00 4.247390032898744749e+01
2.320835993663945374e+02 6.264310954063604164e+00 4.222474716705251296e+01
2.320273303277689649e+02 6.205007920068234206e+00 4.211569391982453681e+01
2.321096381138052891e+02 6.296027781162422343e+00 4.231702205434385178e+01
2.322717923723650415e+02 6.398671865480687337e+00 4.236366516388449099e+01
2.324587059826976940e+02 6.490642134763007220e+00 4.251017424150115431e+01
2.326558303886925785e+02 6.782380894358474244e+00 4.283960034117217219e+01
2.329404410868770583e+02 6.975935177287681199e+00 4.307296210551967874e+01
2.331421103935664689e+02 7.112404045327159530e+00 4.327392469842816780e+01
2.332884123309370068e+02 7.147788473254538921e+00 4.326087486292189510e+01
2.333240891921530533e+02 7.304045327159741419e+00 4.327167052516144707e+01
2.335144754477884703e+02 7.238162544169611579e+00 4.324794687461923104e+01
2.336590715243085299e+02 7.465139515048129226e+00 4.324605824296332202e+01
2.337475813330084122e+02 7.527415620811502173e+00 4.334451078347751718e+01
2.335578896064335197e+02 7.404666747898136059e+00 4.313247227976118126e+01
2.325076398196661387e+02 6.830778603631046941e+00 4.242276105763372840e+01
2.302872547825027425e+02 5.504812964542463938e+00 4.073141220908980387e+01
2.283666016814914030e+02 4.319507737297429095e+00 3.933800414280491964e+01
2.279357134153771085e+02 3.847873766297063458e+00 3.910519069087364130e+01
2.284140977214572956e+02 4.227135372243207456e+00 3.932282198123552774e+01
2.294674911660777354e+02 4.740940660411843588e+00 4.017968807115876473e+01
2.306458023638357417e+02 5.377494821493846722e+00 4.132882904837334337e+01
2.316858169855001961e+02 6.084464481540148739e+00 4.210848056537102480e+01
2.324202997441208822e+02 6.594187888387961216e+00 4.283628609723406555e+01
2.330166686974533832e+02 6.863458023638357552e+00 4.317653222858535145e+01
2.332398074814182962e+02 7.162739125137077778e+00 4.336743024247593326e+01
2.331651151456074160e+02 7.352613622517362835e+00 4.318697453393444619e+01
2.331291214816619970e+02 7.420445960765200688e+00 4.299638113805288242e+01
2.328965029852564896e+02 7.175776775922992456e+00 4.275618374558303714e+01
2.325351772876812504e+02 6.867210917509443568e+00 4.251709516266601696e+01
2.322960399658827839e+02 6.749652735469720888e+00 4.216914828804679161e+01
2.321932131107591033e+02 6.639831850859022389e+00 4.238994760570244580e+01
2.323933227732423461e+02 6.870208358718167041e+00 4.247354697209699026e+01
2.326013646886804054e+02 6.887035457536249794e+00 4.277170707932253180e+01
2.328705495308882689e+02 6.957231631534056326e+00 4.313980748141830190e+01
2.331259169002071303e+02 7.121469477275496729e+00 4.320536127695869055e+01
2.334085049348117593e+02 7.348397709272572520e+00 4.314465700012184612e+01
2.336971122212745229e+02 7.610539783111977208e+00 4.321554770318021355e+01
2.340258072377238818e+02 7.826599244547337797e+00 4.340051175825514918e+01
2.342354575362495552e+02 8.143791884976240070e+00 4.373227732423541170e+01
2.344112952357743325e+02 8.255148044352381476e+00 4.359457779943950584e+01
2.336569391982453965e+02 7.731156329962227680e+00 4.333060801754599822e+01
2.316791763129036212e+02 6.416290971122212916e+00 4.172555135859632003e+01
2.296782746435969216e+02 5.029998781527964091e+00 4.035732910929694128e+01
2.290741440233946662e+02 4.678311197758011630e+00 3.995332033629828317e+01
2.294047033020592039e+02 4.758474473010844363e+00 4.012211526745461043e+01
2.303079566223955226e+02 5.215888875350310983e+00 4.105307664189106731e+01
2.314273546972096938e+02 5.899244547337638700e+00 4.189142195686608972e+01
2.323960277811624167e+02 6.424077007432679842e+00 4.265183380041428052e+01
2.328541123431217272e+02 6.888716948946021823e+00 4.296633361764347825e+01
2.331720604362130018e+02 7.133702936517607007e+00 4.323556719873278809e+01
2.333802729377360663e+02 7.341696113074204888e+00 4.338290483733398162e+01
2.333945412452784183e+02 7.441915438040696884e+00 4.323311806994029638e+01
2.332119653953941736e+02 7.232057999268916682e+00 4.306209333495796443e+01
2.329282441817960319e+02 7.038649932984037960e+00 4.282333373949067834e+01
2.325597051297672806e+02 6.742439381016205324e+00 4.253107103691970536e+01
2.322764347508224603e+02 6.810600706713780816e+00 4.228001705860850734e+01
2.322604240282685453e+02 6.726221518216156880e+00 4.228179602778116219e+01
2.324126599244547435e+02 6.830461800901669100e+00 4.238741318386743018e+01
2.327449981722919574e+02 7.081978798586572310e+00 4.268790057268185478e+01
2.328800292433288632e+02 7.282636773486048654e+00 4.272396734494943615e+01
2.330153893018155316e+02 7.023333739490678518e+00 4.307670281467040496e+01
2.331406847812842784e+02 6.924978676739368844e+00 4.317594736200803851e+01
2.331840502010478815e+02 6.956500548312416043e+00 4.322572194468136786e+01
2.333728524430364359e+02 6.877921286706469850e+00 4.326704033142439698e+01
2.338013159497989477e+02 7.164128183258194227e+00 4.356780796880711648e+01
2.336608870476422624e+02 7.449189716096015879e+00 4.345749969538199053e+01
2.322399658827829967e+02 6.675764591202631770e+00 4.221674180577555546e+01
2.286593883270379024e+02 4.496990374070914953e+00 3.968628000487388618e+01
2.253383087608139306e+02 2.850359449250639887e+00 3.738021201413427264e+01
2.239508955769465217e+02 2.230339953698062594e+00 3.646795418545144685e+01
2.239545509930547098e+02 2.007006214207383898e+00 3.652717192640428578e+01
2.245563421469477134e+02 2.224515657365663479e+00 3.693610332642865757e+01
2.256450103570122963e+02 2.573461679054465545e+00 3.784950651882539319e+01
2.269170342390642077e+02 3.106141099061776600e+00 3.880675033507981198e+01
2.280874984769099569e+02 3.510783477519190843e+00 3.961898379432192030e+01
2.289112464968928862e+02 3.980077982210308285e+00 4.020564152552699255e+01
2.293297063482393128e+02 4.165687827464359394e+00 4.058111368344096803e+01
2.293843304496161863e+02 4.189862312659924370e+00 4.043447057390032739e+01
2.290874741074692338e+02 4.097587425368588221e+00 4.028885098086998795e+01
2.286332399171438965e+02 3.849238454977458090e+00 4.010138905812111432e+01
2.281240038991105052e+02 3.770293651760692200e+00 3.950103570123065566e+01
2.280000974777628926e+02 3.844510783477519400e+00 3.932412574631412383e+01
2.282837212135981417e+02 3.964018520774948318e+00 3.960511758255147896e+01
2.288245887656878210e+02 4.284172048251492448e+00 3.974861703423906079e+01
2.295305714633849163e+02 4.750347264530279112e+00 4.030729864749604019e+01
2.302078591446326357e+02 5.192664798342877752e+00 4.099069087364444641e+01
2.307327037894480384e+02 5.408785183380041772e+00 4.149695381990983378e+01
2.311557694650907706e+02 5.798842451565736411e+00 4.177801876446935836e+01
2.315946630924820226e+02 5.857645912026319124e+00 4.202878030949189991e+01
2.316926404289021661e+02 6.008163762641647310e+00 4.215095650054831111e+01
2.317414402339466335e+02 6.047690995491653787e+00 4.215594005117582554e+01
2.310493359327403482e+02 5.796771049104423312e+00 4.135310101133178762e+01
2.278763616425003136e+02 3.908151577921286535e+00 3.899317655659802284e+01
2.233424028268551353e+02 1.932521018642622046e+00 3.608060192518581744e+01
2.206544413305714727e+02 1.065870598269769598e+00 3.416463994151334305e+01
2.198705251614475458e+02 8.081393932009260928e-01 3.370783477519191251e+01
2.202392347995613591e+02 8.961983672474717055e-01 3.413758986231265879e+01
2.212715243085171153e+02 1.196600463019373617e+00 3.480280248568295320e+01
2.225873522602656180e+02 1.550737175581820448e+00 3.579940294870232975e+01
2.237134397465578104e+02 1.866345802363835737e+00 3.657442427196296109e+01
2.248682953576215482e+02 2.140136468868039543e+00 3.758147922505178684e+01
2.255494821493846587e+02 2.367149993907639693e+00 3.795636651638844938e+01
2.255545997319361504e+02 2.342268794931156251e+00 3.781473132691604633e+01
2.247790910198610845e+02 2.099013037650785840e+00 3.736713780918727679e+01
2.236422931643718641e+02 1.721457292555135909e+00 3.650196173997806426e+01
2.228144267089070354e+02 1.475618374558303803e+00 3.582694041671743435e+01
2.224474838552455083e+02 1.361557207262093394e+00 3.561503594492506153e+01
2.224493481174607155e+02 1.353283782137199909e+00 3.556091141708297698e+01
2.224898623126599375e+02 1.400475204094066006e+00 3.566956256853904961e+01
2.225154989642987573e+02 1.383977092725722002e+00 3.565810893140002236e+01
2.225708297794565738e+02 1.398086998903375067e+00 3.576924576580967141e+01
2.228597660533690714e+02 1.518338004142804953e+00 3.593984403557938379e+01
2.232136834409650419e+02 1.602327281588887598e+00 3.623600584866577634e+01
2.236590227854270836e+02 1.797892043377604443e+00 3.660237602047033079e+01
2.241346533447057254e+02 1.994273181430486153e+00 3.685604971365906835e+01
2.246516753990495943e+02 2.151334226879493272e+00 3.721242841476787788e+01
2.249330205921773995e+02 2.345558669428536636e+00 3.748156451809430934e+01
2.232716217862800079e+02 1.819239673449494443e+00 3.636755208967954189e+01
2.193171073473863828e+02 7.758133300840746038e-01 3.350031680272937962e+01
2.158223102229803771e+02 1.961618130863896636e-01 3.123487266967223164e+01
2.138418788838796161e+02 5.668331911782624466e-02 3.031836237358352548e+01
2.134768855854758272e+02 5.162666016814913827e-02 3.009354209820884662e+01
2.137432435725600044e+02 5.779212867064700831e-02 3.029093456805166440e+01
2.147201657121969163e+02 1.246009504081881381e-01 3.086736931887413249e+01
2.160776166686974591e+02 2.276958693797977440e-01 3.171714390154745900e+01
2.173093334957962668e+02 3.383574996953819802e-01 3.239976849031314998e+01
2.183501644937248614e+02 5.579505300353356789e-01 3.320667722675764821e+01
2.190781040575118936e+02 6.647983428780309678e-01 3.361145363713902867e+01
2.189801145363713886e+02 6.469477275496526847e-01 3.353612769586938214e+01
2.180623126599244586e+02 4.513342268794930945e-01 3.288665773120506941e+01
2.170978067503350815e+02 3.038625563543316810e-01 3.217712927988302596e+01
2.164141586450591035e+02 2.216400633605458692e-01 3.201686365297916126e+01
2.162335567198732917e+02 2.288534178140611552e-01 3.177341294017302431e+01
2.165011575484342643e+02 2.368222249299378468e-01 3.192725721944681538e+01
2.170591324479103150e+02 2.557329109296941905e-01 3.220898013890581524e+01
2.179749603996588405e+02 3.664189106859997436e-01 3.286549287193859215e+01
2.190325210186426261e+02 6.005117582551480204e-01 3.365818203972219180e+01
2.201201900816376167e+02 8.247349823321554751e-01 3.418311197758011133e+01
2.210594248811989644e+02 9.902400389911051315e-01 3.485854758133300635e+01
2.216974655781649801e+02 1.207530157182892694e+00 3.539696600463019394e+01
2.220870110880955224e+02 1.343146094797124324e+00 3.543883270378945127e+01
2.223109053247227962e+02 1.369136103326428655e+00 3.557438771780187636e+01
2.225066650420372980e+02 1.432252954794687394e+00 3.570237602047033221e+01
2.226391007676373874e+02 1.487193858900938137e+00 3.586181308638966669e+01
2.229055684172048188e+02 1.516351894724015992e+00 3.593571341537711561e+01
2.221498964298769465e+02 1.375423419032533179e+00 3.542244425490434878e+01
2.183500548312416356e+02 5.257341294017302546e-01 3.299989033751675294e+01
2.142231144145241899e+02 7.524064822712318856e-02 3.026950164493725026e+01
2.119840623857682544e+02 7.980991836237358653e-03 2.898772998659680766e+01
2.112958693797977219e+02 4.727671499939076379e-03 2.859271353722431996e+01
2.115276227610576427e+02 5.422200560497136834e-03 2.879948824174485367e+01
2.128314000243694295e+02 2.531984890946752803e-02 2.962098208846106928e+01
2.145694772754965243e+02 8.423297185329596537e-02 3.047313269160472871e+01
2.158929084927500810e+02 1.822956013159497957e-01 3.144689898866820954e+01
2.169538808334348801e+02 3.156086267820153446e-01 3.210514195199220211e+01
2.175742415011575588e+02 4.095162666016815001e-01 3.250661630315584461e+01
2.176074326794200147e+02 3.538564639941513268e-01 3.252720848056537051e+01
2.170019861094187945e+02 2.692213963689533140e-01 3.223213110759107991e+01
2.159065066406726032e+02 1.796149628366028872e-01 3.168518338004142976e+01
2.149488119897648346e+02 1.077494821493846650e-01 3.112666016814914016e+01
2.145324844644815414e+02 7.316924576580967343e-02 3.075969294504691121e+01
2.145454368222249286e+02 8.476909954916535261e-02 3.069078835140733474e+01
2.149315462410137627e+02 1.257950530035335801e-01 3.088775435603752939e+01
2.157442914585110145e+02 1.712684293895455068e-01 3.139359083709029008e+01
2.165765931521871437e+02 2.437675155355184531e-01 3.190882173754112472e+01
2.173583282563665193e+02 3.103691970269282230e-01 3.246170342390642105e+01
2.180870841964176918e+02 3.816376264164737520e-01 3.299591811867917812e+01
2.187043133910076733e+02 5.050079200682344727e-01 3.336226392104300942e+01
2.191838796149628479e+02 5.983063238698671515e-01 3.375056658949677058e+01
2.194669550383818830e+02 6.182161569391982914e-01 3.389990252223711309e+01
2.196443280126721049e+02 6.240038991105154587e-01 3.396222736688193322e+01
2.195111612038503779e+02 6.644328012672109374e-01 3.371079566223955482e+01
2.193358108931400068e+02 6.269647861581576498e-01 3.351358596320214644e+01
2.189933958815645099e+02 5.916778359936639697e-01 3.319381016205677781e+01
2.189061898379432307e+02 5.624954307298647427e-01 3.322357743389789420e+01
2.188509565005483068e+02 5.521749725843791978e-01 3.322931643718776940e+01
2.180488850980869984e+02 3.996344583891799918e-01 3.271760692092116329e+01
2.143055927866455477e+02 8.374558303886925348e-02 3.051152674546119314e+01
2.105068356281223316e+02 2.351651029608870652e-03 2.827432679420007133e+01
2.090573900328987520e+02 8.529304252467406061e-04 2.730177896917265912e+01
2.089926038747410644e+02 4.508346533447057567e-04 2.731034482758620641e+01
2.103381016205678122e+02 2.522237114658218773e-03 2.824426708907030559e+01
2.126641159985378238e+02 1.923967344949433292e-02 2.957544778847325517e+01
2.149225417326672414e+02 1.218106494455952205e-01 3.112433288656025354e+01
2.164520531253807860e+02 2.577799439502863610e-01 3.198847325453880686e+01
2.177636407944437735e+02 3.789691726574875297e-01 3.274039234799561626e+01
2.185968928963080202e+02 4.879736810040209427e-01 3.330945534299987543e+01
2.188160838308760674e+02 5.042524674058730394e-01 3.338296576093578949e+01
2.184518338004142777e+02 4.446691848422078541e-01 3.314375533081516068e+01
2.177318264895820619e+02 3.495552577068356537e-01 3.263593274034361258e+01
2.172187522846350589e+02 3.655294260996710398e-01 3.225932740343608884e+01
2.172825636651638774e+02 3.657731205068843749e-01 3.224642378457414083e+01
2.176953698062629599e+02 4.385037163397100257e-01 3.244009991470695553e+01
2.184396856342146975e+02 5.324722797611795011e-01 3.304477884732545334e+01
2.191618009016692952e+02 6.988058974046545968e-01 3.349432192031192557e+01
2.201114536371390216e+02 8.608748629218959669e-01 3.400849275009138495e+01
2.208984525405141994e+02 1.032655050566589461e+00 3.453088826611429596e+01
2.215015352747654447e+02 1.225575728037041623e+00 3.497617887169489137e+01
2.221133300840745619e+02 1.376861216035091928e+00 3.529851346411599877e+01
2.225411112464968824e+02 1.520506884367003764e+00 3.551574265870598168e+01
2.226609236018033471e+02 1.585987571585232070e+00 3.570213232606311493e+01
2.226062629462653888e+02 1.561557207262093350e+00 3.570330205921774080e+01
2.224718045570854201e+02 1.518009016693066870e+00 3.553219203119288494e+01
2.225890703058364863e+02 1.519787985865724389e+00 3.554050201047886048e+01
2.226771658340441036e+02 1.579420007310832208e+00 3.563325210186426517e+01
2.215722310222980411e+02 1.271012550261971574e+00 3.508384306080175463e+01
2.172457536249543182e+02 4.056658949677104942e-01 3.202538077251126936e+01
2.132965882782990263e+02 4.715486779578408755e-02 2.984564396247106188e+01
2.112201900816376394e+02 7.920068234434019666e-03 2.860388692579505232e+01
2.107864627756792970e+02 5.629340806628488000e-03 2.833663945412452634e+01
2.112940904106250741e+02 5.970512976727184243e-03 2.873490922383331281e+01
2.127909467527720153e+02 2.648958206409162894e-02 2.973659071524308573e+01
2.144004264652126324e+02 8.459851346411599582e-02 3.067145120019495508e+01
2.156934568051663348e+02 1.441696113074204810e-01 3.154719142195686743e+01
2.166954916534665472e+02 2.668819300597051192e-01 3.202386986718654782e+01
2.173805653710247441e+02 3.605580601925185702e-01 3.244326794200073039e+01
2.172741318386742932e+02 3.679420007310832408e-01 3.242919458998415649e+01
2.165230778603631165e+02 2.561350067015962240e-01 3.187304739856220337e+01
2.155622151821615660e+02 1.800414280492262653e-01 3.129965882782990150e+01
2.149379675886438292e+02 1.276714999390763938e-01 3.098266114292676932e+01
2.148096137443645546e+02 1.184720360667722711e-01 3.065551358596320242e+01
2.150620811502375886e+02 1.348726696722310214e-01 3.070364323138784002e+01
2.156196783233824874e+02 1.740830997928597412e-01 3.093459242110393603e+01
2.162244303643231262e+02 2.386011941025953376e-01 3.129835506275130896e+01
2.168899476057024458e+02 3.159863531131960612e-01 3.179047154867795655e+01
2.175104057511880171e+02 3.549165346655294151e-01 3.243861337882295715e+01
2.180426830754234118e+02 5.044108687705617378e-01 3.284290240038991016e+01
2.185437553308151450e+02 4.871694894602168757e-01 3.314222005604971599e+01
2.187254904349945264e+02 5.432313878396490825e-01 3.326059461435360021e+01
2.188671378091872839e+02 4.998781527963933047e-01 3.335530644571706915e+01
2.189371877665407453e+02 5.568417204825149014e-01 3.325230900450834781e+01
2.188898623126599148e+02 5.919580845619593079e-01 3.330363104666747631e+01
2.188767881077129402e+02 6.249299378579261655e-01 3.321247715364932418e+01
2.187201657121969163e+02 5.626903862556353886e-01 3.304890946752772152e+01
2.159561471914219624e+02 2.041306202022663552e-01 3.131690020714024669e+01
2.103031071036919570e+02 2.290727427805531666e-03 2.803032776897770262e+01
2.053319970756671182e+02 0.000000000000000000e+00 2.518201535274765490e+01
2.016935177287681142e+02 0.000000000000000000e+00 2.355314975021323320e+01
1.997651273303277719e+02 0.000000000000000000e+00 2.267497258437918717e+01
1.996719751431704708e+02 0.000000000000000000e+00 2.254697209699037330e+01
2.007903375167539934e+02 0.000000000000000000e+00 2.318662117704398540e+01
2.027935055440477754e+02 1.218472036066772343e-05 2.422875594005117605e+01
2.050885463628609671e+02 9.747776288534178743e-05 2.539766053369075038e+01
2.069192031192884258e+02 0.000000000000000000e+00 2.637404654563177786e+01
2.079371512123796890e+02 4.630193737053734564e-04 2.693677348604849442e+01
2.082314243938101583e+02 1.584013646886803944e-04 2.712613622517363154e+01
2.076401730230291207e+02 1.096624832460095007e-04 2.673751675399049432e+01
2.067285122456439694e+02 1.705860850493481212e-04 2.632443036432313832e+01
2.061751675399049475e+02 1.462166443280126676e-04 2.592412574631412170e+01
2.060678323382478254e+02 2.436944072133544686e-05 2.602763494577799364e+01
2.065365907152430793e+02 0.000000000000000000e+00 2.617937126842938866e+01
2.076686852686730731e+02 2.802485682953576355e-04 2.665017667844523075e+01
2.092684415742658643e+02 9.625929084927500662e-04 2.758079688071158841e+01
2.110035579383453239e+02 4.544900694529060287e-03 2.838164981113683538e+01
2.125415011575484243e+02 1.887413183867430247e-02 2.934622882904837482e+01
2.136698062629462527e+02 5.578164981113683391e-02 3.026340928475691427e+01
2.146345314975021381e+02 9.824540026806384552e-02 3.068224686243450705e+01
2.153942122578286842e+02 1.637139027659315349e-01 3.121085658584135558e+01
2.160529182405263668e+02 2.303521384184233078e-01 3.172432070183989339e+01
2.163953210673815022e+02 2.719751431704642286e-01 3.207093944193980661e+01
2.165305470939441932e+02 2.971731448763250683e-01 3.193110759108078511e+01
2.163638844888509709e+02 2.795784086755209175e-01 3.164873888144267156e+01
2.160243938101620529e+02 2.376873400755452614e-01 3.137951748507371619e+01
2.154856220299744223e+02 1.800901669306689545e-01 3.116193493359327249e+01
2.149439990252223822e+02 1.430608017545997313e-01 3.070960155964420579e+01
2.119226513951504671e+02 1.515779212867064685e-02 2.893135128548799884e+01
2.064338004142804834e+02 7.310832216400633379e-05 2.597825027415620980e+01
2.019699159254295182e+02 0.000000000000000000e+00 2.376359205556232368e+01
1.998486414036797783e+02 0.000000000000000000e+00 2.276594370659193345e+01
1.998105519678323390e+02 0.000000000000000000e+00 2.276116729621055157e+01
2.010935420982088431e+02 0.000000000000000000e+00 2.336907517972462500e+01
2.032886072864627636e+02 0.000000000000000000e+00 2.465065188253929662e+01
2.056981966613866177e+02 0.000000000000000000e+00 2.570612891434141645e+01
2.076425246740587340e+02 3.046180090166930891e-04 2.665974168392835253e+01
2.092677104910442267e+02 4.752040940660412103e-04 2.766379919580845481e+01
2.102922383331302569e+02 1.194102595345436849e-03 2.824006336054587507e+01
2.105626903862556389e+02 2.095771902034848470e-03 2.824985987571585255e+01
2.095996222736688139e+02 7.067137809187278843e-04 2.772235896186182558e+01
2.077680394784939608e+02 1.096624832460095007e-04 2.679512611185573334e+01
2.060116242232240893e+02 0.000000000000000000e+00 2.575095650054831253e+01
2.043687583769952596e+02 4.873888144267089371e-05 2.487675155355184486e+01
2.038194833678567193e+02 0.000000000000000000e+00 2.446328743755330848e+01
2.048886925795052889e+02 0.000000000000000000e+00 2.505210186426221597e+01
2.062347751919093355e+02 5.361276958693797631e-04 2.570441086877056236e+01
2.078985012793956457e+02 1.705860850493481212e-04 2.659192153040087803e+01
2.091428536615084681e+02 2.034848300231509484e-03 2.758300231509686995e+01
2.102427074448641520e+02 2.339466309248202681e-03 2.812715974168392918e+01
2.110808212501522974e+02 1.086877056171560788e-02 2.864793468989886804e+01
2.120545997319361504e+02 2.282198123553064520e-02 2.937659315218715861e+01
2.128056780796880787e+02 4.334105032289509163e-02 2.983905202875594043e+01
2.133544778847325460e+02 6.205678079688071308e-02 3.003137565492871985e+01
2.135773973437309508e+02 8.417204825149263159e-02 3.003226513951504728e+01
2.135447301084440141e+02 8.899719751431704740e-02 2.972128670647008519e+01
2.135910929694163656e+02 9.528451322042158500e-02 2.976449372486901268e+01
2.135741683928353893e+02 9.014256122821981410e-02 2.976994029487023141e+01
2.137115389301815469e+02 9.058121116120385063e-02 2.999991470695747608e+01
2.136911417082978062e+02 9.484586328743754846e-02 2.991531619349336069e+01
2.136680272937736049e+02 8.172291945899841370e-02 3.003222858535396611e+01
2.117536005848665752e+02 1.794809309126355404e-02 2.899939076398196747e+01
2.066267820153527452e+02 5.970512976727184243e-04 2.614734982332155511e+01
2.021391007676373874e+02 0.000000000000000000e+00 2.371691239186060685e+01
1.995711953210673926e+02 0.000000000000000000e+00 2.257915194346289667e+01
1.994553429998781553e+02 0.000000000000000000e+00 2.253967344949433382e+01
2.004760082856098506e+02 0.000000000000000000e+00 2.293316680882173841e+01
2.029542829292067836e+02 0.000000000000000000e+00 2.406902644084318155e+01
2.053771902034848438e+02 2.436944072133544686e-05 2.554396247106128826e+01
2.075799073961252645e+02 1.888631655903497087e-03 2.672457658096746513e+01
2.093749116607773715e+02 1.523090045083465337e-03 2.771602290727427942e+01
2.105956500548312533e+02 6.421347630071889620e-03 2.851011331789935355e+01
2.109841354940904239e+02 1.016205678079688118e-02 2.858545144388936166e+01
2.104982332155477138e+02 5.495308882661142924e-03 2.829920799317655522e+01
2.092723894236627302e+02 2.315096868526867174e-03 2.751490191300109700e+01
2.082893749238454859e+02 7.676373827220665455e-04 2.701364688680394721e+01
2.083697818935055466e+02 8.407457048860728522e-04 2.701141708297794608e+01
2.085692823199707675e+02 1.145363713902765833e-03 2.704079444376751695e+01
2.090335810893139978e+02 4.618009016693067244e-03 2.740571463384915418e+01
2.095806506640672637e+02 4.423053490922383181e-03 2.769249421225782726e+01
2.103894358474472881e+02 8.017545997319361697e-03 2.809794078225904812e+01
2.112010235165103040e+02 1.630315584257341355e-02 2.849226270257097582e+01
2.118537711709516316e+02 1.915438040696966146e-02 2.885513585963202132e+01
2.126141342756183690e+02 3.618861947118313938e-02 2.930859022785427115e+01
2.129256853905203002e+02 6.110637260874862697e-02 2.966907517972462571e+01
2.131481418301449935e+02 5.511149019130010679e-02 2.979812355306445681e+01
2.132264286584622823e+02 5.781649811136834599e-02 2.982925551358596294e+01
2.133037528938710921e+02 7.599610088948458020e-02 3.003373949067868764e+01
2.135386011941025970e+02 8.999634458389180192e-02 2.985470939441939819e+01
2.139705373461679017e+02 1.075423419032533190e-01 3.005167539904959284e+01
2.140869745339344377e+02 1.002315096868526823e-01 3.017652004386499343e+01
2.141941878883879724e+02 8.866821006457901999e-02 3.007125624466918623e+01
2.140924332886560251e+02 9.841598635311320231e-02 3.011214816619958512e+01
2.142996953819909720e+02 1.180943097355915683e-01 3.030376507859144652e+01
2.147843426343365536e+02 1.495065188253929533e-01 3.064070915072499091e+01
2.136828317290118093e+02 8.384306080175460418e-02 2.987191421956866222e+01
2.087385037163397214e+02 1.401242841476788015e-03 2.678338004142804962e+01
2.039149872060436337e+02 4.873888144267089371e-05 2.425658584135494067e+01
2.009962227366881962e+02 0.000000000000000000e+00 2.300035335689046079e+01
2.007318874131838697e+02 0.000000000000000000e+00 2.295563543316680821e+01
2.014052028755940000e+02 0.000000000000000000e+00 2.342361398805897466e+01
2.034619593030340070e+02 0.000000000000000000e+00 2.425726818569513910e+01
2.055878762032411373e+02 2.436944072133544686e-05 2.551373217984647113e+01
2.079440477641038001e+02 6.945290605580602388e-04 2.666641891068600145e+01
2.102109662483246098e+02 2.327281588887535144e-03 2.792361398805897466e+01
2.114555623248446352e+02 1.094187888387961570e-02 2.871916656512733113e+01
2.119660411843548218e+02 2.170098696234921271e-02 2.907178018764469485e+01
2.116531131960521463e+02 1.796027781162422288e-02 2.878370902887778726e+01
2.107489338369684333e+02 6.202022663579870483e-03 2.830036554161081952e+01
2.098793347142683103e+02 4.654563177775070289e-03 2.774599731936152125e+01
2.091204459607652097e+02 1.194102595345436849e-03 2.731324479103204439e+01
2.087841598635311300e+02 1.315949798952113954e-03 2.709098330693310430e+01
2.087448275862068954e+02 1.839892774460826072e-03 2.712826855123675074e+01
2.094413183867430348e+02 3.521384184232971993e-03 2.751287924942122487e+01
2.107713171682709969e+02 9.808699890337516103e-03 2.845400268063847804e+01
2.114494455952235796e+02 8.980138905812111438e-03 2.872667235286950316e+01
2.119640063360545810e+02 2.220056049713658997e-02 2.899780675033508004e+01
2.125154380406969779e+02 2.969416351894723846e-02 2.931845985134641097e+01
2.131091750944315777e+02 4.331668088217375395e-02 2.969947605702449067e+01
2.140454855611063749e+02 9.062995004264652599e-02 3.040148653588400052e+01
2.147301815523333630e+02 1.539539417570366664e-01 3.087004995735347990e+01
2.151207383940538591e+02 1.524186669915925385e-01 3.104996953819909677e+01
2.152213963689533216e+02 1.967344949433410539e-01 3.116534665529426107e+01
2.151494699646643198e+02 1.780431339100767563e-01 3.103810162056780797e+01
2.155497258437918902e+02 2.277689777019617501e-01 3.121623004752040842e+01
2.156037894480321597e+02 2.486535884001462304e-01 3.118249055684172077e+01
2.156146582185938883e+02 2.328012672109175119e-01 3.099613744364566870e+01
2.156421835018886384e+02 2.331668088217375423e-01 3.107089070305836387e+01
2.158037772633118152e+02 2.601194102595345559e-01 3.118463506762519799e+01
2.151710856585841327e+02 1.900328987449738105e-01 3.072194468136956402e+01
2.107947605702449039e+02 1.502376020470330177e-02 2.805997319361520681e+01
2.064826733276471202e+02 9.747776288534178201e-04 2.579149506518825419e+01
2.038243450712806180e+02 9.747776288534178743e-05 2.447634945777994275e+01
2.029535762154258691e+02 0.000000000000000000e+00 2.398147922505178542e+01
2.042372121359814798e+02 1.218472036066772343e-05 2.471727793347142565e+01
2.062422931643718869e+02 0.000000000000000000e+00 2.568090654319483335e+01
2.082275862068965466e+02 3.046180090166930891e-04 2.675583038869257990e+01
2.099989399293286283e+02 4.678932618496405363e-03 2.782402826855123834e+01
2.117073108322163932e+02 1.631534056293408239e-02 2.876075301571829002e+01
2.131561837455830357e+02 5.701230656756427206e-02 2.972301693676130085e+01
2.146515291824052554e+02 1.466918484220787189e-01 3.048832703789447862e+01
2.143918606067990709e+02 1.219203119288412296e-01 3.035300353356890568e+01
2.131544535152918343e+02 5.961983672474716750e-02 2.955284513220421516e+01
2.116488972828073543e+02 1.856951382965760927e-02 2.873804069696600294e+01
2.105980017058608382e+02 6.372608748629218604e-03 2.809132447910320352e+01
2.101778359936639333e+02 2.558791275740221818e-03 2.785074936030218140e+01
2.102352869501644932e+02 3.947849396856341862e-03 2.779351772876812632e+01
2.106189837943219345e+02 7.846959912270013576e-03 2.793592055562324816e+01
2.112927257219446915e+02 1.269647861581576706e-02 2.848269769708785049e+01
2.121887413183867466e+02 2.533203362982819687e-02 2.917084196417692254e+01
2.130631290361886272e+02 4.410868770561715557e-02 2.965236992811015071e+01
2.139615572072621035e+02 8.324600950408188316e-02 2.999978067503350943e+01
2.145440233946630997e+02 1.128426952601437744e-01 3.046683319117826372e+01
2.151646764956744278e+02 1.710125502619714855e-01 3.098266114292676932e+01
2.158458632874375667e+02 2.466065553795540322e-01 3.138977701961740152e+01
2.163075910807847038e+02 2.830997928597538960e-01 3.165758498842451729e+01
2.166135372243207087e+02 3.243085171195321248e-01 3.182123796758864387e+01
2.166346167905446691e+02 3.514073352016571228e-01 3.190411843548190518e+01
2.168404898257585103e+02 3.873766297063482300e-01 3.199859875715852198e+01
2.170000365541610847e+02 4.211283051053978377e-01 3.192622151821615617e+01
2.170988058974046453e+02 4.267698306323869928e-01 3.184826367734860497e+01
2.157593761423175351e+02 2.376873400755452614e-01 3.114235408797368265e+01
2.110700134031924051e+02 1.574265870598269904e-02 2.813221640063360596e+01
2.067786523699280963e+02 4.508346533447057567e-04 2.590499573534787459e+01
2.044075545266236134e+02 0.000000000000000000e+00 2.446639454124527902e+01
2.038651516997684894e+02 0.000000000000000000e+00 2.421735104179359155e+01
2.043683928353844408e+02 2.436944072133544686e-05 2.449580845619593106e+01
2.062390154745948507e+02 2.924332886560253352e-04 2.559153161934933607e+01
2.085400389911051491e+02 2.327281588887535144e-03 2.676919702692823222e+01
2.105962471061289136e+02 1.082003168027293773e-02 2.808147922505178329e+01
2.125022419885463592e+02 3.568904593639576212e-02 2.909315218715730467e+01
2.141165590349701517e+02 8.623126599244547441e-02 3.012642865846228801e+01
2.150374680151090558e+02 1.523090045083465294e-01 3.072394297550871300e+01
2.150983916169123802e+02 1.677470452053125283e-01 3.075094431582795096e+01
2.142131594979895226e+02 1.064213476300718830e-01 3.005489216522480689e+01
2.128407457048860749e+02 4.274399902522237060e-02 2.958227123187522878e+01
2.118506518825392959e+02 1.420738394053856421e-02 2.909680760326550342e+01
2.115193005970512843e+02 1.174607042768368442e-02 2.880294870232728144e+01
2.115984890946752728e+02 1.718045570854149010e-02 2.866009504081881332e+01
2.120581820397221975e+02 2.020226635798708439e-02 2.902984038016327517e+01
2.128550261971487885e+02 3.121725356403070445e-02 2.936225173632265140e+01
2.136282076276349358e+02 5.386864871451200326e-02 2.983583526258072283e+01
2.143189837943219231e+02 1.063482393079078769e-01 3.018118679176312824e+01
2.147593274034360888e+02 1.389058121116120426e-01 3.060990617765322241e+01
2.152954429145851236e+02 1.705982697697087935e-01 3.096983063238698719e+01
2.157334226879493144e+02 2.369318874131838559e-01 3.125764591202631948e+01
2.160789813573778417e+02 2.655659802607530096e-01 3.140442305349092322e+01
2.162637748263677224e+02 2.812964542463750606e-01 3.156838065066406784e+01
2.164333495796271336e+02 3.077372974290240037e-01 3.159238454977458233e+01
2.163619958571950690e+02 3.067625198001706077e-01 3.156233702936517460e+01
2.163750091385402641e+02 3.254538808334348499e-01 3.168864384062385753e+01
2.163505787742171265e+02 3.370781040575118737e-01 3.151709516266601696e+01
2.146997684903131471e+02 1.579017911538930230e-01 3.032988911904471863e+01
2.100600097477762915e+02 3.862556354331668235e-03 2.787793347142683231e+01
2.059248811989764931e+02 4.508346533447057567e-04 2.554416961130742081e+01
2.038469720969903847e+02 0.000000000000000000e+00 2.455530644571707199e+01
2.033819666138662114e+02 0.000000000000000000e+00 2.430204703302059244e+01
2.039730230291214923e+02 1.218472036066772343e-05 2.461897160960155873e+01
2.056218959424881234e+02 9.747776288534178743e-05 2.547301084440112007e+01
2.075670403314243799e+02 2.717192640428901969e-03 2.659268916778360037e+01
2.095059948824174398e+02 1.376873400755452724e-03 2.759458998415986386e+01
2.111360545875472212e+02 1.116120385037163397e-02 2.882064091629096936e+01
2.125554282929206806e+02 4.124527842086023882e-02 2.934455952235896348e+01
2.132347264530278892e+02 7.184111124649689151e-02 2.978631655903496878e+01
2.132098208846107070e+02 5.842573412940173239e-02 2.976165468502497902e+01
2.121541854514438796e+02 1.903253320336298349e-02 2.910310710369197196e+01
2.107167783599366260e+02 8.139393200926037936e-03 2.821819178749847623e+01
2.095954916534665529e+02 1.535274765444133091e-03 2.771771658340441036e+01
2.091699646643109531e+02 1.060070671378091772e-03 2.740477641038138046e+01
2.090984403557938265e+02 1.315949798952113954e-03 2.734424271962958386e+01
2.095090288777872445e+02 4.581454855611063331e-03 2.755619593030339942e+01
2.101602656269038505e+02 4.581454855611063331e-03 2.784347508224686152e+01
2.107816376264164830e+02 1.200194955525770747e-02 2.822293164371877694e+01
2.115339588156451782e+02 2.048251492628244338e-02 2.881568173510417807e+01
2.122161934933593272e+02 1.987327890824905699e-02 2.915095650054831111e+01
2.130036797855489112e+02 4.572925551358596186e-02 2.955964420616546917e+01
2.135138783964908100e+02 7.872547825027415014e-02 2.992521018642622010e+01
2.140886316559034981e+02 1.065675642743999091e-01 3.028697453393444761e+01
2.145273425124893265e+02 1.190447179237236475e-01 3.052415011575484272e+01
2.148104179359083616e+02 1.333495796271475520e-01 3.072918240526379918e+01
2.151781284269526111e+02 1.596198367247471661e-01 3.089755087120750687e+01
2.149846106981844684e+02 1.280004873888144212e-01 3.077784817838430698e+01
2.116417814061167348e+02 1.535274765444133091e-02 2.878809552820762718e+01
2.070524186669915991e+02 4.995735347873766097e-04 2.600824905568417122e+01
2.040176678445229754e+02 3.655416108200316690e-05 2.459188497623979686e+01
2.029339710003655455e+02 1.218472036066772343e-05 2.398868039478493941e+01
2.028985500182770920e+02 0.000000000000000000e+00 2.396585841354940882e+01
2.039407578896064308e+02 1.584013646886803944e-04 2.444075788960643436e+01
2.059486657731204957e+02 5.239429755087121176e-04 2.567586206896551815e+01
2.079041549896429899e+02 8.772998659680760055e-04 2.667121969050810293e+01
2.096158401364688757e+02 2.741562081150237477e-03 2.767217009869623467e+01
2.112184232971853248e+02 7.639819666138662410e-03 2.869989033751675223e+01
2.121828439137321709e+02 2.793956378701108884e-02 2.919054465700012102e+01
2.123362373583526335e+02 3.003533568904593470e-02 2.923057146338491563e+01
2.116686243450712936e+02 1.560862678201535222e-02 2.873225295479468855e+01
2.103054709394419319e+02 6.981844766662604999e-03 2.798297794565614893e+01
2.092841476788107684e+02 2.497867673936883266e-03 2.723183867430242344e+01
2.089165346655294400e+02 1.730230291214816720e-03 2.704426708907030630e+01
2.087061289143414058e+02 8.285609845254050983e-04 2.711223345924210903e+01
2.088867552089679407e+02 9.504081881320824206e-04 2.736404289021566782e+01
2.093961739978067556e+02 2.083587181674180500e-03 2.765450225417326635e+01
2.101658827829901384e+02 4.191543804069696941e-03 2.799628366028999693e+01
2.110200560497136451e+02 1.285487998050444808e-02 2.843702936517606972e+01
2.119483124162300385e+02 2.098208846106981718e-02 2.902073839405385769e+01
2.126512367491166060e+02 4.727671499939076205e-02 2.938368465943706553e+01
2.132086145972949964e+02 6.856342146947727589e-02 2.965961983672474744e+01
2.137628366028999665e+02 9.586937979773364760e-02 2.994409650298525705e+01
2.141639697818935133e+02 1.222127452174972539e-01 3.034369440721335565e+01
2.146639210430120670e+02 1.445960765200438591e-01 3.045367369318874040e+01
2.145710125502619690e+02 1.204825149262824385e-01 3.046442061654684963e+01
2.115960034117217106e+02 1.537711709516266685e-02 2.888709638113805411e+01
2.071120994273181566e+02 1.949555257706835749e-04 2.633280126721091818e+01
2.039455342999878269e+02 1.218472036066772343e-05 2.461419519922017685e+01
2.025892774460826047e+02 0.000000000000000000e+00 2.396767393688314840e+01
2.023658705982697654e+02 0.000000000000000000e+00 2.382220056049713719e+01
2.031016205678079700e+02 0.000000000000000000e+00 2.423198489094675168e+01
2.047406238576824649e+02 0.000000000000000000e+00 2.503867430242475933e+01
2.065496649201900823e+02 3.533568904593639422e-04 2.593303277689777175e+01
2.082655294260996754e+02 5.604971365907152709e-04 2.686676008285609996e+01
2.098254173266723512e+02 3.570123065675642575e-03 2.784953088826611278e+01
2.108245887656878210e+02 5.032289508955769576e-03 2.847751919093456863e+01
2.109248324600950468e+02 6.859997563055927894e-03 2.849198245400268092e+01
2.102313269160472657e+02 2.717192640428901969e-03 2.801729011819178794e+01
2.089551602290727317e+02 9.382234677714146667e-04 2.731983672474716585e+01
2.079324235408797392e+02 2.071402461313512746e-04 2.681843548190569138e+01
2.075002315096868415e+02 2.436944072133544550e-04 2.649583282563665065e+01
2.073509443158279453e+02 2.436944072133544550e-04 2.637352260265626924e+01
2.076681369562568591e+02 6.823443401973924849e-04 2.658497623979529578e+01
2.083276958693797951e+02 9.869623492140854656e-04 2.696850249786767506e+01
2.091099183623735769e+02 2.960887047642256614e-03 2.738469599122700160e+01
2.098360058486657636e+02 7.700743267942000529e-03 2.764154989642987559e+01
2.105911538930181450e+02 1.371999512611185579e-02 2.827595954672840151e+01
2.110396247106128840e+02 1.116120385037163397e-02 2.858508590227854285e+01
2.117771536493237363e+02 2.149384671621786327e-02 2.887504569270135235e+01
2.122844279273790562e+02 3.404410868770561815e-02 2.926220299744120723e+01
2.126554892165224828e+02 4.139149506518825100e-02 2.945680516632143409e+01
2.130894845863287514e+02 5.835262580723772630e-02 2.963163153405629302e+01
2.124724503472645267e+02 2.246862434507128012e-02 2.912157913975874379e+01
2.083855976605337048e+02 1.462166443280126784e-03 2.678239307907883671e+01
2.039767515535518498e+02 0.000000000000000000e+00 2.462176191056415320e+01
2.014457536249543068e+02 4.873888144267089371e-05 2.337748263677348604e+01
2.006460704276836964e+02 0.000000000000000000e+00 2.307864018520774962e+01
2.007986353113196003e+02 0.000000000000000000e+00 2.304070915072498948e+01
2.019768977701961603e+02 0.000000000000000000e+00 2.365797489947605570e+01
2.037621298891190520e+02 0.000000000000000000e+00 2.463515291824052511e+01
2.055098208846106900e+02 1.096624832460095007e-04 2.556783233824783608e+01
2.068930790788351430e+02 3.289874497380284885e-04 2.633668819300596908e+01
2.079760326550505738e+02 6.701596198367247310e-04 2.691824052637991826e+01
2.083624954307298651e+02 8.894845863287437595e-04 2.702964542463750419e+01
2.080841964176922261e+02 6.701596198367247310e-04 2.674883635920555491e+01
2.070688193005970561e+02 1.705860850493481212e-04 2.632422322407700577e+01
2.061012550261971512e+02 0.000000000000000000e+00 2.577764103813817442e+01
2.054771780187644765e+02 3.655416108200316690e-05 2.548525648836359281e+01
2.053884976239795321e+02 2.436944072133544550e-04 2.540132813451931426e+01
2.057333983185085913e+02 1.218472036066772343e-05 2.559950042646521240e+01
2.064566223955160353e+02 6.092360180333861375e-05 2.593729742902400304e+01
2.073124162300475177e+02 3.655416108200316690e-05 2.640564152552698829e+01
2.081801876446935466e+02 2.315096868526867282e-04 2.689805044474229234e+01
2.089743877178018749e+02 9.138540270500791589e-04 2.731177043986840403e+01
2.096951992201778978e+02 3.094918971609601690e-03 2.770700621420738230e+01
2.102452540514195221e+02 3.533568904593639530e-03 2.803376386011941079e+01
2.106543072986474954e+02 1.060070671378091946e-02 2.823617643475082417e+01
2.111059705129767394e+02 7.067137809187279060e-03 2.856819787985865844e+01
2.114401242841476858e+02 1.547459485804800715e-02 2.871772876812477193e+01
2.117024856829535793e+02 1.894724016083830856e-02 2.892400389911051661e+01
2.116259534543682150e+02 1.036919702692823235e-02 2.876376264164737506e+01
2.086328987449738008e+02 1.986109418788838902e-03 2.696898988668209896e+01
2.040711709516266694e+02 1.218472036066772343e-05 2.458019982941391390e+01
2.005739125137077963e+02 0.000000000000000000e+00 2.296049713659071401e+01
1.990221518216156937e+02 0.000000000000000000e+00 2.215157792128670522e+01
1.990138296576093637e+02 0.000000000000000000e+00 2.224358474473010716e+01
1.998723894236627245e+02 0.000000000000000000e+00 2.271485317411965354e+01
2.015633605458754687e+02 0.000000000000000000e+00 2.351646155720726128e+01
2.031621055196783345e+02 0.000000000000000000e+00 2.427536249543073055e+01
2.042835018886316618e+02 0.000000000000000000e+00 2.486657731205068700e+01
2.054120019495552469e+02 1.827708054100158480e-04 2.536451809430973725e+01
2.064140855367369340e+02 2.436944072133544550e-04 2.593818691361033402e+01
2.066258316071646277e+02 0.000000000000000000e+00 2.598180821250152306e+01
2.062972218837577714e+02 1.218472036066772275e-04 2.574875106616303100e+01
2.055854879980504393e+02 0.000000000000000000e+00 2.529019130010966165e+01
2.049974290240039068e+02 0.000000000000000000e+00 2.490744486414036629e+01
2.047959668575606145e+02 1.218472036066772343e-05 2.496914828804678876e+01
2.049291092969416468e+02 0.000000000000000000e+00 2.498599975630559200e+01
2.054865236992810935e+02 1.218472036066772343e-05 2.530873644449859938e+01
2.062463506762519785e+02 1.218472036066772343e-05 2.562111612038503594e+01
2.069502863409284714e+02 8.163762641647374528e-04 2.596287315706104692e+01
2.075511758255148038e+02 8.529304252467406061e-05 2.636332399171439178e+01
2.081745217497258409e+02 1.023516510296088727e-03 2.671036919702692813e+01
2.086553064457170592e+02 9.016693066894115134e-04 2.711495065188253761e+01
2.093880589740465439e+02 2.376020470330205726e-03 2.753533568904593665e+01
2.101280614109906253e+02 4.800779822103082468e-03 2.792904837333983181e+01
2.105664920190081659e+02 3.314243938101620393e-03 2.825869379797733671e+01
2.107201900816376394e+02 6.847812842695259923e-03 2.842823199707566673e+01
2.107579992689167909e+02 1.166077738515901123e-02 2.826350676251979976e+01
2.109423662726940449e+02 1.163640794443767529e-02 2.827620324113561523e+01
2.110542220056049700e+02 1.307420494699646635e-02 2.831724137931034591e+01
2.102504934811746011e+02 8.504934811746070120e-03 2.779565005483124196e+01
2.061753259412696480e+02 2.193249664920190014e-04 2.560253442183502059e+01
2.020908858291702188e+02 0.000000000000000000e+00 2.356934324357256116e+01
1.994761301328134380e+02 0.000000000000000000e+00 2.238500060923601964e+01
1.988438528085780490e+02 0.000000000000000000e+00 2.205692701352504059e+01
1.991392957231631442e+02 0.000000000000000000e+00 2.224346289752650208e+01
2.003004995735347791e+02 0.000000000000000000e+00 2.277301084440112078e+01
2.018182161569392008e+02 0.000000000000000000e+00 2.363153405629340753e+01
2.030683928353844294e+02 0.000000000000000000e+00 2.416896551724137865e+01
2.041318143048617060e+02 0.000000000000000000e+00 2.462757402217619074e+01
2.047829413914950578e+02 1.340319239673449408e-04 2.502932862190812813e+01
2.048732545388083395e+02 3.655416108200316690e-05 2.504126964786158283e+01
2.044098818082125035e+02 7.310832216400633379e-05 2.477699524795906072e+01
2.036477153649323668e+02 0.000000000000000000e+00 2.453404410868770569e+01
2.030769952479590472e+02 4.873888144267089371e-05 2.435062751309857276e+01
2.028930181552333352e+02 0.000000000000000000e+00 2.427577677592299210e+01
2.029810771292798961e+02 0.000000000000000000e+00 2.428045570854148849e+01
2.037304130620202329e+02 0.000000000000000000e+00 2.465063969781893505e+01
2.050035091994638776e+02 4.873888144267089371e-05 2.532086024125746349e+01
2.059570854148897183e+02 0.000000000000000000e+00 2.576918484220787064e+01
2.068071402461313539e+02 3.168027293773607888e-04 2.627877421713171557e+01
2.074134031923967427e+02 3.777263311806993958e-04 2.667553308151578051e+01
2.079653101011331842e+02 1.084440112099427280e-03 2.688558547581332903e+01
2.085279761179481000e+02 5.361276958693797631e-04 2.716598026075301675e+01
2.089836481052759893e+02 1.900816376264164841e-03 2.732288290483733562e+01
2.093407091507249902e+02 1.791153893018155273e-03 2.763140002436944087e+01
2.095000121847203616e+02 1.218472036066772356e-03 2.762289508955769435e+01
2.097214207383940447e+02 2.485682953576215295e-03 2.771229438284391478e+01
2.098386255635433031e+02 1.900816376264164841e-03 2.771415864505909710e+01
2.100632508833922145e+02 4.483977092725722167e-03 2.776336054587547153e+01
2.107414036797855488e+02 1.113683440965029803e-02 2.809449250639697837e+01
2.113169611307420439e+02 1.167296210551967833e-02 2.843995369806263085e+01
2.115119288412331002e+02 1.256244669184842198e-02 2.855762154258559704e+01
2.116125258925307548e+02 1.382965760935786492e-02 2.870830997928597483e+01
2.099222980382600099e+02 3.204581454855611258e-03 2.799393200926038716e+01
2.059184720360667598e+02 6.092360180333861375e-05 2.567917631290361768e+01
2.025307054953088937e+02 0.000000000000000000e+00 2.393377604483977095e+01
2.004552333373949011e+02 0.000000000000000000e+00 2.287381503594492571e+01
2.001139515048129738e+02 0.000000000000000000e+00 2.271657121969050763e+01
2.005544291458511168e+02 0.000000000000000000e+00 2.301110028024857002e+01
2.018764225661021214e+02 0.000000000000000000e+00 2.356587059826976827e+01
2.030781040575118936e+02 0.000000000000000000e+00 2.406251980017058756e+01
2.039889484586328763e+02 3.655416108200316690e-05 2.456773486048495059e+01
2.054415986353113226e+02 2.924332886560253352e-04 2.525798708419641869e+01
2.059458145485561147e+02 1.462166443280126676e-04 2.562378457414402178e+01
2.058329962227366821e+02 8.529304252467406061e-05 2.554851955647617956e+01
2.051082734251249065e+02 0.000000000000000000e+00 2.531206287315706049e+01
2.043732179846472548e+02 1.218472036066772343e-05 2.505296697940782380e+01
2.039673936883148428e+02 1.218472036066772343e-05 2.479540636042402824e+01
2.042234921408553703e+02 1.218472036066772343e-05 2.502959668575606145e+01
2.045677957840867691e+02 2.436944072133544686e-05 2.522636773486048511e+01
2.053024978676739352e+02 0.000000000000000000e+00 2.549437065919337186e+01
2.062161203850371578e+02 0.000000000000000000e+00 2.599727062263920985e+01
2.069448154014865224e+02 2.071402461313512746e-04 2.610120628731570491e+01
2.074769586937979682e+02 2.802485682953576355e-04 2.655056658949677129e+01
2.080990130376507921e+02 7.310832216400633379e-05 2.684402339466309328e+01
2.086309491897160910e+02 3.533568904593639422e-04 2.702094553429998669e+01
2.097920921164859180e+02 2.010478859510174410e-03 2.794460826124040409e+01
2.102113317899354286e+02 3.813817472888997220e-03 2.817240160838308682e+01
2.103916656512733141e+02 1.864262215182161580e-03 2.831574265870598239e+01
2.104200682344340123e+02 4.776410381381747394e-03 2.840971122212745215e+01
2.103635676861215984e+02 3.350798099183623872e-03 2.837549652735469863e+01
2.105193493359327306e+02 3.765078591446326204e-03 2.833144876325088291e+01
2.106261727793347234e+02 2.863409284756915016e-03 2.833582307786036480e+01
2.108552455221152684e+02 4.776410381381747394e-03 2.842670890703058362e+01
2.110941391495065318e+02 8.066284878762031846e-03 2.854987206043621129e+01
2.112744364566833326e+02 8.249055684172048805e-03 2.861468258803460429e+01
2.113365054222005597e+02 9.662483246009503923e-03 2.861746070427683719e+01
2.113682222492993787e+02 9.272572194468137532e-03 2.880609236018033315e+01
2.100569391982454022e+02 2.497867673936883266e-03 2.798910685999756254e+01
2.060290849275009180e+02 3.655416108200316961e-04 2.574546119166565106e+01
2.025597173144876422e+02 0.000000000000000000e+00 2.397465578164981181e+01
2.004237236505422288e+02 0.000000000000000000e+00 2.290610454490069614e+01
2.000342756183745507e+02 0.000000000000000000e+00 2.260601925185817151e+01
2.004267820153527566e+02 0.000000000000000000e+00 2.286454246375045685e+01
2.021521749725843904e+02 0.000000000000000000e+00 2.359718532959668735e+01
2.044880711587668998e+02 0.000000000000000000e+00 2.491218472036066700e+01
2.059347264530279062e+02 1.218472036066772343e-05 2.560523942975508760e+01
2.070309613744364583e+02 1.096624832460095007e-04 2.623282563665163991e+01
2.078188132082368611e+02 2.436944072133544550e-04 2.671274521749725750e+01
2.079479225051784965e+02 3.777263311806993958e-04 2.677227976117947961e+01
2.073458023638357588e+02 7.310832216400633379e-05 2.641602290727427871e+01
2.065949677104910336e+02 2.193249664920190014e-04 2.587062263921043126e+01
2.059644084318264845e+02 1.340319239673449408e-04 2.560911417082978048e+01
2.060839283538442714e+02 1.584013646886803944e-04 2.574111124649689231e+01
2.066435238211282979e+02 1.096624832460095007e-04 2.603315462410137826e+01
2.072220056049713719e+02 6.092360180333861375e-05 2.622647739734373218e+01
2.078398318508590137e+02 4.020957719020348494e-04 2.668441574265870742e+01
2.085427927379066659e+02 4.020957719020348494e-04 2.711785061532837915e+01
2.090954550993054681e+02 5.604971365907152709e-04 2.751001584013646806e+01
2.100298647496040019e+02 1.474351163640794538e-03 2.793751675399049716e+01
2.105536736931887276e+02 4.081881320823686939e-03 2.816604118435481752e+01
2.108674180577555717e+02 3.326428658462288364e-03 2.842958450103570200e+01
2.109686243450712766e+02 7.615450225417326469e-03 2.851404898257585074e+01
2.110410015840136566e+02 5.324722797611794803e-03 2.856752772023882159e+01
2.111734007554526613e+02 7.408309979285975302e-03 2.858336785670768876e+01
2.114189472401608327e+02 1.123431217253564006e-02 2.878309979285975473e+01
2.116033142439381152e+02 8.809552820762763317e-03 2.906862434507128157e+01
2.116979895211404994e+02 1.492628244181795974e-02 2.911672962105519602e+01
2.118184354819056807e+02 1.585232118922870817e-02 2.909359083709028937e+01
2.118894845863287344e+02 1.373217984647252289e-02 2.913856463994151369e+01
2.122252467405872949e+02 2.287072011697331708e-02 2.940272937736078873e+01
2.128908858291702302e+02 3.038869257950529978e-02 2.972968197879858820e+01
2.133335079809918398e+02 3.789448032167661712e-02 3.001836237358352477e+01
2.134170829779456540e+02 4.646033873522602969e-02 3.005017667844522933e+01
2.121957597173145018e+02 1.661995857195077211e-02 2.931797246253198352e+01
2.081386133788229529e+02 2.436944072133544550e-04 2.692315096868527036e+01
2.047507493603021942e+02 0.000000000000000000e+00 2.515180943097356092e+01
2.034243572560009738e+02 0.000000000000000000e+00 2.445286950164493689e+01
2.029409772145729391e+02 1.218472036066772343e-05 2.417818935055440477e+01
2.033479956135006717e+02 0.000000000000000000e+00 2.451056415255269982e+01
2.048110393566467735e+02 1.218472036066772343e-05 2.509265261362251564e+01
2.062574144023394638e+02 1.462166443280126676e-04 2.577310832216400627e+01
2.075380285122456314e+02 1.218472036066772343e-05 2.650618983794321792e+01
2.091290849275009123e+02 5.726818569513829164e-04 2.742745217497258281e+01
2.100359936639454190e+02 2.510052394297550803e-03 2.782519800170586066e+01
2.099739368831485251e+02 3.253320336298281840e-03 2.772874375533081448e+01
2.094599488241744893e+02 1.267210917509443155e-03 2.744197636164249943e+01
2.084890581211161305e+02 1.462166443280126676e-04 2.698508590227854143e+01
2.078001218472035987e+02 1.218472036066772275e-04 2.668749847690995480e+01
2.076127817716583479e+02 1.584013646886803944e-04 2.651999512611185494e+01
2.077033507980991942e+02 6.092360180333861375e-05 2.670436212988911961e+01
2.082688680394784910e+02 8.529304252467406061e-05 2.685447788473254604e+01
2.090055927866455363e+02 5.726818569513829164e-04 2.730988180821250211e+01
2.096640307054953212e+02 1.291580358230778663e-03 2.755436822224929827e+01
2.104070793225295404e+02 3.241135615937614303e-03 2.800990617765322455e+01
2.109620202266357865e+02 7.505787742171317334e-03 2.831640063360545767e+01
2.114754599731936082e+02 1.064944559522358961e-02 2.869314000243694451e+01
2.119697818935055409e+02 1.654685024978676602e-02 2.899104423053491075e+01
2.123274278055318689e+02 2.358961861825271261e-02 2.932871938589009275e+01
2.125497502132326133e+02 3.135128548799805126e-02 2.947219446813695498e+01
2.126470939441939834e+02 3.096137443645668313e-02 2.945381990983306864e+01
2.131304374314609618e+02 5.167539904959181363e-02 2.965784086755208904e+01
2.137384671621786367e+02 7.955403923479956174e-02 2.998813208236871120e+01
2.140931156329962164e+02 9.002071402461313265e-02 3.014473010844401202e+01
2.143858657243816310e+02 1.104301206287315734e-01 3.030595832825636649e+01
2.145659437065919235e+02 1.342390642134763112e-01 3.032223711465821836e+01
2.147528938710856607e+02 1.417448519556476216e-01 3.049641769221396359e+01
2.149919824540026809e+02 1.358474473010844452e-01 3.058905812111612121e+01
2.151201047885951141e+02 1.491409772145729229e-01 3.070444742293164353e+01
2.153127695869379750e+02 1.692701352503959977e-01 3.080014621664432894e+01
2.132273790666504283e+02 5.974168392835384200e-02 2.962557572803704176e+01
2.090238454977458389e+02 2.790300962592908492e-03 2.732652613622517279e+01
2.058888266114292662e+02 4.264652126233703031e-04 2.540510539783111810e+01
2.044585719507737167e+02 0.000000000000000000e+00 2.480414280492262691e+01
2.046807115876690659e+02 0.000000000000000000e+00 2.499791641281832710e+01
2.056793468989886549e+02 3.655416108200316690e-05 2.549941513342268706e+01
2.073109296941635193e+02 5.117582551480443637e-04 2.640259534543682207e+01
2.088753381259899982e+02 9.382234677714146667e-04 2.691658340441086850e+01
2.100746314122091007e+02 4.934811746070427545e-03 2.787511880102351824e+01
2.111609845254051550e+02 1.023516510296088727e-02 2.851068599975630491e+01
2.116417082977945654e+02 2.497867673936883179e-02 2.872151821615694089e+01
2.115222736688193095e+02 1.083221640063360483e-02 2.855112708663336107e+01
2.107468868039478593e+02 7.079322529547947031e-03 2.807492384549774656e+01
2.095998050444742375e+02 1.754599731936152011e-03 2.719980504447422831e+01
2.089063604240282643e+02 1.535274765444133091e-03 2.690837090288777844e+01
2.086093700499573629e+02 6.214207383940538237e-04 2.687591080784696018e+01
2.089293895455099346e+02 9.382234677714146667e-04 2.720835871816741758e+01
2.098796149628365981e+02 4.618009016693067244e-03 2.794998172291946048e+01
2.106988058974046680e+02 4.374314609479712165e-03 2.860151090532472296e+01
2.114852564883636035e+02 1.001584013646886727e-02 2.904697209699037330e+01
2.122627756792981586e+02 1.927622761057633596e-02 2.956049713659071543e+01
2.129107225539173953e+02 3.582307786036310199e-02 2.953797977336420288e+01
2.133248933836968320e+02 6.377482636773486313e-02 2.977041549896429729e+01
2.137889119044718029e+02 1.027293773607895755e-01 3.004309735591568042e+01
2.142691604727671404e+02 1.206652857316924538e-01 3.016518825392957126e+01
2.145982819544291544e+02 1.454977458267332768e-01 3.036724747167052385e+01
2.148434385280857839e+02 1.662483246009504034e-01 3.050776166686974378e+01
2.149643962471061229e+02 1.541488972828073678e-01 3.066310466674789836e+01
2.149666260509321205e+02 1.708297794565614702e-01 3.072854879980504350e+01
2.150595345436822186e+02 1.719995126111855677e-01 3.071992201778969189e+01
2.150559887900572562e+02 1.750578774217131650e-01 3.070733520165712349e+01
2.151057999268916774e+02 1.748141830144998299e-01 3.068068721822834277e+01
2.152437918849762468e+02 1.813573778481783749e-01 3.079423662726940591e+01
2.154615084683806572e+02 2.025709759961008827e-01 3.082988911904471863e+01
2.152249543072986455e+02 1.838674302424759266e-01 3.093791884976239714e+01
2.126445473376386133e+02 4.984769099549165444e-02 2.923129036188619523e+01
2.090571097843304358e+02 1.523090045083465337e-03 2.717075667113439863e+01
2.065043743146094926e+02 3.533568904593639422e-04 2.587004995735347990e+01
2.055318386743024348e+02 6.092360180333861375e-05 2.522379675886438477e+01
2.056088704764225668e+02 1.462166443280126676e-04 2.523656634580236258e+01
2.064099549165346730e+02 4.142804922627025491e-04 2.578060192518581673e+01
2.085368587790910340e+02 6.579748994760569770e-04 2.683905202875594043e+01
2.104829535762154364e+02 4.508346533447057242e-03 2.807776288534178022e+01
2.119642987693432303e+02 1.748507371755818329e-02 2.888407457048860749e+01
2.130782015352747578e+02 4.982332155477031677e-02 2.946714999390763978e+01
2.136068356281223259e+02 7.805531863043743690e-02 2.981392713537224282e+01
2.135822712318752394e+02 7.517972462531985478e-02 2.967508224686243423e+01
2.128660777385159122e+02 3.573778481783843053e-02 2.937145120019495437e+01
2.117812842695260258e+02 1.398805897404654594e-02 2.881514560740831143e+01
2.111041306202022554e+02 1.011331789935420930e-02 2.842765931521871536e+01
2.109673815035944813e+02 7.725112708663336471e-03 2.833126599244547350e+01
2.109861581576702747e+02 7.128061410990618046e-03 2.844513220421591271e+01
2.112973315462410255e+02 1.189228707201169660e-02 2.869321311075910685e+01
2.116058730352138468e+02 1.546241013768734004e-02 2.877877421713171557e+01
2.125891190447179326e+02 3.961252589253076717e-02 2.933523821128305187e+01
2.138189716096015616e+02 8.341659558913122607e-02 3.013186304374314517e+01
2.146363957597173169e+02 1.555623248446448281e-01 3.040494699646643184e+01
2.151979407822590531e+02 1.931156329962227247e-01 3.080804191543803938e+01
2.157716705251614542e+02 2.577921286706469917e-01 3.094297550871207392e+01
2.161700377726331226e+02 2.961252589253076661e-01 3.124181796027781033e+01
2.164931400024369452e+02 3.285853539661264811e-01 3.139526014377970142e+01
2.166433532350432642e+02 3.541488972828073512e-01 3.163995369806263014e+01
2.167726331180699333e+02 3.520165712196904884e-01 3.166750335079809986e+01
2.168412087242597863e+02 3.596563908858291803e-01 3.176970878518337926e+01
2.169813695625685455e+02 3.875715852321189314e-01 3.194296332399171590e+01
2.169898623126599375e+02 3.973924698428171198e-01 3.207678810771292888e+01
2.169923723650542229e+02 4.357134153771171081e-01 3.170834653344705600e+01
2.170906543194833773e+02 4.360058486657731325e-01 3.174217131716827112e+01
2.171719995126111939e+02 4.596320214451078412e-01 3.176656512733032756e+01
2.166492628244181731e+02 3.852077494821493642e-01 3.136455464847081842e+01
2.131853295966857615e+02 7.698306323869867629e-02 2.927812842695260187e+01
2.095134397465578218e+02 7.737297429024003574e-03 2.721512123796759042e+01
2.072854148897282869e+02 4.142804922627025491e-04 2.627926160594614302e+01
2.066929084927500924e+02 2.924332886560253352e-04 2.578966735713415304e+01
2.067926160594614373e+02 1.949555257706835749e-04 2.585983916169124086e+01
2.078692335810893042e+02 1.913001096624832378e-03 2.640298525648836403e+01
2.094564883635920580e+02 1.852077494821493826e-03 2.717164615572072606e+01
2.108326916047276711e+02 7.591080784695991394e-03 2.813960034117216935e+01
2.121875594005117591e+02 2.695260143779700315e-02 2.886990374070915166e+01
2.133020835871816701e+02 6.494455952235896057e-02 2.948989886682100803e+01
2.139959059339588237e+02 9.642987693432435170e-02 2.993316680882173841e+01
2.139424393810162144e+02 7.929816010722554043e-02 3.001322042159132408e+01
2.131463872304130689e+02 5.084683806506640896e-02 2.950882173754112259e+01
2.121866942853661442e+02 1.816741805775557578e-02 2.904750822468624349e+01
2.115417448519556558e+02 1.576702814670403324e-02 2.879055684172048402e+01
2.113659315218715733e+02 1.117338857073230107e-02 2.870530035335688979e+01
2.114446082612404041e+02 1.726574875106616155e-02 2.867828682831729026e+01
2.118892530766418929e+02 1.986109418788838815e-02 2.892339466309248053e+01
2.125410381381747413e+02 3.802851224564396393e-02 2.936775922992567445e+01
2.131556354331668217e+02 5.367369318874131573e-02 2.964286584622882970e+01
2.138229438284391506e+02 9.973193615206531193e-02 3.013796758864383918e+01
2.143848178384306209e+02 1.336785670768855794e-01 3.052842695260143913e+01
2.150304496161813006e+02 1.898013890581211061e-01 3.080528816863652963e+01
2.154948946021688698e+02 2.409772145729255632e-01 3.103166808821737632e+01
2.159836846594370741e+02 2.946143536005848551e-01 3.136323869867186431e+01
2.162049469964664183e+02 3.311319605215060080e-01 3.144444985987571428e+01
2.163973193615206583e+02 3.276593152187157187e-01 3.155905933958815623e+01
2.165480077982210219e+02 3.400511758255148065e-01 3.163101011331789891e+01
2.167185695138296637e+02 3.292067747045205328e-01 3.168730352138418382e+01
2.168018277080541054e+02 3.655294260996710398e-01 3.178162544169611436e+01
2.168736566345802430e+02 3.609845254051419761e-01 3.181156329962227503e+01
2.170902644084318354e+02 4.223589618618252550e-01 3.180426465212623199e+01
2.170678323382478254e+02 4.047154867795784150e-01 3.177610576337272974e+01
2.151095406360423965e+02 1.791032045814548446e-01 3.056489582064091692e+01
2.112897039112952484e+02 1.183136347020835935e-02 2.825746314122091007e+01
2.084167296210551967e+02 2.899963445838918061e-03 2.661642500304618153e+01
2.071468502497867803e+02 4.142804922627025491e-04 2.591564518094309832e+01
2.069075910807846981e+02 1.462166443280126676e-04 2.589056902644084346e+01
2.074385159010600717e+02 1.827708054100158480e-04 2.623004752040940701e+01
2.087673449494334079e+02 1.413427561837455769e-03 2.695275983916168983e+01
2.103817960277811494e+02 4.618009016693067244e-03 2.790092603874741073e+01
2.116394419398074831e+02 1.575484342634336440e-02 2.857654441330571515e+01
2.128119044717923600e+02 4.928719385890093646e-02 2.937208480565371005e+01
2.135615206531010131e+02 8.736444498598756880e-02 2.980009747776288620e+01
2.136756792981601052e+02 8.876568782746435682e-02 2.972377238942366162e+01
2.131499695381990875e+02 5.959546728402582982e-02 2.952086024125746277e+01
2.122063116851468294e+02 3.410503228950895888e-02 2.895140733520165810e+01
2.113566833191178205e+02 7.700743267942000529e-03 2.850080419154380351e+01
2.108796758864384060e+02 8.772998659680760272e-03 2.816991592542951039e+01
2.108116242232240722e+02 9.650298525648836820e-03 2.815676861216035221e+01
2.111173023029121509e+02 9.784330449616181896e-03 2.846764956744242880e+01
2.117540148653588403e+02 1.580358230778603629e-02 2.885517241379310249e+01
2.124199707566711481e+02 3.086389667357134284e-02 2.921638844888509823e+01
2.131739612525892653e+02 5.362495430729864732e-02 2.960823687096381107e+01
2.137871694894602115e+02 8.764469355428293473e-02 2.987615450225417391e+01
2.143450103570123133e+02 1.241988546362860907e-01 3.019166565127330415e+01
2.148639941513342251e+02 1.699768490313147418e-01 3.066639454124527830e+01
2.153503838186913697e+02 1.825392957231631585e-01 3.080333861337882340e+01
2.156173266723528741e+02 2.102107956622395468e-01 3.095408797368100551e+01
2.158836359205556334e+02 2.460460582429633281e-01 3.125408797368100267e+01
2.159873766297063469e+02 2.476300718898501174e-01 3.122786645546484863e+01
2.160379188497624057e+02 2.646155720726209304e-01 3.126789326184963969e+01
2.161806384793468965e+02 3.031802120141342538e-01 3.129493115632996236e+01
2.161415742658705881e+02 2.783843060801754477e-01 3.122017789691726719e+01
2.162345802363835787e+02 3.067747045205312384e-01 3.125725600097477752e+01
2.156744851955647562e+02 2.381747288899719872e-01 3.078408675520896765e+01
2.125003168027293725e+02 5.951017424150115837e-02 2.900064579017911370e+01
2.091250883392226285e+02 4.605824296332399273e-03 2.712285853539661318e+01
2.067937492384549785e+02 1.437797002558791276e-03 2.599817229194589885e+01
2.058002802485682992e+02 3.411721700986962424e-04 2.535121237967588570e+01
2.058616425003046118e+02 3.533568904593639422e-04 2.541142926769830623e+01
2.068708419641769183e+02 5.848665773120506704e-04 2.592166443280126842e+01
2.083470939441939720e+02 1.218472036066772356e-03 2.682706226392104298e+01
2.097912270013403315e+02 8.273425124893383012e-03 2.774692335810892985e+01
2.111532837821372084e+02 7.700743267942000529e-03 2.850911417082977906e+01
2.121209699037407006e+02 2.726940416717436172e-02 2.910548312416230132e+01
2.126768977701961774e+02 4.836115511149018803e-02 2.931211161203850324e+01
2.125933593274034479e+02 4.966492019008163922e-02 2.929227488729133810e+01
2.118576580967466896e+02 2.032411356159376237e-02 2.870946752772023913e+01
2.106780553186304417e+02 7.006214207383940941e-03 2.814512001949555398e+01
2.097331789935421114e+02 2.814670403314244000e-03 2.754764225661021015e+01
2.092568417204825266e+02 1.523090045083465337e-03 2.725563543316680892e+01
2.091899476057024572e+02 2.583160716461557326e-03 2.713858900938223329e+01
2.095214816619958640e+02 2.558791275740221818e-03 2.730260753015718223e+01
2.103410015840136396e+02 8.602412574631412151e-03 2.778288046789326060e+01
2.109755574509565008e+02 1.672962105519678472e-02 2.824090410625076331e+01
2.118629218959424918e+02 2.813451931278177290e-02 2.868604849518703404e+01
2.125399293286218949e+02 4.030705495308882502e-02 2.929596685756061802e+01
2.131284391373218057e+02 5.823077860363104485e-02 2.963176556598025968e+01
2.136153649323748027e+02 8.542707444864140742e-02 2.980185207749482146e+01
2.140999390763981864e+02 1.164493724869014313e-01 3.016310466674789836e+01
2.143281954429145912e+02 1.215913244791032022e-01 3.029078835140733617e+01
2.145321676617521689e+02 1.288899719751431805e-01 3.027517972462532114e+01
2.146677714146460403e+02 1.336907517972462656e-01 3.052934080662848615e+01
2.146790666504203671e+02 1.342146947727549666e-01 3.058652369928110204e+01
2.146917631290361896e+02 1.478006579748994687e-01 3.041033264286584625e+01
2.148216035091994627e+02 1.766418910685999821e-01 3.048175947362008031e+01
2.142043499451687580e+02 9.825758498842451782e-02 3.005964420616546917e+01
2.109793103448275815e+02 1.514560740830997974e-02 2.823947849396856213e+01
2.074614719142195725e+02 1.145363713902765833e-03 2.635823077860363028e+01
2.052614109906177760e+02 2.315096868526867282e-04 2.494454733763859977e+01
2.044561106372608776e+02 0.000000000000000000e+00 2.460896795418545224e+01
2.045067990739612469e+02 6.092360180333861375e-05 2.475810893140002378e+01
2.056196295845010411e+02 1.218472036066772343e-05 2.535091994638722923e+01
2.074059583282563608e+02 2.436944072133544550e-04 2.615874253685877804e+01
2.090817716583404433e+02 7.920068234434019449e-04 2.709611307420494697e+01
2.104636407944437622e+02 1.108809552820762788e-02 2.815625685390520161e+01
2.115539052028755975e+02 1.663214329231144095e-02 2.866354331668088307e+01
2.120068112586816085e+02 2.605093213110759240e-02 2.896513951504812923e+01
2.117214938467162142e+02 2.223711465821859301e-02 2.884317046423784703e+01
2.107537468015109141e+02 9.845254051419519148e-03 2.821986109418788757e+01
2.097418179602778139e+02 3.667600828560984606e-03 2.741379310344827758e+01
2.090562934080662956e+02 1.949555257706835640e-03 2.708235652491775269e+01
2.087048373339831926e+02 7.676373827220665455e-04 2.694537589862312643e+01
2.088178262458876588e+02 1.291580358230778663e-03 2.702878030949189636e+01
2.091895333252101921e+02 1.035701230656756481e-03 2.723014499817229250e+01
2.098822956013159455e+02 5.970512976727184243e-03 2.760324113561593862e+01
2.106925185816985504e+02 1.507249908614597365e-02 2.804180577555744946e+01
2.114844888509808811e+02 1.307420494699646635e-02 2.847798221030827293e+01
2.120582673327647001e+02 3.090045083465334588e-02 2.893010844401121062e+01
2.127274399902522362e+02 4.299987815279639192e-02 2.926758864384062520e+01
2.132956500548312420e+02 5.952235896186182373e-02 2.976961130742049377e+01
2.139286097234068507e+02 8.625563543316680515e-02 3.004287803094918985e+01
2.143990374070914982e+02 1.093456805166321405e-01 3.028541488972827977e+01
2.146853052272450384e+02 1.289021566955038389e-01 3.047515535518459728e+01
2.148108931400024346e+02 1.534056293408066207e-01 3.050648227123187439e+01
2.148452784208602395e+02 1.502741562081150173e-01 3.052748872913366540e+01
2.147367734860484916e+02 1.440599488241744719e-01 3.031602290727427729e+01
2.126517363226514021e+02 3.727305958328256535e-02 2.917246253198489114e+01
2.088578043133910001e+02 2.412574631412209205e-03 2.681860606799073921e+01
2.057394175703667543e+02 6.092360180333861375e-05 2.536543194833678427e+01
2.044764834897039236e+02 2.436944072133544686e-05 2.468541488972828191e+01
2.042027781162422286e+02 0.000000000000000000e+00 2.446342146947727514e+01
2.049565980260753122e+02 3.655416108200316690e-05 2.481283051053978284e+01
2.063874497380285220e+02 1.340319239673449408e-04 2.562335810893139865e+01
2.079162056780796775e+02 5.726818569513829164e-04 2.632460095040818970e+01
2.093740587303521465e+02 2.290727427805531666e-03 2.727323016936761135e+01
2.106823077860363185e+02 4.081881320823686939e-03 2.810251005239429745e+01
2.114093091263555380e+02 1.440233946630924827e-02 2.864053856463994308e+01
2.114855611063726144e+02 1.424393810162056725e-02 2.868889971975143283e+01
2.108024613135128504e+02 6.543194833678566726e-03 2.815351529182405343e+01
2.097169123918606033e+02 3.533568904593639530e-03 2.763319117826245730e+01
