1.176822429906542027e+02 0.000000000000000000e+00 1.114425605822512599e+00
1.177237085435447881e+02 0.000000000000000000e+00 1.122970804730791583e+00
1.177476602431560622e+02 0.000000000000000000e+00 1.122405094698535999e+00
1.182701215780332547e+02 0.000000000000000000e+00 1.455654619138202044e+00
1.189947332726821543e+02 0.000000000000000000e+00 1.283050202630055425e+00
1.193212306674385843e+02 0.000000000000000000e+00 8.232305020263005479e-01
1.193768654371019835e+02 0.000000000000000000e+00 5.039450831196757852e-01
1.193991266231081028e+02 0.000000000000000000e+00 4.595914316433711289e-01
1.194519493838392208e+02 0.000000000000000000e+00 4.067984451244727739e-01
1.194355239434289899e+02 0.000000000000000000e+00 3.434819287073029304e-01
1.180193466214539768e+02 0.000000000000000000e+00 2.320602100736084694e-01
1.143962682987345971e+02 0.000000000000000000e+00 6.863948391365477797e-02
1.117360185261764940e+02 0.000000000000000000e+00 4.670250599619552023e-02
1.101903796212058495e+02 0.000000000000000000e+00 2.006120254734926681e-02
1.096331519311884932e+02 0.000000000000000000e+00 9.550905632288478678e-03
1.097003225539657620e+02 0.000000000000000000e+00 1.270697212802911202e-02
1.103850235712513381e+02 0.000000000000000000e+00 2.354147713175088960e-02
1.116263667190472262e+02 0.000000000000000000e+00 4.616987842196675074e-02
1.127072268629559204e+02 0.000000000000000000e+00 6.506657844677860014e-02
1.136745711686378257e+02 0.000000000000000000e+00 4.730460673228020774e-02
1.143073426515590114e+02 0.000000000000000000e+00 5.482424944173352327e-02
1.144450417666032536e+02 0.000000000000000000e+00 6.408072119758498331e-02
1.140183376064841667e+02 0.000000000000000000e+00 6.657844677859564575e-02
1.131279133239599730e+02 0.000000000000000000e+00 7.437267388967000459e-02
1.121996162434868864e+02 0.000000000000000000e+00 4.311967579191133826e-02
1.114884227938135837e+02 0.000000000000000000e+00 3.399222562236374479e-02
1.111387809114217191e+02 0.000000000000000000e+00 2.841783144487635554e-02
1.111401042097427876e+02 0.000000000000000000e+00 2.642295922587048138e-02
1.112311272847572639e+02 0.000000000000000000e+00 2.687618890083533219e-02
1.113825093044413137e+02 0.000000000000000000e+00 3.110412703663882270e-02
1.116891638408733769e+02 0.000000000000000000e+00 3.825986270779919290e-02
1.122835332065172480e+02 0.000000000000000000e+00 4.106525514845753289e-02
1.128103779670829567e+02 0.000000000000000000e+00 5.649491357207840625e-02
1.131511702919526954e+02 0.000000000000000000e+00 5.239930526838144226e-02
1.134331023075014429e+02 0.000000000000000000e+00 6.233727565958150502e-02
1.136642097427838820e+02 0.000000000000000000e+00 5.531386982052766826e-02
1.139573236291456482e+02 0.000000000000000000e+00 5.973368621288561997e-02
1.143172839301960124e+02 0.000000000000000000e+00 5.936647092879000776e-02
1.146599487221900517e+02 0.000000000000000000e+00 5.738152344719212733e-02
1.149035580183607692e+02 0.000000000000000000e+00 6.269125796046645660e-02
1.148371449838723066e+02 0.000000000000000000e+00 6.081548259035646220e-02
1.124583938466628013e+02 0.000000000000000000e+00 2.341576379124968993e-02
1.092683715160036400e+02 0.000000000000000000e+00 1.654122901331569009e-04
1.075775568604747292e+02 0.000000000000000000e+00 2.646596642130510170e-05
1.069419402861632591e+02 0.000000000000000000e+00 2.381936977917459221e-04
1.068972227276486677e+02 0.000000000000000000e+00 3.308245802663138018e-04
1.073533636589198608e+02 0.000000000000000000e+00 5.425523116367545612e-04
1.085866413034488431e+02 0.000000000000000000e+00 1.164502522537424556e-03
1.101265602514266817e+02 0.000000000000000000e+00 2.110329997518815490e-02
1.113171946075593439e+02 0.000000000000000000e+00 3.789264742370358069e-02
1.124846447771069364e+02 0.000000000000000000e+00 4.328177983624183212e-02
1.130405227028368245e+02 0.000000000000000000e+00 4.815813414936729459e-02
1.130841617732197477e+02 0.000000000000000000e+00 4.319576544537259005e-02
1.128469406996939881e+02 0.000000000000000000e+00 4.545860557439417721e-02
1.126270382929451728e+02 0.000000000000000000e+00 4.036390703829294269e-02
1.129423273509221701e+02 0.000000000000000000e+00 4.978579108427756000e-02
1.150202630055413096e+02 0.000000000000000000e+00 6.142419981804648349e-02
1.181619287073029483e+02 0.000000000000000000e+00 1.519444214705152618e-01
1.191740997436109524e+02 0.000000000000000000e+00 1.893077495657927434e-01
1.201715590108344998e+02 0.000000000000000000e+00 2.793681250516913406e-01
1.210080291125630652e+02 0.000000000000000000e+00 3.614192374493425119e-01
1.212977321975022704e+02 0.000000000000000000e+00 3.724687784302373461e-01
1.217788404598461653e+02 0.000000000000000000e+00 4.140203457116863883e-01
1.224452568025804311e+02 0.000000000000000000e+00 4.761889008353320518e-01
1.239451062773964054e+02 0.000000000000000000e+00 6.379819700603754917e-01
1.257099296997766942e+02 0.000000000000000000e+00 8.349450004135307024e-01
1.268490083533206558e+02 0.000000000000000000e+00 9.490166239351583988e-01
1.284575767099495351e+02 0.000000000000000000e+00 1.170394508311967563e+00
1.298449888346704029e+02 0.000000000000000000e+00 1.298387230171201612e+00
1.306310776610702078e+02 0.000000000000000000e+00 1.353254486808369794e+00
1.313457249193615155e+02 0.000000000000000000e+00 1.438557604830038805e+00
1.326872252088330129e+02 0.000000000000000000e+00 1.631686378297907636e+00
1.330341774873873248e+02 0.000000000000000000e+00 1.614658837151600412e+00
1.303956364237862999e+02 0.000000000000000000e+00 1.164221321644198115e+00
1.271773484409891637e+02 0.000000000000000000e+00 8.098718054751468109e-01
1.259937804978909952e+02 0.000000000000000000e+00 7.015995368455876235e-01
1.257538367380696371e+02 0.000000000000000000e+00 7.054503349598875150e-01
1.265118650235712465e+02 0.000000000000000000e+00 7.841303448846249635e-01
1.288935307253328801e+02 0.000000000000000000e+00 1.201306757092051924e+00
1.307949979323463765e+02 0.000000000000000000e+00 1.379277148292118005e+00
1.322500835332065208e+02 0.000000000000000000e+00 1.543491853444710848e+00
1.329589876767843748e+02 0.000000000000000000e+00 1.657431147134232008e+00
1.334719080307666843e+02 0.000000000000000000e+00 1.775509056322884804e+00
1.338082474567860345e+02 0.000000000000000000e+00 1.849104292448928932e+00
1.338340550822926218e+02 0.000000000000000000e+00 1.845676949797369959e+00
1.335014771317509030e+02 0.000000000000000000e+00 1.797217765279960355e+00
1.328838474898684865e+02 0.000000000000000000e+00 1.708391365478455048e+00
1.324170242329005021e+02 0.000000000000000000e+00 1.607228517078818975e+00
1.323680655032669051e+02 0.000000000000000000e+00 1.603275163344636489e+00
1.328885617401373054e+02 0.000000000000000000e+00 1.655915970556612438e+00
1.338966073939293722e+02 0.000000000000000000e+00 1.833886361756678518e+00
1.350461698784219777e+02 0.000000000000000000e+00 2.059273840046315307e+00
1.362635514018691651e+02 0.000000000000000000e+00 2.316427094533124009e+00
1.375639467372425884e+02 0.000000000000000000e+00 2.579267223554710053e+00
1.394290596311305990e+02 0.000000000000000000e+00 2.998428583243735179e+00
1.416471358861963381e+02 0.000000000000000000e+00 3.446586717393102184e+00
1.436974940038044792e+02 0.000000000000000000e+00 3.881247208667604198e+00
1.450370060375485934e+02 0.000000000000000000e+00 4.227372425771235065e+00
1.462659201058638700e+02 0.000000000000000000e+00 4.505582664791994318e+00
1.474350574807708085e+02 0.000000000000000000e+00 4.800112480357290323e+00
1.482596443635762000e+02 0.000000000000000000e+00 5.064825076503184142e+00
1.484169349102638193e+02 0.000000000000000000e+00 5.055128608055578177e+00
1.490141460590521945e+02 0.000000000000000000e+00 5.189903233810271743e+00
1.498240840294433838e+02 0.000000000000000000e+00 5.424818460011579191e+00
1.502210106690927205e+02 0.000000000000000000e+00 5.548546853031179893e+00
1.482809891654949865e+02 0.000000000000000000e+00 4.982423290050451037e+00
1.426474369365643895e+02 0.000000000000000000e+00 3.498691588785046935e+00
1.383749102638325894e+02 0.000000000000000000e+00 2.551845174096435187e+00
1.368868976924985645e+02 0.000000000000000000e+00 2.328667604002977232e+00
1.364582152013894643e+02 0.000000000000000000e+00 2.278772640807211758e+00
1.368336779422711231e+02 0.000000000000000000e+00 2.354293275990406276e+00
1.383011198412042120e+02 0.000000000000000000e+00 2.645276652055247535e+00
1.395175188156480033e+02 0.000000000000000000e+00 2.899330080224960859e+00
1.408457265734843986e+02 0.000000000000000000e+00 3.178453395087255107e+00
1.416609081134728285e+02 0.000000000000000000e+00 3.347339343313208371e+00
1.419630303531552329e+02 0.000000000000000000e+00 3.387977834753121975e+00
1.418025506575138479e+02 0.000000000000000000e+00 3.350879166322057845e+00
1.413495988751964205e+02 0.000000000000000000e+00 3.311067736332809375e+00
1.406744752295095395e+02 0.000000000000000000e+00 3.197049044744024293e+00
1.401003986436192292e+02 0.000000000000000000e+00 3.082527499793234593e+00
1.398333702754114540e+02 0.000000000000000000e+00 2.959126623108097043e+00
1.404245571085931772e+02 0.000000000000000000e+00 3.135535522289305987e+00
1.418243850798114352e+02 0.000000000000000000e+00 3.400582251261268674e+00
1.432200612025473561e+02 0.000000000000000000e+00 3.730106690927136093e+00
1.444762947647010094e+02 0.000000000000000000e+00 4.050000827061450259e+00
1.453190472252088341e+02 0.000000000000000000e+00 4.263723430650897761e+00
1.455990373004714229e+02 0.000000000000000000e+00 4.311865023571251676e+00
1.455543925233644984e+02 0.000000000000000000e+00 4.274862294268464424e+00
1.458464676205442174e+02 0.000000000000000000e+00 4.340567364155156760e+00
1.461362699528575035e+02 0.000000000000000000e+00 4.387845504921015660e+00
1.462606732280208348e+02 0.000000000000000000e+00 4.429334215532214181e+00
1.461136647092878889e+02 0.000000000000000000e+00 4.385162517575055929e+00
1.457117194607559441e+02 0.000000000000000000e+00 4.309760979240757628e+00
1.447397601521793149e+02 0.000000000000000000e+00 4.080879993383508264e+00
1.439091820362253031e+02 0.000000000000000000e+00 3.855581837730543526e+00
1.430727284757257394e+02 0.000000000000000000e+00 3.661344801918782643e+00
1.431506376643784506e+02 0.000000000000000000e+00 3.696283185840707919e+00
1.426926408072119727e+02 0.000000000000000000e+00 3.586131833595235907e+00
1.380171664874700070e+02 0.000000000000000000e+00 2.524181622694566141e+00
1.334379720453229652e+02 0.000000000000000000e+00 1.704616657017616443e+00
1.304212190885782832e+02 0.000000000000000000e+00 1.272427425357704145e+00
1.296053163510048876e+02 0.000000000000000000e+00 1.133464560416838962e+00
1.294173947564304115e+02 0.000000000000000000e+00 1.139452485319659258e+00
1.298578546025969729e+02 0.000000000000000000e+00 1.184699363162682983e+00
1.311466346869572419e+02 0.000000000000000000e+00 1.384927632123066799e+00
1.325283764783723370e+02 0.000000000000000000e+00 1.664140269622032875e+00
1.342783458770986726e+02 0.000000000000000000e+00 1.900464808535274219e+00
1.357600529319328473e+02 0.000000000000000000e+00 2.169835414771317694e+00
1.364911554048465803e+02 0.000000000000000000e+00 2.280509469853610138e+00
1.368020444959060455e+02 0.000000000000000000e+00 2.325266727317839788e+00
1.368677892647423562e+02 0.000000000000000000e+00 2.314230419320155274e+00
1.368018857001075048e+02 0.000000000000000000e+00 2.309096021834422086e+00
1.368370258870234011e+02 0.000000000000000000e+00 2.302621784798610349e+00
1.371106277396410462e+02 0.000000000000000000e+00 2.334543048548507027e+00
1.380468613017947348e+02 0.000000000000000000e+00 2.517862873211479613e+00
1.391821917128442578e+02 0.000000000000000000e+00 2.793813580349020054e+00
1.407011826978744580e+02 0.000000000000000000e+00 3.132908775121991507e+00
1.423229112563063552e+02 0.000000000000000000e+00 3.441882391861715185e+00
1.436027127615581946e+02 0.000000000000000000e+00 3.695492515093871333e+00
1.448062393515838266e+02 0.000000000000000000e+00 4.027216938218509235e+00
1.460712563063435709e+02 0.000000000000000000e+00 4.275497477462575802e+00
1.470512447274832653e+02 0.000000000000000000e+00 4.468619634438838695e+00
1.480679811429989172e+02 0.000000000000000000e+00 4.730688942188404411e+00
1.491830948639483836e+02 0.000000000000000000e+00 5.032338102721031881e+00
1.503575849805640701e+02 0.000000000000000000e+00 5.354806054089818801e+00
1.511945116202133761e+02 0.000000000000000000e+00 5.593396741377884673e+00
1.515795781986601583e+02 0.000000000000000000e+00 5.619118352493590152e+00
1.519407989413613507e+02 0.000000000000000000e+00 5.744785377553552230e+00
1.523716979571582044e+02 0.000000000000000000e+00 5.848340087668513654e+00
1.528666016044992091e+02 0.000000000000000000e+00 5.983114713423207220e+00
1.530962534116284814e+02 0.000000000000000000e+00 6.022906293937639433e+00
1.509693325614093169e+02 0.000000000000000000e+00 5.506644611694649250e+00
1.452138020014887161e+02 0.000000000000000000e+00 4.045316351004879962e+00
1.404214705152592728e+02 0.000000000000000000e+00 3.013236291456454996e+00
1.383963576213712656e+02 0.000000000000000000e+00 2.647883549747746201e+00
1.380501364651393601e+02 0.000000000000000000e+00 2.552344719212637614e+00
1.381773054337937197e+02 0.000000000000000000e+00 2.563741626002812080e+00
1.388663931850136350e+02 0.000000000000000000e+00 2.686371681415929302e+00
1.400677958812339625e+02 0.000000000000000000e+00 2.940603754858985841e+00
1.414316400628566726e+02 0.000000000000000000e+00 3.251965925068232455e+00
1.429704143577867796e+02 0.000000000000000000e+00 3.540686461004052710e+00
1.433278008436026880e+02 0.000000000000000000e+00 3.637604830038871917e+00
1.435020130675709140e+02 0.000000000000000000e+00 3.684036059879248981e+00
1.433098734595980375e+02 0.000000000000000000e+00 3.637925729881730241e+00
1.425503696964684366e+02 0.000000000000000000e+00 3.486758746174840606e+00
1.418422562236374063e+02 0.000000000000000000e+00 3.350710445786122094e+00
1.417179753535687610e+02 0.000000000000000000e+00 3.304391696303035530e+00
1.419945447026714191e+02 0.000000000000000000e+00 3.365978000165412265e+00
1.427785063270200965e+02 0.000000000000000000e+00 3.545675295674468597e+00
1.437044512447274940e+02 0.000000000000000000e+00 3.780752625920106080e+00
1.445849375568604671e+02 0.000000000000000000e+00 3.968548507154081584e+00
1.454902092465470105e+02 0.000000000000000000e+00 4.217570093457943869e+00
1.464874600942850122e+02 0.000000000000000000e+00 4.486173186667769208e+00
1.473877727235133648e+02 0.000000000000000000e+00 4.702062691257960836e+00
1.481842957571747661e+02 0.000000000000000000e+00 4.885756347696633917e+00
1.489094003804482611e+02 0.000000000000000000e+00 5.009815565296501738e+00
1.495281415929203490e+02 0.000000000000000000e+00 5.159738648581589260e+00
1.500031924571995603e+02 0.000000000000000000e+00 5.201786452733438537e+00
1.504683384335456253e+02 0.000000000000000000e+00 5.304143577867835191e+00
1.508797254155983865e+02 0.000000000000000000e+00 5.401571416756264732e+00
1.513718633694483628e+02 0.000000000000000000e+00 5.500798941361343175e+00
1.520643387643702056e+02 0.000000000000000000e+00 5.697500620296088059e+00
1.525616673558845378e+02 0.000000000000000000e+00 5.897609792407576101e+00
1.521207245058307933e+02 0.000000000000000000e+00 5.809269704739062234e+00
1.487671755851459636e+02 0.000000000000000000e+00 5.012455545447026317e+00
1.451581771565627434e+02 0.000000000000000000e+00 4.092779753535687348e+00
1.436514399139855982e+02 0.000000000000000000e+00 3.740157141675626296e+00
1.433342982383591107e+02 0.000000000000000000e+00 3.698900008270614492e+00
1.436954925150938607e+02 0.000000000000000000e+00 3.777775204697709110e+00
1.449201951865023545e+02 0.000000000000000000e+00 4.097801670664130036e+00
1.466968290463981361e+02 0.000000000000000000e+00 4.674465304772144947e+00
1.483597717310396149e+02 0.000000000000000000e+00 5.035312215697626215e+00
1.495303217269043046e+02 0.000000000000000000e+00 5.279576544537259331e+00
1.501995533868166319e+02 0.000000000000000000e+00 5.418506327020097935e+00
1.504942552311636632e+02 0.000000000000000000e+00 5.484694400793978630e+00
1.504525283268546900e+02 0.000000000000000000e+00 5.455806798445124173e+00
1.500626780249772594e+02 0.000000000000000000e+00 5.342112314945000051e+00
1.496112678852038584e+02 0.000000000000000000e+00 5.230961872467124074e+00
1.494514663799520235e+02 0.000000000000000000e+00 5.209464891241418982e+00
1.495556827392275352e+02 0.000000000000000000e+00 5.265162517575055823e+00
1.499340567364155277e+02 0.000000000000000000e+00 5.306915887850466973e+00
1.506391630138119240e+02 0.000000000000000000e+00 5.524734099743611182e+00
1.514121941940286149e+02 0.000000000000000000e+00 5.709416921677280321e+00
1.522131899760152294e+02 0.000000000000000000e+00 5.864977255810106982e+00
1.527939459101811224e+02 0.000000000000000000e+00 6.010321726904308548e+00
1.532098056405590967e+02 0.000000000000000000e+00 6.051688032420808661e+00
1.535102704490943779e+02 0.000000000000000000e+00 6.147306260855181392e+00
1.538860937887685054e+02 0.000000000000000000e+00 6.269962782234720144e+00
1.543402199983458729e+02 0.000000000000000000e+00 6.386241005706724039e+00
1.547844347034984764e+02 0.000000000000000000e+00 6.461291869985940295e+00
1.552866528823091414e+02 0.000000000000000000e+00 6.586780249772558271e+00
1.556917475808452593e+02 0.000000000000000000e+00 6.679510379621206084e+00
1.560735323794557985e+02 0.000000000000000000e+00 6.728574973120502456e+00
1.558319642709453205e+02 0.000000000000000000e+00 6.634180795633115579e+00
1.525499958646927325e+02 0.000000000000000000e+00 5.720714581093375273e+00
1.482031792242163704e+02 0.000000000000000000e+00 4.803424034405756160e+00
1.446320105863865706e+02 0.000000000000000000e+00 3.912007278140765987e+00
1.430059383012157923e+02 0.000000000000000000e+00 3.605316351004879571e+00
1.422194227111074269e+02 0.000000000000000000e+00 3.410245637250847839e+00
1.424216954759738769e+02 0.000000000000000000e+00 3.424600115788603016e+00
1.438499313538995921e+02 0.000000000000000000e+00 3.726788520387064541e+00
1.451943726738896601e+02 0.000000000000000000e+00 4.095681085104623698e+00
1.467513456289802320e+02 0.000000000000000000e+00 4.503710197667686543e+00
1.479770804730791554e+02 0.000000000000000000e+00 4.812561409312712257e+00
1.486614407410470733e+02 0.000000000000000000e+00 4.963715160036390905e+00
1.486646398147382229e+02 0.000000000000000000e+00 4.947554379290381554e+00
1.480798412042014718e+02 0.000000000000000000e+00 4.839748573318997771e+00
1.467180018195352034e+02 0.000000000000000000e+00 4.512632536597469546e+00
1.458380712926970375e+02 0.000000000000000000e+00 4.310250599619552148e+00
1.453621768257381461e+02 0.000000000000000000e+00 4.207939789926391505e+00
1.452904838309486308e+02 0.000000000000000000e+00 4.171648333471177139e+00
1.454952410884128824e+02 0.000000000000000000e+00 4.183693656438673081e+00
1.461128144901166195e+02 0.000000000000000000e+00 4.356135968902489886e+00
1.468357852948473976e+02 0.000000000000000000e+00 4.510511951037962319e+00
1.475547597386485847e+02 0.000000000000000000e+00 4.687334380944504275e+00
1.483945182367049824e+02 0.000000000000000000e+00 4.864596807542800327e+00
1.492168555123645604e+02 0.000000000000000000e+00 5.070204284178314147e+00
1.499832503515011126e+02 0.000000000000000000e+00 5.227471673145315023e+00
1.504273591927880318e+02 0.000000000000000000e+00 5.308252419154743329e+00
1.508439301960135595e+02 0.000000000000000000e+00 5.384163427342651964e+00
1.512857728889256350e+02 0.000000000000000000e+00 5.523381027210321648e+00
1.517079348275576933e+02 0.000000000000000000e+00 5.605385824166735809e+00
1.518531535853113894e+02 0.000000000000000000e+00 5.637621371267885095e+00
1.508792291787279680e+02 0.000000000000000000e+00 5.345877098668431415e+00
1.463451095856422057e+02 0.000000000000000000e+00 4.299373087420395478e+00
1.418541493672979925e+02 0.000000000000000000e+00 3.182042841783144560e+00
1.393096418823918725e+02 0.000000000000000000e+00 2.721594574476883466e+00
1.385029989248201048e+02 0.000000000000000000e+00 2.531780663303283330e+00
1.384501728558431921e+02 0.000000000000000000e+00 2.524691092548176474e+00
1.390429344140269734e+02 0.000000000000000000e+00 2.656422132164419914e+00
1.402865205524770431e+02 0.000000000000000000e+00 2.991352245471838422e+00
1.415805640559093490e+02 0.000000000000000000e+00 3.230382929451658391e+00
1.427202117277313675e+02 0.000000000000000000e+00 3.466836489951203415e+00
1.436441816226945605e+02 0.000000000000000000e+00 3.728717227690017566e+00
1.440494020345711590e+02 0.000000000000000000e+00 3.778708130014059918e+00
1.440050186088826365e+02 0.000000000000000000e+00 3.755166652882309108e+00
1.433992424117111852e+02 0.000000000000000000e+00 3.639755189810602864e+00
1.424157836407244986e+02 0.000000000000000000e+00 3.423667190472252209e+00
1.418281399387974488e+02 0.000000000000000000e+00 3.284839963609296198e+00
1.416884591845173986e+02 0.000000000000000000e+00 3.290679017450996557e+00
1.419818211893143598e+02 0.000000000000000000e+00 3.319784964022826745e+00
1.426503283433959268e+02 0.000000000000000000e+00 3.445432139607973010e+00
1.435714299892482018e+02 0.000000000000000000e+00 3.666105367628814893e+00
1.444524621619386267e+02 0.000000000000000000e+00 3.884009593912827629e+00
1.451158613845008745e+02 0.000000000000000000e+00 4.004446282358779641e+00
1.457003225539657478e+02 0.000000000000000000e+00 4.157032503515011079e+00
1.462221487056488343e+02 0.000000000000000000e+00 4.343521627656935280e+00
1.467362104044330522e+02 0.000000000000000000e+00 4.390422628401290162e+00
1.471097477462575398e+02 0.000000000000000000e+00 4.480033082458026783e+00
1.474866231080969214e+02 0.000000000000000000e+00 4.527853775535522374e+00
1.478719576544537233e+02 0.000000000000000000e+00 4.546317095360185689e+00
1.482693540650070361e+02 0.000000000000000000e+00 4.626224464477711074e+00
1.484454552973285786e+02 0.000000000000000000e+00 4.694215532214043307e+00
1.464722223141179427e+02 0.000000000000000000e+00 4.299981804648085770e+00
1.413529567446861392e+02 0.000000000000000000e+00 3.124902820279546578e+00
1.371897675957323770e+02 0.000000000000000000e+00 2.270945331238110931e+00
1.353214523199073653e+02 0.000000000000000000e+00 1.961372922008105313e+00
1.349212505169134033e+02 0.000000000000000000e+00 1.851429989248201124e+00
1.350975634769663429e+02 0.000000000000000000e+00 1.906621453974030267e+00
1.360716036721528326e+02 0.000000000000000000e+00 2.113314035232817911e+00
1.374965081465552998e+02 0.000000000000000000e+00 2.386168224299065610e+00
1.381468629559176122e+02 0.000000000000000000e+00 2.529084442974113056e+00
1.393524141923744821e+02 0.000000000000000000e+00 2.762497725581010588e+00
1.402292713588619506e+02 0.000000000000000000e+00 2.918726325365974539e+00
1.404201968406252661e+02 0.000000000000000000e+00 2.936915060789016430e+00
1.402308394673724194e+02 0.000000000000000000e+00 2.919553386816640561e+00
1.396041816226945684e+02 0.000000000000000000e+00 2.745807625506575089e+00
1.389654519890827942e+02 0.000000000000000000e+00 2.647453477793400012e+00
1.388368968654370974e+02 0.000000000000000000e+00 2.623524935902737720e+00
1.391180051277810037e+02 0.000000000000000000e+00 2.688426102059382927e+00
1.400348358283020502e+02 0.000000000000000000e+00 2.898827226862955797e+00
1.411971813745761324e+02 0.000000000000000000e+00 3.153535687701596313e+00
1.423036969646844625e+02 0.000000000000000000e+00 3.392794640641799475e+00
1.432481349764287586e+02 0.000000000000000000e+00 3.637029195269208426e+00
1.443214423951699530e+02 0.000000000000000000e+00 3.861784798610536917e+00
1.453842792159457531e+02 0.000000000000000000e+00 4.107604002977421231e+00
1.465771565627325970e+02 0.000000000000000000e+00 4.377513853279298317e+00
1.477449739475642900e+02 0.000000000000000000e+00 4.686805061616078127e+00
1.488486709122487923e+02 0.000000000000000000e+00 4.884796956413861579e+00
1.499099131585476812e+02 0.000000000000000000e+00 5.135413117194607580e+00
1.508913638243321600e+02 0.000000000000000000e+00 5.320281200893226092e+00
1.519684360267967804e+02 0.000000000000000000e+00 5.566262509304441330e+00
1.529067008518732962e+02 0.000000000000000000e+00 5.757072202464643240e+00
1.532891472996443554e+02 0.000000000000000000e+00 5.802550657513853238e+00
1.521373451327433770e+02 0.000000000000000000e+00 5.554263501778182288e+00
1.480403870647589031e+02 0.000000000000000000e+00 4.621460590521875744e+00
1.451538598957902479e+02 0.000000000000000000e+00 4.004009593912827292e+00
1.445561425853940989e+02 0.000000000000000000e+00 3.903065089736167614e+00
1.446503779670829601e+02 0.000000000000000000e+00 3.923543131254652039e+00
1.457129468199487121e+02 0.000000000000000000e+00 4.186561905549582185e+00
1.474571267885203838e+02 0.000000000000000000e+00 4.646861301794723786e+00
1.488854453725911924e+02 0.000000000000000000e+00 4.997588288809858170e+00
1.500348523695310519e+02 0.000000000000000000e+00 5.308765197254156298e+00
1.510122537424530549e+02 0.000000000000000000e+00 5.463475312215697599e+00
1.515476437019270577e+02 0.000000000000000000e+00 5.582942684641468922e+00
1.516233694483500187e+02 0.000000000000000000e+00 5.575125299809776003e+00
1.514473244562070988e+02 0.000000000000000000e+00 5.539998345877098274e+00
1.509201124803572895e+02 0.000000000000000000e+00 5.317135059134893815e+00
1.501384765528078731e+02 0.000000000000000000e+00 5.135320486312132893e+00
1.497994772971631789e+02 0.000000000000000000e+00 5.010765031841866168e+00
1.498276205442064395e+02 0.000000000000000000e+00 4.930070300223306390e+00
1.501347944752295120e+02 0.000000000000000000e+00 4.953452981556529799e+00
1.509730808039037413e+02 0.000000000000000000e+00 5.249091059465718523e+00
1.519409676618972753e+02 0.000000000000000000e+00 5.568406252584567007e+00
1.526969646844760575e+02 0.000000000000000000e+00 5.777675957323628708e+00
1.534038640310974984e+02 0.000000000000000000e+00 5.980497890993301091e+00
1.541902539078653547e+02 0.000000000000000000e+00 6.119953684558762319e+00
1.548608882639980209e+02 0.000000000000000000e+00 6.331099164667934431e+00
1.553998941361343213e+02 0.000000000000000000e+00 6.404204780415184928e+00
1.558262277727235130e+02 0.000000000000000000e+00 6.525167479943760007e+00
1.561498635348606285e+02 0.000000000000000000e+00 6.645710032255396804e+00
1.564347431974195786e+02 0.000000000000000000e+00 6.766728971962616690e+00
1.565492680506161491e+02 0.000000000000000000e+00 6.720251426681002727e+00
1.567171582168555233e+02 0.000000000000000000e+00 6.718719708874369090e+00
1.569348010917211127e+02 0.000000000000000000e+00 6.691291042924489396e+00
1.571350359771731178e+02 0.000000000000000000e+00 6.736488297080472698e+00
1.571317475808452571e+02 0.000000000000000000e+00 6.761912166073939190e+00
1.546639649325944958e+02 0.000000000000000000e+00 6.083278471590439551e+00
1.505448978579108541e+02 0.000000000000000000e+00 4.968677528740385263e+00
1.470542916218674918e+02 0.000000000000000000e+00 4.309238276403936752e+00
1.452810586386568446e+02 0.000000000000000000e+00 3.853160201802993789e+00
1.451488611363824361e+02 0.000000000000000000e+00 3.848545198908278842e+00
1.452998197006037628e+02 0.000000000000000000e+00 3.960062856670250486e+00
1.461792804565379242e+02 0.000000000000000000e+00 4.260438342568853010e+00
1.475309602183442337e+02 0.000000000000000000e+00 4.568703994706806881e+00
1.485358200314283295e+02 0.000000000000000000e+00 4.835871309238276794e+00
1.492926738896699987e+02 0.000000000000000000e+00 5.061066909271358938e+00
1.497011496154164263e+02 0.000000000000000000e+00 5.106214539740302705e+00
1.495983127946406341e+02 0.000000000000000000e+00 5.112063518319411415e+00
1.488450450748490539e+02 0.000000000000000000e+00 4.945182367049872241e+00
1.476440029774212235e+02 0.000000000000000000e+00 4.628589860226615116e+00
1.469701993218096163e+02 0.000000000000000000e+00 4.422032917045736866e+00
1.468308725498304455e+02 0.000000000000000000e+00 4.417239268877677816e+00
1.473451294351170304e+02 0.000000000000000000e+00 4.548579935489207138e+00
1.489156661979985188e+02 0.000000000000000000e+00 4.916155818377305309e+00
1.504855313869820463e+02 0.000000000000000000e+00 5.219538499710528079e+00
1.519236754610867592e+02 0.000000000000000000e+00 5.588156480026466255e+00
1.532619072037052490e+02 0.000000000000000000e+00 5.877111901414274975e+00
1.544116152510131599e+02 0.000000000000000000e+00 6.168690761723595983e+00
1.552507220246464215e+02 0.000000000000000000e+00 6.306661152923662250e+00
1.558920353982300924e+02 0.000000000000000000e+00 6.456736415515672789e+00
1.564706542056074738e+02 0.000000000000000000e+00 6.627379042262839803e+00
1.568947613927714713e+02 0.000000000000000000e+00 6.727168968654370751e+00
1.571836274915226284e+02 0.000000000000000000e+00 6.834501695475974081e+00
1.574088363245389246e+02 0.000000000000000000e+00 6.904371846828219361e+00
1.575979720453229618e+02 0.000000000000000000e+00 6.972174344553800474e+00
1.577965230336614013e+02 0.000000000000000000e+00 7.022995616574311484e+00
1.580241700438342605e+02 0.000000000000000000e+00 7.065662062691258072e+00
1.583842362087503091e+02 0.000000000000000000e+00 7.162646596642130881e+00
1.587474849061285340e+02 0.000000000000000000e+00 7.242702836820775758e+00
1.587116665288230877e+02 0.000000000000000000e+00 7.202150359771731125e+00
1.562665619055495938e+02 0.000000000000000000e+00 6.442792159457447987e+00
1.523669671656604123e+02 0.000000000000000000e+00 5.528254073277644842e+00
1.493929501281945136e+02 0.000000000000000000e+00 4.834825903564635041e+00
1.482603754858986065e+02 0.000000000000000000e+00 4.639212637498966174e+00
1.480446580100901599e+02 0.000000000000000000e+00 4.612561409312712080e+00
1.482918236704987294e+02 0.000000000000000000e+00 4.650440823753204889e+00
1.490903415763791315e+02 0.000000000000000000e+00 4.838259862707799286e+00
1.500877611446530580e+02 0.000000000000000000e+00 5.145013646513936223e+00
1.510229096021834323e+02 0.000000000000000000e+00 5.394839136547845193e+00
1.517830253907865483e+02 0.000000000000000000e+00 5.573954180795633206e+00
1.521628715573567092e+02 0.000000000000000000e+00 5.683519973534033376e+00
1.520977917459267132e+02 0.000000000000000000e+00 5.626363410801422660e+00
1.517420362252915425e+02 0.000000000000000000e+00 5.495958977752047225e+00
1.510396063187494917e+02 0.000000000000000000e+00 5.306111984120420288e+00
1.504721362997270830e+02 0.000000000000000000e+00 5.146896038375651017e+00
1.503440443304937446e+02 0.000000000000000000e+00 5.128445951534199132e+00
1.503784831692994715e+02 0.000000000000000000e+00 5.122285997849640005e+00
1.507806897692498467e+02 0.000000000000000000e+00 5.234372673889669869e+00
1.516484327185509926e+02 0.000000000000000000e+00 5.448194524853196441e+00
1.525989148953767369e+02 0.000000000000000000e+00 5.736587544454552656e+00
1.535299181209163919e+02 0.000000000000000000e+00 6.011076006947316586e+00
1.544415019435944032e+02 0.000000000000000000e+00 6.185473492680506169e+00
1.551122090811347221e+02 0.000000000000000000e+00 6.346651228186254379e+00
1.555514448763543101e+02 0.000000000000000000e+00 6.480545860557439752e+00
1.559499693987263242e+02 0.000000000000000000e+00 6.566685964767182249e+00
1.561610817963774593e+02 0.000000000000000000e+00 6.627756182284343822e+00
1.563559639401207448e+02 0.000000000000000000e+00 6.682319080307666859e+00
1.564158928128360060e+02 0.000000000000000000e+00 6.652961707054834584e+00
1.563035844843271889e+02 0.000000000000000000e+00 6.595765445372591351e+00
1.558152245471838455e+02 0.000000000000000000e+00 6.382347200396989884e+00
1.557051029691506017e+02 0.000000000000000000e+00 6.323546439500455030e+00
1.554790373004714183e+02 0.000000000000000000e+00 6.293646513935985176e+00
1.551496848895872915e+02 0.000000000000000000e+00 6.216504838309486303e+00
1.542959060458192084e+02 0.000000000000000000e+00 6.005154246960549003e+00
1.509804747332726720e+02 0.000000000000000000e+00 5.218139111736001645e+00
1.460343660573980742e+02 0.000000000000000000e+00 4.080605408981887727e+00
1.417440443304937503e+02 0.000000000000000000e+00 3.168578281366305482e+00
1.399709469853610244e+02 0.000000000000000000e+00 2.801521793069225108e+00
1.396581192622611809e+02 0.000000000000000000e+00 2.730659167976180690e+00
1.400214506657844709e+02 0.000000000000000000e+00 2.766441154577785166e+00
1.415074021999834599e+02 0.000000000000000000e+00 3.060339095194772874e+00
1.433339310230750243e+02 0.000000000000000000e+00 3.525352741708708937e+00
1.449199801505251912e+02 0.000000000000000000e+00 3.939717144983872377e+00
1.463200033082458162e+02 0.000000000000000000e+00 4.307207013481101576e+00
1.473080473079149897e+02 0.000000000000000000e+00 4.491496154164254406e+00
1.476034108014225410e+02 0.000000000000000000e+00 4.489739475643040656e+00
1.475470515259283673e+02 0.000000000000000000e+00 4.471941113224712439e+00
1.473269671656604203e+02 0.000000000000000000e+00 4.434021999834588001e+00
1.471877495657927284e+02 0.000000000000000000e+00 4.441392771482921553e+00
1.472919560003308277e+02 0.000000000000000000e+00 4.483873955834918767e+00
1.477510280373831790e+02 0.000000000000000000e+00 4.581331568935572029e+00
1.488131635100488097e+02 0.000000000000000000e+00 4.817391448184600300e+00
1.498836291456455285e+02 0.000000000000000000e+00 5.054665453643205630e+00
1.511139723761475580e+02 0.000000000000000000e+00 5.369696468447605398e+00
1.523072136299726935e+02 0.000000000000000000e+00 5.705453643205689929e+00
1.533043983127946319e+02 0.000000000000000000e+00 5.978393846662807043e+00
1.544006781903895558e+02 0.000000000000000000e+00 6.164171697957158358e+00
1.553466776941526746e+02 0.000000000000000000e+00 6.419455793565461477e+00
1.559878984368538681e+02 0.000000000000000000e+00 6.573596890248945890e+00
1.565164767182201615e+02 0.000000000000000000e+00 6.687000248118435408e+00
1.570286626416342699e+02 0.000000000000000000e+00 6.834855677776858762e+00
1.575121429162186644e+02 0.000000000000000000e+00 6.939250682325696751e+00
1.578841584649739502e+02 0.000000000000000000e+00 6.970619469026548387e+00
1.581867273178397113e+02 0.000000000000000000e+00 7.044072450583078293e+00
1.584952510131502663e+02 0.000000000000000000e+00 7.120072781407658979e+00
1.589158051443222348e+02 0.000000000000000000e+00 7.239166322057728920e+00
1.593352443966586804e+02 0.000000000000000000e+00 7.385926722355470986e+00
1.594025142668100159e+02 0.000000000000000000e+00 7.413186667769415372e+00
1.576104308990157961e+02 0.000000000000000000e+00 6.859548424447936554e+00
1.541807724753949174e+02 0.000000000000000000e+00 6.041171119014142832e+00
1.518343925233644995e+02 0.000000000000000000e+00 5.420875031014804613e+00
1.505468497229344109e+02 0.000000000000000000e+00 5.089984285832437116e+00
1.504119824662972462e+02 0.000000000000000000e+00 5.030267140848565077e+00
1.510211562319080372e+02 0.000000000000000000e+00 5.169140683152757987e+00
1.524202299230832978e+02 0.000000000000000000e+00 5.547431974195682791e+00
1.541568108510462309e+02 0.000000000000000000e+00 6.013782152013894766e+00
1.559349896617318620e+02 0.000000000000000000e+00 6.478881812918699801e+00
1.574414986353486086e+02 0.000000000000000000e+00 6.912549830452402233e+00
1.582611826978744602e+02 0.000000000000000000e+00 7.156628897527085975e+00
1.584327582499379616e+02 0.000000000000000000e+00 7.244737407989413569e+00
1.580922239682408303e+02 0.000000000000000000e+00 7.114974774625754783e+00
1.574686824911090923e+02 0.000000000000000000e+00 6.917135059134893460e+00
1.569086064014556143e+02 0.000000000000000000e+00 6.744533950872550143e+00
1.567318335952361394e+02 0.000000000000000000e+00 6.711732693739144828e+00
1.569348407906707337e+02 0.000000000000000000e+00 6.756784385079811273e+00
1.575561789760979252e+02 0.000000000000000000e+00 6.919080307666859220e+00
1.585605921759986643e+02 0.000000000000000000e+00 7.200062856670250255e+00
1.596239682408402984e+02 0.000000000000000000e+00 7.495608303696964292e+00
1.605236886940699605e+02 0.000000000000000000e+00 7.789870151352245031e+00
1.617346985361012344e+02 0.000000000000000000e+00 8.058843768091970006e+00
1.623275824993797016e+02 0.000000000000000000e+00 8.329934662145397795e+00
1.631324919361508421e+02 0.000000000000000000e+00 8.584189893309073227e+00
1.638730361425853914e+02 0.000000000000000000e+00 8.806685964767181574e+00
1.644865734844098881e+02 0.000000000000000000e+00 9.022638326027623279e+00
1.651184318914895357e+02 0.000000000000000000e+00 9.230019022413365803e+00
1.658300057894301460e+02 0.000000000000000000e+00 9.481492018857000659e+00
1.665095227855429698e+02 0.000000000000000000e+00 9.664060871722769619e+00
1.670277495657927318e+02 0.000000000000000000e+00 9.775105450334960366e+00
1.674580001654123009e+02 0.000000000000000000e+00 9.901523447192126071e+00
1.679874187412124797e+02 0.000000000000000000e+00 1.008014225456951429e+01
1.684374294930113365e+02 0.000000000000000000e+00 1.017374245306426239e+01
1.674003142833512641e+02 0.000000000000000000e+00 9.802676370854355170e+00
1.639304342072616123e+02 0.000000000000000000e+00 8.697943925233644791e+00
1.614686262509304413e+02 0.000000000000000000e+00 7.948735423041932258e+00
1.607773021255479193e+02 0.000000000000000000e+00 7.739806467620543806e+00
1.608255694318087876e+02 0.000000000000000000e+00 7.756423786287321320e+00
1.616251592093292402e+02 0.000000000000000000e+00 8.028331817054006336e+00
1.635446232735092167e+02 0.000000000000000000e+00 8.736723182532461607e+00
1.654341080142254441e+02 0.000000000000000000e+00 9.303342982383590254e+00
1.673700901496981146e+02 0.000000000000000000e+00 9.960698039864361419e+00
1.689922785542965755e+02 0.000000000000000000e+00 1.048689769249855352e+01
1.701392837647837268e+02 0.000000000000000000e+00 1.076946819948722123e+01
1.704944041022247916e+02 0.000000000000000000e+00 1.077575055826647876e+01
1.702857133405011894e+02 0.000000000000000000e+00 1.069746092134645643e+01
1.696258539409478203e+02 0.000000000000000000e+00 1.050323711851790520e+01
1.688742833512529842e+02 0.000000000000000000e+00 1.026184765528078735e+01
1.685805772888925560e+02 0.000000000000000000e+00 1.023070382929451583e+01
1.686191878256554446e+02 0.000000000000000000e+00 1.030272764866429647e+01
1.689332792986518825e+02 0.000000000000000000e+00 1.044472748325200584e+01
1.696145761310065438e+02 0.000000000000000000e+00 1.070434538086179721e+01
1.705117988586551974e+02 0.000000000000000000e+00 1.098622115623190787e+01
1.713070382929451796e+02 0.000000000000000000e+00 1.117273674634025227e+01
1.720419518650235773e+02 0.000000000000000000e+00 1.140946158299561652e+01
1.726811115705897066e+02 0.000000000000000000e+00 1.164163758167231855e+01
1.732112215697626425e+02 0.000000000000000000e+00 1.178204284178314509e+01
1.737260573980646825e+02 2.315772061864196653e-05 1.191055164998759430e+01
1.741505251840211770e+02 0.000000000000000000e+00 1.202938714746505688e+01
1.744107683400876567e+02 0.000000000000000000e+00 1.215490860970970211e+01
1.745623720122405018e+02 0.000000000000000000e+00 1.219091555702588714e+01
1.746460408568356684e+02 0.000000000000000000e+00 1.221428169713009737e+01
1.746770953601852625e+02 0.000000000000000000e+00 1.218485485071540886e+01
1.748689306095442930e+02 0.000000000000000000e+00 1.220155818377305401e+01
1.748594657183028573e+02 0.000000000000000000e+00 1.222314448763543204e+01
1.734455909354065000e+02 0.000000000000000000e+00 1.174944669588950497e+01
1.696069340832023897e+02 0.000000000000000000e+00 1.054479199404515732e+01
1.662353849971052853e+02 0.000000000000000000e+00 9.446963857414605314e+00
1.645837631296005270e+02 0.000000000000000000e+00 9.003701927053180398e+00
1.640659697295509147e+02 0.000000000000000000e+00 8.771482921181043224e+00
1.642014357786783592e+02 0.000000000000000000e+00 8.808770159622859808e+00
1.653576213712678964e+02 0.000000000000000000e+00 9.211952692085022321e+00
1.673235563642378736e+02 0.000000000000000000e+00 9.735724092300058530e+00
1.689766073939293562e+02 0.000000000000000000e+00 1.028686130179472258e+01
1.703226102059383038e+02 0.000000000000000000e+00 1.075497146637995272e+01
1.713414440492928748e+02 0.000000000000000000e+00 1.105340832023819431e+01
1.717235729054668809e+02 0.000000000000000000e+00 1.108684806881151275e+01
1.716096203787941477e+02 0.000000000000000000e+00 1.106280373831775776e+01
1.708780051277809946e+02 0.000000000000000000e+00 1.088615002894715111e+01
1.699347448515424617e+02 0.000000000000000000e+00 1.068652386072285232e+01
1.694044396658671872e+02 0.000000000000000000e+00 1.057717310396162347e+01
1.690028682491109180e+02 0.000000000000000000e+00 1.034662145397403066e+01
1.692979703912000673e+02 0.000000000000000000e+00 1.049800347365809294e+01
1.697400678190389556e+02 0.000000000000000000e+00 1.057594574476883587e+01
1.705265668679182909e+02 0.000000000000000000e+00 1.078216193863203998e+01
1.714413199900752716e+02 0.000000000000000000e+00 1.104993797039120018e+01
1.722526970473906260e+02 0.000000000000000000e+00 1.134093127119344935e+01
1.729714597634604161e+02 0.000000000000000000e+00 1.155399884211396966e+01
1.737219253990571417e+02 0.000000000000000000e+00 1.173468861136382380e+01
1.743230204284178342e+02 0.000000000000000000e+00 1.194324373500951175e+01
1.747571648333471046e+02 0.000000000000000000e+00 1.203010172855843152e+01
1.751132710280373885e+02 0.000000000000000000e+00 1.216708626250930436e+01
1.753212174344553773e+02 0.000000000000000000e+00 1.218911587130923913e+01
1.753890298569183699e+02 0.000000000000000000e+00 1.220238524522372003e+01
1.753833727565958043e+02 0.000000000000000000e+00 1.225417914151021392e+01
1.753508229261434224e+02 0.000000000000000000e+00 1.218656521379538482e+01
1.751103101480439932e+02 0.000000000000000000e+00 1.214250599619551707e+01
1.728407344305682045e+02 0.000000000000000000e+00 1.147372425771234816e+01
1.690164882970804854e+02 0.000000000000000000e+00 1.027010503680423525e+01
1.659759093540650099e+02 0.000000000000000000e+00 9.384560416838970909e+00
1.649590306839798188e+02 0.000000000000000000e+00 9.103888842941030290e+00
1.646526705814241893e+02 0.000000000000000000e+00 8.990971797204531768e+00
1.649383607642047878e+02 0.000000000000000000e+00 9.087734678686626211e+00
1.662515755520635139e+02 0.000000000000000000e+00 9.478173848316929551e+00
1.679056819121660737e+02 0.000000000000000000e+00 1.003513687867008564e+01
1.693076900173682873e+02 0.000000000000000000e+00 1.045741460590521932e+01
1.704080820444958988e+02 0.000000000000000000e+00 1.082889752708626219e+01
1.711037035811760916e+02 0.000000000000000000e+00 1.097160863452154445e+01
1.711938632040360631e+02 0.000000000000000000e+00 1.102233727565958077e+01
1.706426035894467077e+02 0.000000000000000000e+00 1.083407824001323227e+01
1.694893854933421551e+02 0.000000000000000000e+00 1.054754776279877682e+01
1.684448101893970602e+02 0.000000000000000000e+00 1.024781407658588961e+01
1.679603440575634750e+02 0.000000000000000000e+00 1.011188487304606731e+01
1.677784600115788578e+02 0.000000000000000000e+00 9.980064510793152266e+00
1.679283996360929621e+02 0.000000000000000000e+00 9.969835414771317517e+00
1.683941774873873101e+02 0.000000000000000000e+00 1.006466628070465674e+01
1.690424348689107603e+02 0.000000000000000000e+00 1.024662310809693189e+01
1.698357191299313627e+02 0.000000000000000000e+00 1.042920850219171314e+01
1.704508113472830928e+02 0.000000000000000000e+00 1.067032338102720956e+01
1.709562616822429959e+02 0.000000000000000000e+00 1.077283268546853101e+01
1.713939756843933537e+02 0.000000000000000000e+00 1.095198742866594976e+01
1.717524274253576948e+02 0.000000000000000000e+00 1.108623273509221718e+01
1.719686312132991475e+02 0.000000000000000000e+00 1.114089818873542370e+01
1.720706376643784665e+02 0.000000000000000000e+00 1.120439335042593676e+01
1.721605458605574483e+02 0.000000000000000000e+00 1.117979985112893893e+01
1.721469588950459126e+02 0.000000000000000000e+00 1.117835414771317559e+01
1.720810817963774753e+02 0.000000000000000000e+00 1.120240178645273410e+01
1.718776643784633222e+02 0.000000000000000000e+00 1.113957489041435700e+01
1.698589893309072920e+02 0.000000000000000000e+00 1.051264907782648272e+01
1.660404896203787928e+02 0.000000000000000000e+00 9.302234720039699312e+00
1.626821536680175200e+02 0.000000000000000000e+00 8.269215118683318266e+00
1.610111818708130045e+02 0.000000000000000000e+00 7.798623769746091838e+00
1.607302919526920846e+02 0.000000000000000000e+00 7.681171119014142512e+00
1.610195054172525033e+02 0.000000000000000000e+00 7.752219005872135860e+00
1.622751798858655263e+02 0.000000000000000000e+00 8.198309486394839141e+00
1.638644512447274906e+02 0.000000000000000000e+00 8.723228847903399696e+00
1.653073889670002359e+02 0.000000000000000000e+00 9.180243156066495658e+00
1.665250285336200591e+02 0.000000000000000000e+00 9.541702092465470741e+00
1.673272615995368540e+02 0.000000000000000000e+00 9.786585063270200280e+00
1.674549168803242196e+02 0.000000000000000000e+00 9.862290960218343727e+00
1.669991696303035269e+02 0.000000000000000000e+00 9.719335042593664653e+00
1.655452617649491458e+02 0.000000000000000000e+00 9.166163261930361017e+00
1.649952162765693515e+02 0.000000000000000000e+00 9.103564634852370219e+00
1.643428864444628346e+02 0.000000000000000000e+00 8.930629393763956259e+00
1.641350955255975634e+02 0.000000000000000000e+00 8.825658754445456111e+00
1.642106790174509854e+02 0.000000000000000000e+00 8.861480439996691771e+00
1.646584930940368849e+02 0.000000000000000000e+00 8.953426515590107826e+00
1.655621867504755471e+02 0.000000000000000000e+00 9.227898436853857689e+00
1.664530708791663187e+02 0.000000000000000000e+00 9.509737821520138468e+00
1.672516847241749929e+02 0.000000000000000000e+00 9.743700272930277961e+00
1.680544338764370309e+02 0.000000000000000000e+00 1.001321644198163874e+01
1.688049061285253458e+02 0.000000000000000000e+00 1.022430899015796868e+01
1.694167000248118313e+02 0.000000000000000000e+00 1.041477793400049556e+01
1.699198445124472698e+02 0.000000000000000000e+00 1.049554875527251596e+01
1.703400711272847445e+02 0.000000000000000000e+00 1.057660077743776306e+01
1.707154875527251647e+02 0.000000000000000000e+00 1.070106360102555598e+01
1.710230055413117327e+02 0.000000000000000000e+00 1.078406748821437411e+01
1.712550822926143326e+02 0.000000000000000000e+00 1.083054834174179071e+01
1.700834571168637694e+02 0.000000000000000000e+00 1.047342651559010918e+01
1.664104242825241897e+02 0.000000000000000000e+00 9.323106442808700933e+00
1.636355636423786279e+02 0.000000000000000000e+00 8.498804069142337880e+00
1.625189612108179631e+02 0.000000000000000000e+00 8.188474071623522477e+00
1.622356860474733367e+02 0.000000000000000000e+00 8.082074270118269510e+00
1.625684823422380418e+02 0.000000000000000000e+00 8.252184269291207741e+00
1.637930361425854073e+02 0.000000000000000000e+00 8.720231577206186913e+00
1.652534149367297971e+02 0.000000000000000000e+00 9.162236374162599617e+00
1.664566272434041991e+02 0.000000000000000000e+00 9.553300802249607315e+00
1.675157257464229588e+02 0.000000000000000000e+00 9.860057894301546000e+00
1.683570622777272376e+02 0.000000000000000000e+00 1.013590273757340121e+01
1.684819121660739256e+02 0.000000000000000000e+00 1.018801422545695168e+01
1.680394276734761263e+02 0.000000000000000000e+00 1.005538334298238290e+01
1.668373401703746595e+02 0.000000000000000000e+00 9.710369696468447387e+00
1.657804184930940323e+02 0.000000000000000000e+00 9.392837647837234627e+00
1.652194458688280463e+02 0.000000000000000000e+00 9.174367711520966751e+00
1.651234008766851389e+02 0.000000000000000000e+00 9.103660573980647541e+00
1.653650186088826501e+02 0.000000000000000000e+00 9.168402944338764016e+00
1.660253047721445796e+02 0.000000000000000000e+00 9.437985278306177506e+00
1.669382780580597228e+02 0.000000000000000000e+00 9.753608469109254386e+00
1.678237234306508867e+02 0.000000000000000000e+00 1.004136299727069748e+01
1.685148358283020400e+02 0.000000000000000000e+00 1.022655198081217520e+01
1.691285683566289038e+02 0.000000000000000000e+00 1.044044330493755623e+01
1.695854933421553312e+02 0.000000000000000000e+00 1.056301712017202910e+01
1.699692233892978379e+02 0.000000000000000000e+00 1.070486146720701370e+01
1.702857398064676318e+02 0.000000000000000000e+00 1.080930940368869386e+01
1.703923612604416462e+02 0.000000000000000000e+00 1.077527086262509393e+01
1.704645934992969956e+02 0.000000000000000000e+00 1.079596063187494792e+01
1.705463898767678472e+02 0.000000000000000000e+00 1.085302787197088747e+01
1.704049623687039912e+02 0.000000000000000000e+00 1.084577950541725322e+01
1.680270813001405941e+02 0.000000000000000000e+00 1.008610040526010998e+01
1.644386072285170712e+02 0.000000000000000000e+00 8.823428996774460131e+00
1.619453577040774235e+02 0.000000000000000000e+00 8.049765941609461350e+00
1.611148424447936520e+02 0.000000000000000000e+00 7.798908278885121170e+00
1.608905797700769256e+02 0.000000000000000000e+00 7.743958316102886208e+00
1.610878769332561546e+02 0.000000000000000000e+00 7.831365478455048823e+00
1.616742866594987902e+02 0.000000000000000000e+00 7.995140186915888236e+00
1.625690910594657055e+02 0.000000000000000000e+00 8.307862046150029656e+00
1.634875361839384595e+02 0.000000000000000000e+00 8.608432718550988128e+00
1.642116483334711745e+02 0.000000000000000000e+00 8.888330162931104894e+00
1.645723695310561538e+02 0.000000000000000000e+00 8.964763873955835294e+00
1.644131039616243584e+02 0.000000000000000000e+00 8.882891406831527448e+00
1.636203258622115584e+02 0.000000000000000000e+00 8.640138946323711266e+00
1.621181672318253106e+02 0.000000000000000000e+00 8.020550822926143297e+00
1.618271176908444318e+02 0.000000000000000000e+00 8.002381936977917221e+00
1.616773269373914559e+02 0.000000000000000000e+00 7.959827971218261133e+00
1.617278703167645233e+02 0.000000000000000000e+00 8.007211975849806151e+00
1.620302373666363280e+02 0.000000000000000000e+00 8.095323794557936381e+00
1.627503730047142483e+02 0.000000000000000000e+00 8.354984699363162903e+00
1.635978033247870371e+02 0.000000000000000000e+00 8.566394839136547645e+00
1.643937970391200167e+02 0.000000000000000000e+00 8.847737986932429521e+00
1.652118997601521926e+02 0.000000000000000000e+00 9.135892812835994192e+00
1.658628732114796094e+02 0.000000000000000000e+00 9.368174675378380556e+00
1.664444264328839722e+02 0.000000000000000000e+00 9.537705731535853104e+00
1.670362120585559467e+02 0.000000000000000000e+00 9.756671904722521660e+00
1.674485981308411340e+02 0.000000000000000000e+00 9.813878091142171911e+00
1.677838392192539914e+02 0.000000000000000000e+00 9.915394921842693776e+00
1.679320320899842898e+02 0.000000000000000000e+00 9.900501199239103656e+00
1.680343495161690441e+02 0.000000000000000000e+00 9.941298486477545993e+00
1.675642378628731990e+02 0.000000000000000000e+00 9.780646762054420407e+00
1.642382333967413786e+02 0.000000000000000000e+00 8.677191299313539830e+00
1.606036225291539097e+02 0.000000000000000000e+00 7.620497890993300771e+00
1.583147928211066073e+02 0.000000000000000000e+00 6.992457199569927617e+00
1.577710197667686600e+02 0.000000000000000000e+00 6.823164337110247502e+00
1.578363278471590547e+02 0.000000000000000000e+00 6.837985278306177861e+00
1.585524737407989448e+02 0.000000000000000000e+00 7.037545281614423942e+00
1.600453196592506799e+02 0.000000000000000000e+00 7.578135803490199329e+00
1.614588404598461580e+02 0.000000000000000000e+00 8.001190968488959498e+00
1.627802960879993464e+02 0.000000000000000000e+00 8.439249028202794989e+00
1.637231329087751135e+02 0.000000000000000000e+00 8.732346373335538203e+00
1.640808733768919012e+02 0.000000000000000000e+00 8.785582664791993679e+00
1.639000281200893312e+02 0.000000000000000000e+00 8.759818046480853937e+00
1.632606864610040418e+02 0.000000000000000000e+00 8.529001736829046720e+00
1.624630386237697337e+02 0.000000000000000000e+00 8.251989082788851348e+00
1.619631229840377102e+02 0.000000000000000000e+00 8.100984203126293082e+00
1.617798296253411650e+02 0.000000000000000000e+00 8.047225208833015841e+00
1.618259531883219040e+02 0.000000000000000000e+00 8.052448928955421081e+00
1.621901513522454650e+02 0.000000000000000000e+00 8.158756099578198473e+00
1.628576064841617779e+02 0.000000000000000000e+00 8.368621288561740812e+00
1.637293292531635132e+02 0.000000000000000000e+00 8.591186833181705396e+00
1.645242709453312386e+02 0.000000000000000000e+00 8.843453808617979917e+00
1.650372409230005815e+02 0.000000000000000000e+00 9.052018857001074892e+00
1.655455297328591655e+02 0.000000000000000000e+00 9.218857001075180690e+00
1.660495112066826664e+02 0.000000000000000000e+00 9.373299148126704949e+00
1.664730328343395911e+02 0.000000000000000000e+00 9.516751302621784703e+00
1.667656041683897001e+02 0.000000000000000000e+00 9.630650897361674012e+00
1.669732429079480482e+02 0.000000000000000000e+00 9.653368621288562323e+00
1.671566851377057219e+02 0.000000000000000000e+00 9.692637498966172771e+00
1.672404830038871921e+02 0.000000000000000000e+00 9.724730791497808724e+00
1.670598296253411661e+02 0.000000000000000000e+00 9.690043834256885091e+00
1.651305400711272853e+02 0.000000000000000000e+00 9.028646100405259389e+00
1.611271689686543596e+02 0.000000000000000000e+00 7.886285667025060064e+00
1.580474634025308092e+02 0.000000000000000000e+00 6.979789926391530841e+00
1.564273327268215894e+02 0.000000000000000000e+00 6.555547101149615585e+00
1.558758382267802460e+02 0.000000000000000000e+00 6.412104871391944627e+00
1.559811529236622221e+02 0.000000000000000000e+00 6.423849143991398947e+00
1.569820064510793145e+02 0.000000000000000000e+00 6.724658010090149851e+00
1.585794194028616459e+02 0.000000000000000000e+00 7.212875692663964777e+00
1.598751501116532836e+02 0.000000000000000000e+00 7.610394508311967954e+00
1.609894599288727193e+02 0.000000000000000000e+00 7.941129765941609797e+00
1.616078074600942784e+02 0.000000000000000000e+00 8.123027044909436611e+00
1.617166983706889312e+02 0.000000000000000000e+00 8.153866512281862100e+00
1.612248316929947975e+02 0.000000000000000000e+00 7.953608469109254564e+00
1.599953221404350359e+02 0.000000000000000000e+00 7.463835911008187551e+00
1.597122818625423974e+02 0.000000000000000000e+00 7.406891076006947294e+00
1.594648250765031889e+02 0.000000000000000000e+00 7.320155487552725049e+00
1.595100322553965668e+02 0.000000000000000000e+00 7.323519973534033944e+00
1.599875973864858167e+02 0.000000000000000000e+00 7.464993797039119805e+00
1.608931734347862061e+02 0.000000000000000000e+00 7.752281862542386826e+00
1.621565594243652413e+02 0.000000000000000000e+00 8.076006947316185958e+00
1.631018476552807783e+02 0.000000000000000000e+00 8.404816805888676967e+00
1.637173997187991006e+02 0.000000000000000000e+00 8.623164337110246436e+00
1.643089206848068784e+02 0.000000000000000000e+00 8.854595980481349216e+00
1.648660259697295487e+02 0.000000000000000000e+00 8.951428335125299895e+00
1.652030105036804173e+02 0.000000000000000000e+00 9.054334629062939399e+00
1.653915970556612365e+02 0.000000000000000000e+00 9.125504921015631155e+00
1.653526358448432632e+02 0.000000000000000000e+00 9.172263667190472702e+00
1.653518815648002658e+02 0.000000000000000000e+00 9.166715738979405614e+00
1.652675841535026109e+02 0.000000000000000000e+00 9.096749648498883900e+00
1.646086080555785429e+02 0.000000000000000000e+00 8.930139773385162627e+00
1.610158597303779686e+02 0.000000000000000000e+00 7.776124390042180146e+00
1.569088512116450147e+02 0.000000000000000000e+00 6.502711107435282578e+00
1.538999619551732678e+02 0.000000000000000000e+00 5.587782648250764872e+00
1.530640410222479488e+02 0.000000000000000000e+00 5.425761310065337462e+00
1.529625738152344638e+02 0.000000000000000000e+00 5.364932594491770956e+00
1.535635927549416806e+02 0.000000000000000000e+00 5.561389463237118136e+00
1.552283450500372055e+02 0.000000000000000000e+00 6.179234141096683786e+00
1.568175204697708978e+02 0.000000000000000000e+00 6.697927384004631612e+00
1.584229426846414697e+02 0.000000000000000000e+00 7.174073277644528623e+00
1.597886527168968769e+02 0.000000000000000000e+00 7.594435530559920267e+00
1.603771300967661944e+02 0.000000000000000000e+00 7.684261020593829983e+00
1.603356347696633861e+02 0.000000000000000000e+00 7.614241998180465210e+00
1.594613216441981649e+02 0.000000000000000000e+00 7.342347200396989848e+00
1.585183756513108904e+02 0.000000000000000000e+00 7.025265073194938203e+00
1.580034273426515483e+02 0.000000000000000000e+00 6.836814159292035065e+00
1.577800215035977089e+02 0.000000000000000000e+00 6.791071044578612437e+00
1.577754958233396678e+02 0.000000000000000000e+00 6.816349350756761183e+00
1.580295227855429800e+02 0.000000000000000000e+00 6.901066909271358796e+00
1.584424150194359413e+02 0.000000000000000000e+00 7.051529236622281260e+00
1.591815829956165658e+02 0.000000000000000000e+00 7.241485402365396062e+00
1.599405541311719503e+02 0.000000000000000000e+00 7.530229096021834323e+00
1.605803390951947733e+02 0.000000000000000000e+00 7.735657927384004928e+00
1.611317376561078447e+02 0.000000000000000000e+00 7.909142337275659962e+00
1.616501662393515915e+02 0.000000000000000000e+00 8.085038458357455937e+00
1.621288297080473058e+02 0.000000000000000000e+00 8.252306674385906149e+00
1.623631031345628912e+02 0.000000000000000000e+00 8.280803903730047821e+00
1.627365346125217229e+02 0.000000000000000000e+00 8.365197254155983586e+00
1.633846464312298394e+02 0.000000000000000000e+00 8.524949135720783389e+00
1.634284112149532575e+02 0.000000000000000000e+00 8.489742783888843292e+00
1.610545959804813378e+02 0.000000000000000000e+00 7.790647589115871519e+00
1.561598610536762806e+02 0.000000000000000000e+00 6.281664047638739312e+00
1.520085451989082799e+02 0.000000000000000000e+00 5.189903233810271743e+00
1.502097130096766193e+02 0.000000000000000000e+00 4.746025969729551264e+00
1.494661020593830187e+02 0.000000000000000000e+00 4.538106029277975573e+00
1.492679712182615219e+02 0.000000000000000000e+00 4.498552642461334905e+00
1.496776643784633336e+02 0.000000000000000000e+00 4.654635679430981554e+00
1.507628682491109089e+02 0.000000000000000000e+00 5.047149119179555221e+00
1.517713869820527748e+02 0.000000000000000000e+00 5.323076668596476324e+00
1.524735952361260445e+02 0.000000000000000000e+00 5.492773137044082432e+00
1.531345794392523487e+02 0.000000000000000000e+00 5.664060871722768731e+00
1.534160317591596936e+02 0.000000000000000000e+00 5.688737077164833345e+00
1.534096766189727816e+02 0.000000000000000000e+00 5.662231411793896108e+00
1.534483665536349406e+02 0.000000000000000000e+00 5.646742204945827126e+00
1.535693590273757252e+02 0.000000000000000000e+00 5.597360019849475066e+00
1.533367331072698789e+02 0.000000000000000000e+00 5.552252088330162927e+00
1.532132065172442310e+02 0.000000000000000000e+00 5.539720453229675101e+00
1.531974758084525661e+02 0.000000000000000000e+00 5.560304358613844755e+00
1.532589694814324730e+02 0.000000000000000000e+00 5.625261764949136101e+00
1.533710263832602720e+02 0.000000000000000000e+00 5.686080555785294699e+00
1.540126441154577890e+02 0.000000000000000000e+00 5.832020511123976902e+00
1.549847688363245481e+02 0.000000000000000000e+00 6.117922421635927144e+00
1.555891787279794869e+02 0.000000000000000000e+00 6.317687536183938413e+00
1.560010553304110488e+02 0.000000000000000000e+00 6.466446116946489298e+00
1.563573798693242907e+02 0.000000000000000000e+00 6.577695806798445233e+00
1.566334893722603567e+02 0.000000000000000000e+00 6.635762137126788751e+00
1.568246993631626935e+02 0.000000000000000000e+00 6.674508311967579210e+00
1.571321842692912014e+02 0.000000000000000000e+00 6.745658754445455152e+00
1.573476999421056917e+02 0.000000000000000000e+00 6.783472003969895248e+00
1.571897907534529679e+02 0.000000000000000000e+00 6.688965346125216982e+00
1.541982929451658322e+02 0.000000000000000000e+00 5.784179968571664610e+00
1.495667025059962043e+02 0.000000000000000000e+00 4.654063352907121143e+00
1.454793151931188504e+02 0.000000000000000000e+00 3.758736250103382748e+00
1.434831031345628958e+02 0.000000000000000000e+00 3.386790174509966000e+00
1.429951004879662548e+02 0.000000000000000000e+00 3.303558018360764237e+00
1.431152195848151507e+02 0.000000000000000000e+00 3.280529319328425952e+00
1.444537292200810441e+02 0.000000000000000000e+00 3.543819369779174444e+00
1.459196162434868995e+02 0.000000000000000000e+00 3.896617318666776963e+00
1.466082176825738088e+02 0.000000000000000000e+00 4.043718468282193612e+00
1.471871044578612100e+02 0.000000000000000000e+00 4.234359440906459326e+00
1.478695227855429550e+02 0.000000000000000000e+00 4.364224629890000706e+00
1.481830485485071449e+02 0.000000000000000000e+00 4.430965180712926887e+00
1.480628004300719454e+02 0.000000000000000000e+00 4.340388718881812657e+00
1.477976279877594834e+02 0.000000000000000000e+00 4.293626664461169362e+00
1.475012852534943306e+02 0.000000000000000000e+00 4.229820527665205887e+00
1.473145314696882053e+02 0.000000000000000000e+00 4.187623852452237116e+00
1.475228550161276928e+02 0.000000000000000000e+00 4.235676122735918980e+00
1.481632950128194466e+02 0.000000000000000000e+00 4.385744768836324248e+00
1.492059383012157809e+02 0.000000000000000000e+00 4.646242659829625588e+00
1.500725101315027814e+02 0.000000000000000000e+00 4.839798197006037306e+00
1.509768885948225829e+02 0.000000000000000000e+00 5.023945083119675914e+00
1.518718352493590373e+02 0.000000000000000000e+00 5.203883880572326426e+00
1.526176660325862144e+02 0.000000000000000000e+00 5.366384914399139561e+00
1.531886494086510595e+02 0.000000000000000000e+00 5.512933586965511168e+00
1.536427458440162184e+02 0.000000000000000000e+00 5.643764783723431044e+00
1.538259995037631427e+02 0.000000000000000000e+00 5.666201306757091771e+00
1.539594673724257632e+02 0.000000000000000000e+00 5.779488876023488153e+00
1.540025705069886612e+02 0.000000000000000000e+00 5.792711934496733051e+00
1.540268993466214624e+02 0.000000000000000000e+00 5.806533785460259445e+00
1.540059118352493499e+02 0.000000000000000000e+00 5.812134645604168703e+00
1.523477098668431040e+02 0.000000000000000000e+00 5.354511620213381562e+00
1.470917178066330280e+02 0.000000000000000000e+00 4.059032338102721127e+00
1.420826929120833597e+02 0.000000000000000000e+00 3.057537010999917371e+00
1.393292564717558548e+02 0.000000000000000000e+00 2.587673476139277007e+00
1.387474220494582653e+02 0.000000000000000000e+00 2.439913985609130975e+00
1.387456653709370471e+02 0.000000000000000000e+00 2.466389876767844047e+00
1.391555967248366414e+02 0.000000000000000000e+00 2.550303531552394531e+00
1.399429625341162762e+02 0.000000000000000000e+00 2.722954263501778271e+00
1.405670928790009100e+02 0.000000000000000000e+00 2.880287817384831861e+00
1.412815515672814399e+02 0.000000000000000000e+00 3.030945331238111162e+00
1.418438110991646681e+02 0.000000000000000000e+00 3.161998180464808517e+00
1.421090133156893671e+02 0.000000000000000000e+00 3.245352741708709132e+00
1.421353072533289321e+02 0.000000000000000000e+00 3.250874203953353803e+00
1.420549499627822456e+02 0.000000000000000000e+00 3.250864279215945896e+00
1.415154147713174950e+02 0.000000000000000000e+00 3.052233892978248431e+00
1.414803010503680412e+02 0.000000000000000000e+00 3.096087999338350993e+00
1.416460507815730807e+02 0.000000000000000000e+00 3.094615829956165687e+00
1.422763708543544681e+02 0.000000000000000000e+00 3.202686295591762544e+00
1.431384004631544258e+02 0.000000000000000000e+00 3.328492266975436209e+00
1.438178612190885701e+02 0.000000000000000000e+00 3.415968902489455061e+00
1.446659366470928774e+02 0.000000000000000000e+00 3.609230005789429985e+00
1.457453444710941994e+02 0.000000000000000000e+00 3.863610950293606905e+00
1.467255876271607065e+02 0.000000000000000000e+00 4.093041104954098230e+00
1.475089206848068670e+02 0.000000000000000000e+00 4.290751798858654986e+00
1.482542453064262702e+02 0.000000000000000000e+00 4.494969812257050279e+00
1.489790521875775369e+02 0.000000000000000000e+00 4.599163013811926604e+00
1.495294814324704191e+02 0.000000000000000000e+00 4.734940038044826771e+00
1.498389446695889546e+02 0.000000000000000000e+00 4.806242659829625730e+00
1.502199950376312927e+02 0.000000000000000000e+00 4.829631957654453522e+00
1.506003374410718720e+02 0.000000000000000000e+00 4.949658423620874714e+00
1.508630551649987694e+02 0.000000000000000000e+00 5.026561905549582043e+00
1.499417980315937484e+02 0.000000000000000000e+00 4.770248945496650350e+00
1.452401190968489004e+02 0.000000000000000000e+00 3.654066661152923778e+00
1.411390124886279125e+02 0.000000000000000000e+00 2.908374824249441826e+00
1.391215383342982364e+02 0.000000000000000000e+00 2.526709122487800663e+00
1.387470614506657967e+02 0.000000000000000000e+00 2.459621205855595072e+00
1.388704887933173495e+02 0.000000000000000000e+00 2.472238855346952313e+00
1.401234935075676162e+02 0.000000000000000000e+00 2.764386733934331541e+00
1.418789347448515343e+02 0.000000000000000000e+00 3.073277644528988439e+00
1.433391646679348241e+02 0.000000000000000000e+00 3.364036059879249141e+00
1.445269076172359632e+02 0.000000000000000000e+00 3.554505003721776468e+00
1.454502853362004657e+02 0.000000000000000000e+00 3.764247787610619511e+00
1.457994442147051473e+02 0.000000000000000000e+00 3.832410884128690576e+00
1.457832503515011240e+02 0.000000000000000000e+00 3.791994045157555338e+00
1.455464791994045299e+02 0.000000000000000000e+00 3.721488710611198236e+00
1.451420494582747551e+02 0.000000000000000000e+00 3.617527086262509517e+00
1.449013315689355750e+02 0.000000000000000000e+00 3.646193036142585608e+00
1.450656190554958300e+02 0.000000000000000000e+00 3.668176329501282140e+00
1.454878637002729249e+02 0.000000000000000000e+00 3.727860392027127823e+00
1.463337159870978326e+02 0.000000000000000000e+00 3.982244644777106934e+00
1.473106508973616826e+02 0.000000000000000000e+00 4.201346456041683552e+00
1.481655578529484671e+02 0.000000000000000000e+00 4.414768009263088544e+00
1.489891952692084942e+02 0.000000000000000000e+00 4.611602018029939742e+00
1.497099263915308995e+02 0.000000000000000000e+00 4.782744189893309184e+00
1.503720122405094628e+02 0.000000000000000000e+00 4.901232321561492355e+00
1.509644694400793981e+02 0.000000000000000000e+00 5.054116284839963669e+00
1.516456835662889659e+02 0.000000000000000000e+00 5.255303945083119821e+00
1.521481928707302984e+02 0.000000000000000000e+00 5.365968075428003914e+00
1.525860590521875793e+02 0.000000000000000000e+00 5.495482590356463248e+00
1.530661682242990764e+02 0.000000000000000000e+00 5.557644528988503474e+00
1.533052022165246910e+02 0.000000000000000000e+00 5.622800430071954736e+00
1.527380927962947510e+02 0.000000000000000000e+00 5.463326441154578106e+00
1.487299942105698563e+02 0.000000000000000000e+00 4.482051112397651416e+00
1.443550574807708244e+02 0.000000000000000000e+00 3.536868745347779175e+00
1.418330129848647800e+02 0.000000000000000000e+00 3.099429327599040551e+00
1.413095988751964285e+02 0.000000000000000000e+00 2.935853113886361943e+00
1.413550144735753804e+02 0.000000000000000000e+00 2.964611694648912277e+00
1.423644396658671667e+02 0.000000000000000000e+00 3.194194028616326175e+00
1.440409494665453565e+02 0.000000000000000000e+00 3.500256389049706485e+00
1.454258241667355946e+02 0.000000000000000000e+00 3.865655446199652623e+00
1.467471176908444193e+02 0.000000000000000000e+00 4.158246629724588139e+00
1.479291009842031315e+02 0.000000000000000000e+00 4.373682904639815128e+00
1.483803027044909300e+02 0.000000000000000000e+00 4.423935158382267474e+00
1.482707600694731696e+02 0.000000000000000000e+00 4.310773302456372136e+00
1.474081581341493745e+02 0.000000000000000000e+00 4.041465552890580071e+00
1.470734000496237002e+02 0.000000000000000000e+00 3.954246960549169021e+00
1.466847109420230026e+02 0.000000000000000000e+00 3.939492184269291375e+00
1.465490331651641611e+02 0.000000000000000000e+00 3.933712678852038902e+00
1.466365594243652311e+02 0.000000000000000000e+00 3.999718799106773748e+00
1.468278455049210152e+02 0.000000000000000000e+00 4.029985939955338381e+00
1.472923331403523264e+02 0.000000000000000000e+00 4.179515341989909594e+00
1.480398015052518303e+02 0.000000000000000000e+00 4.342684641468861351e+00
1.487951666528823012e+02 0.000000000000000000e+00 4.531479612935241263e+00
1.495504623273509139e+02 0.000000000000000000e+00 4.687771069390455736e+00
1.502663005541311634e+02 0.000000000000000000e+00 4.826548672566371323e+00
1.508642229757670918e+02 0.000000000000000000e+00 4.981748407906707143e+00
1.513852783061781508e+02 0.000000000000000000e+00 5.103273509221735615e+00
1.518371350591348801e+02 0.000000000000000000e+00 5.242719378049788936e+00
1.521897477462575523e+02 0.000000000000000000e+00 5.353611777355057555e+00
1.523119907369117527e+02 0.000000000000000000e+00 5.358292945165826104e+00
1.512278951286080542e+02 0.000000000000000000e+00 5.097477462575469076e+00
1.467242312463816063e+02 0.000000000000000000e+00 4.051416756264990759e+00
1.425878852038706555e+02 0.000000000000000000e+00 3.190657513853279337e+00
1.408059283764783629e+02 0.000000000000000000e+00 2.925915143495161796e+00
1.404808005954842542e+02 0.000000000000000000e+00 2.828794971466380037e+00
1.407462939376395639e+02 0.000000000000000000e+00 2.840926308824745838e+00
1.421543395914316363e+02 0.000000000000000000e+00 3.103776362583739790e+00
1.438419187825655570e+02 0.000000000000000000e+00 3.388808204449590633e+00
1.454351964270945246e+02 0.000000000000000000e+00 3.712374493424861477e+00
1.468573715987097899e+02 0.000000000000000000e+00 3.945291539161359662e+00
1.479559176246795005e+02 0.000000000000000000e+00 4.152698701513522828e+00
1.483513687867008457e+02 0.000000000000000000e+00 4.305318005127780623e+00
1.482872219005872125e+02 0.000000000000000000e+00 4.328320238193697378e+00
1.476596212058555864e+02 0.000000000000000000e+00 4.195530559920602087e+00
1.468885220411876560e+02 0.000000000000000000e+00 4.044135307253329259e+00
1.463965263419071903e+02 0.000000000000000000e+00 3.948424447936481840e+00
1.463598676701678869e+02 0.000000000000000000e+00 3.911855098833843414e+00
1.466272467124307468e+02 0.000000000000000000e+00 3.905476800926309000e+00
1.472594061698784174e+02 0.000000000000000000e+00 4.034663799520304295e+00
1.481616640476387374e+02 0.000000000000000000e+00 4.233095691009841843e+00
1.490550359771731053e+02 0.000000000000000000e+00 4.506419650980068248e+00
1.498438342568852875e+02 0.000000000000000000e+00 4.629284591845173935e+00
1.505337689190306776e+02 0.000000000000000000e+00 4.826191382019684006e+00
1.511606417996857203e+02 0.000000000000000000e+00 4.970417666032585835e+00
1.516579174592672246e+02 0.000000000000000000e+00 5.101377884376809391e+00
1.519935026052435774e+02 0.000000000000000000e+00 5.157343478620461497e+00
1.522745612439004219e+02 0.000000000000000000e+00 5.277300471425026451e+00
1.524021569762633419e+02 0.000000000000000000e+00 5.328320238193697378e+00
1.523150674055082163e+02 0.000000000000000000e+00 5.265714994624100420e+00
1.494730129848647664e+02 0.000000000000000000e+00 4.589036473409974448e+00
1.452339293689521185e+02 0.000000000000000000e+00 3.561948556777768449e+00
1.421088611363824441e+02 0.000000000000000000e+00 3.103640724505830839e+00
1.410811975849805719e+02 0.000000000000000000e+00 2.899270531800512973e+00
1.409982069307749555e+02 0.000000000000000000e+00 2.900825407327764616e+00
1.418564022826896007e+02 0.000000000000000000e+00 3.050430899015796893e+00
1.439053246216193997e+02 0.000000000000000000e+00 3.495661235629807351e+00
1.454976164088991766e+02 0.000000000000000000e+00 3.885776197171449731e+00
1.470141626002811961e+02 0.000000000000000000e+00 4.175353568770159285e+00
1.484876122735919353e+02 0.000000000000000000e+00 4.416845587627160619e+00
1.493185708378132404e+02 0.000000000000000000e+00 4.559725415598379072e+00
1.495291770738566015e+02 0.000000000000000000e+00 4.596298072946820135e+00
1.493577239268877577e+02 0.000000000000000000e+00 4.568429410305185456e+00
1.487527086262509215e+02 0.000000000000000000e+00 4.427332726821602726e+00
1.481448383094864027e+02 0.000000000000000000e+00 4.292630882474568033e+00
1.477187230171201691e+02 0.000000000000000000e+00 4.270455710859316412e+00
1.480082639980150532e+02 0.000000000000000000e+00 4.279096848895872718e+00
1.484717062277727280e+02 0.000000000000000000e+00 4.391127284757257776e+00
1.491767562649905017e+02 0.000000000000000000e+00 4.586237697460921581e+00
1.500701248862790464e+02 0.000000000000000000e+00 4.808005954842444751e+00
1.508877909188652779e+02 0.000000000000000000e+00 5.016835662889752356e+00
1.516966206269125905e+02 0.000000000000000000e+00 5.209458274749813711e+00
1.522306409726242578e+02 0.000000000000000000e+00 5.292693739144818110e+00
1.527242113969067816e+02 0.000000000000000000e+00 5.383207344305682263e+00
1.531388338433545471e+02 0.000000000000000000e+00 5.489345794392523459e+00
1.535677214457034268e+02 0.000000000000000000e+00 5.609352410884128837e+00
1.538425010338268066e+02 0.000000000000000000e+00 5.691565627326109933e+00
1.534525217103630723e+02 0.000000000000000000e+00 5.582939376395666287e+00
1.498679348275576899e+02 0.000000000000000000e+00 4.611466379952030792e+00
1.455041402696220416e+02 0.000000000000000000e+00 3.739121660739392894e+00
1.427314729964436424e+02 0.000000000000000000e+00 3.204942519229178721e+00
1.419754131171946199e+02 0.000000000000000000e+00 3.055528905797700645e+00
1.418691059465718354e+02 0.000000000000000000e+00 3.039907369117525349e+00
1.426290728641137946e+02 0.000000000000000000e+00 3.134294930113307398e+00
1.440048763543131258e+02 0.000000000000000000e+00 3.459177900918038340e+00
1.456019353237945495e+02 0.000000000000000000e+00 3.838183773054337777e+00
1.472710247291373662e+02 0.000000000000000000e+00 4.220186915887850887e+00
1.485626234389215199e+02 0.000000000000000000e+00 4.497090397816557505e+00
1.490707038292945299e+02 0.000000000000000000e+00 4.562901331568935959e+00
1.491079976842279393e+02 0.000000000000000000e+00 4.530020676536266500e+00
1.486384715904391669e+02 0.000000000000000000e+00 4.366967165660408767e+00
1.477150012405921871e+02 0.000000000000000000e+00 4.152814490116615964e+00
1.471517326937391488e+02 0.000000000000000000e+00 4.063319824662972479e+00
1.469814903647340998e+02 0.000000000000000000e+00 3.964843271855098994e+00
1.470970109999173019e+02 0.000000000000000000e+00 3.966116946489123940e+00
1.475566884459515222e+02 0.000000000000000000e+00 4.053176743032007145e+00
1.484969911504424829e+02 0.000000000000000000e+00 4.262965842362087088e+00
1.493755057480770745e+02 0.000000000000000000e+00 4.461215780332478786e+00
1.499969167149119187e+02 0.000000000000000000e+00 4.623564634852369792e+00
1.505349234968158214e+02 0.000000000000000000e+00 4.776786039202712608e+00
1.511151831941113244e+02 0.000000000000000000e+00 4.949714663799520409e+00
1.516320205111239829e+02 0.000000000000000000e+00 5.067610619469026467e+00
1.521590174509966005e+02 0.000000000000000000e+00 5.195275824993797364e+00
1.528204714250268808e+02 0.000000000000000000e+00 5.378658506327020028e+00
1.531465453643205592e+02 0.000000000000000000e+00 5.477187991067736128e+00
1.520058324373501080e+02 0.000000000000000000e+00 5.213008022496071092e+00
1.470371846828219304e+02 0.000000000000000000e+00 4.018549334215531843e+00
1.423647473327268358e+02 0.000000000000000000e+00 3.120972624265982986e+00
1.397757869489703069e+02 0.000000000000000000e+00 2.627623852452237063e+00
1.393508725498304557e+02 0.000000000000000000e+00 2.577216111157059064e+00
1.395131783971549169e+02 0.000000000000000000e+00 2.583882226449425001e+00
1.407253097345132744e+02 0.000000000000000000e+00 2.830068646100405427e+00
1.426373137044082284e+02 0.000000000000000000e+00 3.161535026052435526e+00
1.443025026879497261e+02 0.000000000000000000e+00 3.411879910677363181e+00
1.459032801257133372e+02 0.000000000000000000e+00 3.705357704077413050e+00
1.471566685964767203e+02 0.000000000000000000e+00 3.948659333388470749e+00
1.476689802332313377e+02 0.000000000000000000e+00 4.028093623356215680e+00
1.477867306260855287e+02 0.000000000000000000e+00 4.128260689769249758e+00
1.474473972376147515e+02 0.000000000000000000e+00 4.147805805971383819e+00
1.469197353403357909e+02 0.000000000000000000e+00 4.049911504424779096e+00
1.466303829294516561e+02 0.000000000000000000e+00 4.021715325448680822e+00
1.466637763625837465e+02 0.000000000000000000e+00 3.989241584649739547e+00
1.469601422545695186e+02 0.000000000000000000e+00 4.054020345711686346e+00
1.476058489785791039e+02 0.000000000000000000e+00 4.153469522785543155e+00
1.484982813663055197e+02 0.000000000000000000e+00 4.410076916714912088e+00
1.497173004714250339e+02 0.000000000000000000e+00 4.610563228847903261e+00
1.504798875196427161e+02 0.000000000000000000e+00 4.833287569266396133e+00
1.516447605657100439e+02 0.000000000000000000e+00 5.142889752708626361e+00
1.525293358696551138e+02 0.000000000000000000e+00 5.385721611115705798e+00
1.532293242907948070e+02 0.000000000000000000e+00 5.572025473492680625e+00
1.540315639732032196e+02 0.000000000000000000e+00 5.751094202299230851e+00
1.546635844843271741e+02 0.000000000000000000e+00 5.906346869572408842e+00
1.549909254817632984e+02 0.000000000000000000e+00 5.993588619634438786e+00
1.538073542304193211e+02 0.000000000000000000e+00 5.652217351749235341e+00
1.488213811926226242e+02 0.000000000000000000e+00 4.449325944917707609e+00
1.438951517657762054e+02 0.000000000000000000e+00 3.362378628732114905e+00
1.409712844264328737e+02 0.000000000000000000e+00 2.835216276569349159e+00
1.403804846580100900e+02 0.000000000000000000e+00 2.690989992556446886e+00
1.402821768257381621e+02 0.000000000000000000e+00 2.651337358365726704e+00
1.406827690017368298e+02 0.000000000000000000e+00 2.729683235464395175e+00
1.419057943925233758e+02 0.000000000000000000e+00 2.945622363741625893e+00
1.433896683483582706e+02 0.000000000000000000e+00 3.181622694566206277e+00
1.446399933835083971e+02 0.000000000000000000e+00 3.514597634604251120e+00
1.456122504342072546e+02 0.000000000000000000e+00 3.748801587957985237e+00
1.459330047142502735e+02 0.000000000000000000e+00 3.855621536680175154e+00
1.459918617153254559e+02 0.000000000000000000e+00 3.876132660656686824e+00
1.455748110164585114e+02 0.000000000000000000e+00 3.805561161194276565e+00
1.447136779422711186e+02 0.000000000000000000e+00 3.630220825407327823e+00
1.443247804151848470e+02 0.000000000000000000e+00 3.520942850053759177e+00
1.442399867670168021e+02 0.000000000000000000e+00 3.528250765031841762e+00
1.445703945083119777e+02 0.000000000000000000e+00 3.559543462079232334e+00
1.455338053097345039e+02 0.000000000000000000e+00 3.818407079646017888e+00
1.465934827557687470e+02 0.000000000000000000e+00 3.991888181291869842e+00
1.477233280952774805e+02 0.000000000000000000e+00 4.136600777437763554e+00
1.486028450913902930e+02 0.000000000000000000e+00 4.308983541477132029e+00
1.493888445951534152e+02 0.000000000000000000e+00 4.456101232321561412e+00
1.501051492845918460e+02 0.000000000000000000e+00 4.603946737242576859e+00
1.508449325944917803e+02 0.000000000000000000e+00 4.759189479778347831e+00
1.515257960466462634e+02 0.000000000000000000e+00 4.884188239186171288e+00
1.520810817963774753e+02 0.000000000000000000e+00 5.061106608220990566e+00
1.524902555619882492e+02 0.000000000000000000e+00 5.153856587544454193e+00
1.519866843106442786e+02 0.000000000000000000e+00 4.989099330080224881e+00
1.473494235381688782e+02 0.000000000000000000e+00 4.019244065834091550e+00
1.427284360267967998e+02 0.000000000000000000e+00 3.171112397651145276e+00
1.398655561988255727e+02 0.000000000000000000e+00 2.634038541063600913e+00
1.394487536183938516e+02 0.000000000000000000e+00 2.594491770738565961e+00
1.394699098503018888e+02 0.000000000000000000e+00 2.594746505665371128e+00
1.399596956413861619e+02 0.000000000000000000e+00 2.679778347531221350e+00
1.411593052683814449e+02 0.000000000000000000e+00 2.882104044330493942e+00
1.423270366388222783e+02 0.000000000000000000e+00 3.103839219253990755e+00
1.434995748904143511e+02 0.000000000000000000e+00 3.340736084691092511e+00
1.445290811347283011e+02 0.000000000000000000e+00 3.565339508725498430e+00
1.449415102142089040e+02 0.000000000000000000e+00 3.657510545033495930e+00
1.447797303779670699e+02 0.000000000000000000e+00 3.684787031676453495e+00
1.438673294185757925e+02 0.000000000000000000e+00 3.525809279629476656e+00
1.427306823256967903e+02 0.000000000000000000e+00 3.291539161359688936e+00
1.421596294764701156e+02 0.000000000000000000e+00 3.177123480274584466e+00
1.420511884873046142e+02 0.000000000000000000e+00 3.125442064345381077e+00
1.422189893309072772e+02 0.000000000000000000e+00 3.066945662062691369e+00
1.428802415019436012e+02 0.000000000000000000e+00 3.173715987097841307e+00
1.439759854437184572e+02 0.000000000000000000e+00 3.376991150442477885e+00
1.451565825820858606e+02 0.000000000000000000e+00 3.709301133074187629e+00
1.465574857331899636e+02 0.000000000000000000e+00 3.969097675957323546e+00
1.478494582747498214e+02 0.000000000000000000e+00 4.190164585228682625e+00
1.486467719791580464e+02 0.000000000000000000e+00 4.349218426929120973e+00
1.498347431974195558e+02 0.000000000000000000e+00 4.549979323463733571e+00
1.503581870813001444e+02 0.000000000000000000e+00 4.647900090976759380e+00
1.509095393267719771e+02 0.000000000000000000e+00 4.828735423041932151e+00
1.512729567446861267e+02 0.000000000000000000e+00 4.972118104375154779e+00
1.515634769663386123e+02 0.000000000000000000e+00 5.048932263667190057e+00
1.516813530725332839e+02 0.000000000000000000e+00 5.108480688115126789e+00
1.492403738317757131e+02 0.000000000000000000e+00 4.559728723844181708e+00
1.441024729137375004e+02 0.000000000000000000e+00 3.285961458936399016e+00
1.402959689024894487e+02 0.000000000000000000e+00 2.643936812505168987e+00
1.390962964188239255e+02 0.000000000000000000e+00 2.462479530229095825e+00
1.388281300140600365e+02 0.000000000000000000e+00 2.358799106773633358e+00
1.391225837399718728e+02 0.000000000000000000e+00 2.423498469936316457e+00
1.402083599371433422e+02 0.000000000000000000e+00 2.620233231329087698e+00
1.417488710611198428e+02 0.000000000000000000e+00 2.925078157307087867e+00
1.433308973616739763e+02 0.000000000000000000e+00 3.208664295757174933e+00
1.447819402861632625e+02 0.000000000000000000e+00 3.365786121908857620e+00
1.455636886940699810e+02 0.000000000000000000e+00 3.541331568935571994e+00
1.455971251343974870e+02 0.000000000000000000e+00 3.568141592920353933e+00
1.449166222810354725e+02 0.000000000000000000e+00 3.408369861880737872e+00
1.437163278471590502e+02 0.000000000000000000e+00 3.206980398643619168e+00
1.431039781655777006e+02 0.000000000000000000e+00 3.129537672649077784e+00
1.428058555950707103e+02 0.000000000000000000e+00 3.072930278719709030e+00
1.428061963443883826e+02 0.000000000000000000e+00 3.067799189479778477e+00
1.431087387312877297e+02 0.000000000000000000e+00 3.149585642213216463e+00
1.437878719708874371e+02 0.000000000000000000e+00 3.346072285170788252e+00
1.446630948639484018e+02 0.000000000000000000e+00 3.506343561326606739e+00
1.455412389380530840e+02 0.000000000000000000e+00 3.753429823835911172e+00
1.462483467041601273e+02 0.000000000000000000e+00 3.801276982879827848e+00
1.470355040939541880e+02 0.000000000000000000e+00 4.001581341493673172e+00
1.477893507567612232e+02 0.000000000000000000e+00 4.066846414688611411e+00
1.485477098668430926e+02 0.000000000000000000e+00 4.358521214126209742e+00
1.491290811347283238e+02 0.000000000000000000e+00 4.482163592754941916e+00
1.496683615912662333e+02 0.000000000000000000e+00 4.612720205111239480e+00
1.501984153502605182e+02 0.000000000000000000e+00 4.688694069969399081e+00
1.507643635762137251e+02 0.000000000000000000e+00 4.818837151600363633e+00
1.513002497725580895e+02 0.000000000000000000e+00 4.935035977173104271e+00
1.514527665205524727e+02 6.616491605326275426e-06 4.955967248366553335e+00
1.484932065172442321e+02 0.000000000000000000e+00 4.246606566867918708e+00
1.438369928045653694e+02 0.000000000000000000e+00 3.278206930774956618e+00
1.409431279464064062e+02 0.000000000000000000e+00 2.732548176329501199e+00
1.403137110247291446e+02 0.000000000000000000e+00 2.640684806881151481e+00
1.404025870482176686e+02 0.000000000000000000e+00 2.641048713919444069e+00
1.412913902902985797e+02 0.000000000000000000e+00 2.804059217599867537e+00
1.434247522950955158e+02 0.000000000000000000e+00 3.361647506409726205e+00
1.454331188487304587e+02 0.000000000000000000e+00 3.727380696385741654e+00
1.473595368455876269e+02 0.000000000000000000e+00 4.194124555454470382e+00
1.490327417087089543e+02 0.000000000000000000e+00 4.545334546356794014e+00
1.497308245802663009e+02 0.000000000000000000e+00 4.714488462492763432e+00
1.498111322471259541e+02 0.000000000000000000e+00 4.687685054999586320e+00
1.491290579770077045e+02 0.000000000000000000e+00 4.532769828798279832e+00
1.477352179306922437e+02 0.000000000000000000e+00 4.221176081382846945e+00
1.469707914978082783e+02 0.000000000000000000e+00 4.016015217930692494e+00
1.467254883797866114e+02 0.000000000000000000e+00 3.976928293772227452e+00
1.467846067322801957e+02 0.000000000000000000e+00 3.989191960962699568e+00
1.470538681664047544e+02 0.000000000000000000e+00 4.005064924323876951e+00
1.479010933752377923e+02 0.000000000000000000e+00 4.226029277975353438e+00
1.490757886030932013e+02 0.000000000000000000e+00 4.516982879827970976e+00
1.501255082292614418e+02 0.000000000000000000e+00 4.742198329335869822e+00
1.509721776527996155e+02 0.000000000000000000e+00 4.978254900339095457e+00
1.518405326275742198e+02 0.000000000000000000e+00 5.173060954428914116e+00
1.529288627905053204e+02 0.000000000000000000e+00 5.373285915143495295e+00
1.533361806302208379e+02 0.000000000000000000e+00 5.531274501695476076e+00
1.539083053510875914e+02 0.000000000000000000e+00 5.708186254238690083e+00
1.543896981225705076e+02 0.000000000000000000e+00 5.870657513853279497e+00
1.548673459598048225e+02 0.000000000000000000e+00 6.016504838309486125e+00
1.554681267058142282e+02 0.000000000000000000e+00 6.221612769828798406e+00
1.559665503266892870e+02 0.000000000000000000e+00 6.359467372425771536e+00
1.561682540732776374e+02 0.000000000000000000e+00 6.353773881399387591e+00
1.549125035150111671e+02 0.000000000000000000e+00 5.906366719047225544e+00
1.503877627987759524e+02 0.000000000000000000e+00 4.625953188321892284e+00
1.461652468778430318e+02 0.000000000000000000e+00 3.747345959804813553e+00
1.443762699528574842e+02 0.000000000000000000e+00 3.355824993797039024e+00
1.438604251095856341e+02 0.000000000000000000e+00 3.280006616491605520e+00
1.441413117194607594e+02 0.000000000000000000e+00 3.350468943842527469e+00
1.458604515755520765e+02 0.000000000000000000e+00 3.792043668844595317e+00
1.479525399057149855e+02 0.000000000000000000e+00 4.276225291539160978e+00
1.500094549665040233e+02 0.000000000000000000e+00 4.809574063352907380e+00
1.516140765858903308e+02 0.000000000000000000e+00 5.149254817632949788e+00
1.523652865767926698e+02 0.000000000000000000e+00 5.359215945744768561e+00
1.525325283268546741e+02 0.000000000000000000e+00 5.375826647919940804e+00
1.521541708708957117e+02 0.000000000000000000e+00 5.285511537507236568e+00
1.509261169464891168e+02 0.000000000000000000e+00 4.982896369200231490e+00
1.498220130675709072e+02 0.000000000000000000e+00 4.726533785460259374e+00
1.493032271937804865e+02 0.000000000000000000e+00 4.533580349019931788e+00
1.492119526920850205e+02 0.000000000000000000e+00 4.501295178231742966e+00
1.494124621619386346e+02 0.000000000000000000e+00 4.559282110660822340e+00
1.501737126788520413e+02 0.000000000000000000e+00 4.776342734265155876e+00
1.510335456124390134e+02 0.000000000000000000e+00 4.936967992721859488e+00
1.518165445372591194e+02 0.000000000000000000e+00 5.115272516747994658e+00
1.527056422132164357e+02 0.000000000000000000e+00 5.366073939293689143e+00
1.535126391530890828e+02 0.000000000000000000e+00 5.506720701348109870e+00
1.541604896203787973e+02 0.000000000000000000e+00 5.684227938135803626e+00
1.547682639980150441e+02 0.000000000000000000e+00 5.875725746422959084e+00
1.552092829377222643e+02 0.000000000000000000e+00 6.011132247125961392e+00
1.556523298321065170e+02 0.000000000000000000e+00 6.116126044165081765e+00
1.559600496236870413e+02 0.000000000000000000e+00 6.216369200231577352e+00
1.562173649822181858e+02 0.000000000000000000e+00 6.276827392275245998e+00
1.563889074518236839e+02 0.000000000000000000e+00 6.342936068149863438e+00
1.562007079646017758e+02 0.000000000000000000e+00 6.273330576461830788e+00
1.529809941278637098e+02 0.000000000000000000e+00 5.357168141592920207e+00
1.483096782730956988e+02 0.000000000000000000e+00 4.254764701017285766e+00
1.450453990571499503e+02 0.000000000000000000e+00 3.569451658258208759e+00
1.442135174923496947e+02 0.000000000000000000e+00 3.403665536349350873e+00
1.441325911835249372e+02 0.000000000000000000e+00 3.344262674716731443e+00
1.448313952526672779e+02 0.000000000000000000e+00 3.456524687784302330e+00
1.467609163840873236e+02 0.000000000000000000e+00 3.932005624017864687e+00
1.486466661152923621e+02 0.000000000000000000e+00 4.387838888429410389e+00
1.505723629145645646e+02 0.000000000000000000e+00 4.847466710776610732e+00
1.521720949466545392e+02 0.000000000000000000e+00 5.232768174675378248e+00
1.528936134314779451e+02 0.000000000000000000e+00 5.366596642130510020e+00
1.528991282772310001e+02 0.000000000000000000e+00 5.365170788189562501e+00
1.522329567446861347e+02 0.000000000000000000e+00 5.144110495409808692e+00
1.506267736332809477e+02 0.000000000000000000e+00 4.762947647010173036e+00
1.493767231825324586e+02 0.000000000000000000e+00 4.505228682491108749e+00
1.487137904226283922e+02 0.000000000000000000e+00 4.436966338598957726e+00
1.486350740219998272e+02 0.000000000000000000e+00 4.361640889918120934e+00
1.488596542883136351e+02 0.000000000000000000e+00 4.402183442229757659e+00
1.493898271441568113e+02 0.000000000000000000e+00 4.533967413778843714e+00
