2.467715552122415943e+02 3.681685732852693604e+01 5.912875193114102501e+01
2.467970769268495985e+02 3.684293079771450863e+01 5.915482540032859760e+01
2.468534754407905893e+02 3.690497253488315010e+01 5.921529770224870504e+01
2.472523572181760301e+02 3.730346195345643423e+01 5.961515424605801883e+01
2.475740393339709158e+02 3.781494764462100733e+01 5.998930822236935967e+01
2.474106831947816261e+02 3.841359216753721029e+01 6.000501177076436221e+01
2.471129288359204565e+02 3.886437872434341045e+01 5.968920277593859680e+01
2.464820128007062578e+02 3.835071360258956474e+01 5.912560386473430185e+01
2.439177058044581656e+02 3.595994568282694814e+01 5.703449385713234676e+01
2.423764345619068763e+02 3.459183954976825959e+01 5.576804544005493369e+01
2.420079973761004339e+02 3.435603803428234926e+01 5.554745395914564199e+01
2.425721143235488739e+02 3.499019716030309723e+01 5.597603545942764924e+01
2.438576902327178288e+02 3.609774025846636647e+01 5.712271021849481656e+01
2.453917365555800814e+02 3.766990669216998810e+01 5.844394480001961512e+01
2.461447926628902110e+02 3.845228242477745795e+01 5.913513389244464236e+01
2.466781676843473292e+02 3.916008546065376805e+01 5.957631072365678193e+01
2.470486555580077948e+02 3.970049841830353898e+01 5.989400487996272915e+01
2.472229824174207238e+02 3.997187584295838292e+01 5.997820875941047802e+01
2.471748970058118289e+02 4.006291841388949848e+01 5.995455381446332410e+01
2.469844098678241266e+02 3.985665722553275003e+01 5.965953370607420680e+01
2.468168052183721954e+02 3.958910529929620736e+01 5.954488523504745245e+01
2.467026410652541699e+02 3.931200495352999980e+01 5.951359768508300618e+01
2.466513003016258381e+02 3.946717366781921754e+01 5.933974288236592542e+01
2.471711634664900998e+02 4.043525160008827868e+01 5.985030591726133764e+01
2.478570189313126946e+02 4.162101510581426567e+01 6.073559614017018760e+01
2.479819974741901376e+02 4.186721719512494388e+01 6.096214350523553804e+01
2.480805469727065429e+02 4.198800853380416243e+01 6.101168493587385910e+01
2.482170663822065251e+02 4.221064150665783643e+01 6.121935922901493399e+01
2.485738584810809471e+02 4.257551067951641954e+01 6.147127810883052490e+01
2.489490883788224380e+02 4.303385627406262870e+01 6.188374837538929540e+01
2.492811250888937877e+02 4.322930613796316379e+01 6.209766975649231568e+01
2.493519734422129090e+02 4.299366708354790489e+01 6.203946271365163767e+01
2.494037525442016658e+02 4.256457367762818933e+01 6.198273621226611851e+01
2.494597280462983520e+02 4.237356237278991955e+01 6.202172686922190081e+01
2.494597372422080070e+02 4.206134897864096445e+01 6.196620196669854863e+01
2.487132010348463780e+02 4.072146509232693035e+01 6.111462088329777487e+01
2.465829961499791523e+02 3.851942482650383681e+01 5.943109504892223782e+01
2.444811391892885979e+02 3.642409083106500844e+01 5.774729640256013852e+01
2.430771904656808715e+02 3.510211751146423609e+01 5.654208661320777907e+01
2.422621477966600594e+02 3.429338936707619467e+01 5.576321452218053309e+01
2.422068926408200298e+02 3.398371404399323126e+01 5.561239547316020548e+01
2.432422478481571488e+02 3.425429448981093117e+01 5.606841450256259662e+01
2.448988725814757572e+02 3.536780573334313971e+01 5.723440373721768282e+01
2.463103987346428312e+02 3.650372127810882716e+01 5.841979940655729564e+01
2.471132414968488717e+02 3.703576595796856452e+01 5.895215674734544820e+01
2.474832205301748331e+02 3.683058375634517745e+01 5.905617781210917627e+01
2.475026055077368312e+02 3.619036759116211499e+01 5.877633095465803592e+01
2.473130134382893175e+02 3.592870717771401701e+01 5.847782559650800494e+01
2.472333339463939694e+02 3.581872409818779346e+01 5.829902645969739439e+01
2.473196099708183056e+02 3.603524485642119402e+01 5.831180877412393926e+01
2.476295581058878383e+02 3.636106206625959203e+01 5.875952696240712214e+01
2.478280732730081581e+02 3.637066566124720879e+01 5.876640856813556013e+01
2.480741650114029255e+02 3.638744513107236855e+01 5.895137509502440309e+01
2.485408237082812093e+02 3.657329139998528689e+01 5.931310233208269267e+01
2.489639918830770853e+02 3.686447374874322236e+01 5.969032161161381822e+01
2.494528893548149711e+02 3.745224257583560501e+01 6.026942789180705518e+01
2.497170387944775598e+02 3.792805426812820002e+01 6.054073481448784833e+01
2.497951519164275851e+02 3.799170835479045394e+01 6.065786005051619867e+01
2.498621042693543188e+02 3.805593871845803022e+01 6.075335650702567847e+01
2.498890329581402057e+02 3.826863091296991115e+01 6.082608695652174191e+01
2.498563047156624748e+02 3.836237708134088820e+01 6.073511795286789550e+01
2.498462351945854607e+02 3.838799075504548597e+01 6.075777667426861939e+01
2.494714712229333600e+02 3.794753427008999580e+01 6.027523970671178688e+01
2.485777299590475593e+02 3.671759667966355067e+01 5.930138980847985408e+01
2.478734060423257120e+02 3.557065830451948329e+01 5.868495733097918077e+01
2.477799204247284024e+02 3.544937345202187373e+01 5.856139189288604285e+01
2.482344037372176899e+02 3.585493145982000840e+01 5.897266362588587185e+01
2.487363318129429501e+02 3.631637914122465105e+01 5.946086527379288356e+01
2.492610810711395573e+02 3.682821427695627392e+01 5.993348292013045864e+01
2.496566615169572572e+02 3.725531523578312232e+01 6.036410284705362983e+01
2.499435616371171420e+02 3.763167929571593362e+01 6.066422055469727326e+01
2.501445290468133180e+02 3.792286164447386909e+01 6.086262843620490770e+01
2.501470517913631966e+02 3.805522143750459918e+01 6.093493893915986348e+01
2.501734348561759589e+02 3.803342713161185884e+01 6.094889833002280710e+01
2.501115617106844127e+02 3.788926592118492209e+01 6.090622317859682511e+01
2.500984973883616647e+02 3.780688896245616348e+01 6.086753292135657745e+01
2.501604103827950780e+02 3.789012114078324345e+01 6.094941636626695214e+01
2.502609461977978924e+02 3.791721229063978882e+01 6.102021874003776247e+01
2.503722442924054121e+02 3.792060864660732022e+01 6.112602687657862788e+01
2.504282872311729022e+02 3.777702064788248748e+01 6.111777814561416733e+01
2.505025963118271761e+02 3.761145442507172731e+01 6.119730743765173031e+01
2.506207760121631338e+02 3.744890139532602547e+01 6.119775497192182456e+01
2.507573781848500403e+02 3.727243495426567677e+01 6.129521628779519204e+01
2.508628828563721527e+02 3.728957612987076686e+01 6.131317283405674345e+01
2.509509674096961760e+02 3.725352509870276663e+01 6.143228132126829877e+01
2.510677309399445676e+02 3.731689411216557772e+01 6.152418217710096116e+01
2.512251557174035668e+02 3.741779776355477338e+01 6.176848071311214028e+01
2.513961015473650775e+02 3.773617854778194669e+01 6.200536121533141909e+01
2.514719923244807376e+02 3.804253414747786621e+01 6.214012727138968728e+01
2.514637252016969455e+02 3.821299259422742267e+01 6.212545366487653098e+01
2.512886565389048315e+02 3.794378540425218915e+01 6.184946602417911521e+01
2.510836092106231092e+02 3.762578778292748893e+01 6.151952598151009255e+01
2.509572696731160590e+02 3.735186309129699112e+01 6.129940962259986748e+01
2.509958158611049726e+02 3.732691458839108378e+01 6.142843743103068022e+01
2.511504665391500453e+02 3.753718212805610932e+01 6.164494592805120021e+01
2.513216392015498286e+02 3.780574560435518094e+01 6.188974717379043256e+01
2.514764247529365662e+02 3.797232644253169553e+01 6.206601437014149525e+01
2.516070128007062578e+02 3.816319674342185664e+01 6.231259962235464656e+01
2.517037813580519412e+02 3.853011047352804042e+01 6.254494654111184815e+01
2.517893492974324943e+02 3.887406201721474019e+01 6.274097268201770561e+01
2.518265743397336962e+02 3.902426800559111086e+01 6.281084320360969997e+01
2.518073426273327016e+02 3.902912344589126548e+01 6.275561257019544570e+01
2.517943855906226247e+02 3.911965717648789820e+01 6.274384487113465525e+01
2.517926414330905516e+02 3.923630115991073808e+01 6.268289744721548118e+01
2.517737315775276556e+02 3.936471897300081224e+01 6.267429007577429445e+01
2.517980179749380909e+02 3.959579685622501444e+01 6.268336643860810398e+01
2.518268931312685481e+02 3.985850253807106469e+01 6.278646791240589664e+01
2.518299124549400290e+02 4.015228732926261301e+01 6.297861951004193060e+01
2.519001078986733262e+02 4.029864023149169583e+01 6.307559650800656925e+01
2.518916844454253408e+02 4.046788481816621186e+01 6.309682373280364942e+01
2.519106157581107936e+02 4.054404534196523002e+01 6.315412651119448384e+01
2.519000619191250507e+02 4.047213945903529009e+01 6.318663711714362563e+01
2.519074155815493157e+02 4.060800289364623694e+01 6.321570538757693924e+01
2.519491251624610584e+02 4.071395509943843649e+01 6.327786054096470991e+01
2.519640899727801013e+02 4.086436033252409317e+01 6.343011721719512508e+01
2.520561379631673162e+02 4.116929363152603116e+01 6.366487346428309024e+01
2.521037635792932576e+02 4.147854287746143598e+01 6.374922141298217326e+01
2.519441930895804092e+02 4.142373525589151484e+01 6.348138747884940614e+01
2.515664649697148150e+02 4.078904583241374127e+01 6.279865862331102022e+01
2.511957196105838648e+02 4.020110534834105920e+01 6.210316277986218125e+01
2.509348193923342762e+02 3.997528446013879488e+01 6.171191360749405419e+01
2.509693224453762923e+02 4.013910652541749613e+01 6.177640758723853054e+01
2.511301221216802730e+02 4.041004254640868965e+01 6.220883604306138182e+01
2.513038175286299349e+02 4.082240859265798605e+01 6.269104195787047473e+01
2.514971860516442348e+02 4.127908972755584927e+01 6.284816327031069960e+01
2.516543288212070024e+02 4.165584001569435202e+01 6.314733073395620266e+01
2.517656361117241772e+02 4.181045697540400852e+01 6.332003911326908252e+01
2.518264118786630377e+02 4.203619510041933438e+01 6.346232129282228840e+01
2.518204345373844433e+02 4.223455393707545369e+01 6.324057419259913360e+01
2.517347439858750704e+02 4.237488658378087081e+01 6.308866083032933858e+01
2.516118314573677708e+02 4.250654442237426167e+01 6.296929485764731993e+01
2.515958367051668745e+02 4.257348757939135453e+01 6.294926923171239963e+01
2.515727396454057327e+02 4.254005125186983349e+01 6.288217587483753590e+01
2.516057315039603850e+02 4.244984550871772200e+01 6.291477843988327123e+01
2.516921485323328227e+02 4.248438534539836553e+01 6.297333799259422449e+01
2.517027606120797429e+02 4.259583363986365612e+01 6.304350278329532387e+01
2.517602135903283624e+02 4.266666666666666430e+01 6.318362392407856731e+01
2.518041914956227458e+02 4.286609222884327863e+01 6.319853049363643294e+01
2.518629993378945073e+02 4.282666323352705717e+01 6.323040045121263120e+01
2.519128871477966527e+02 4.289483864243850775e+01 6.324615917506559981e+01
2.519346599965668645e+02 4.289726023198214477e+01 6.334810502954952227e+01
2.519645221805340896e+02 4.285099867578900756e+01 6.333469126265970317e+01
2.519244647980578122e+02 4.279125591603521173e+01 6.326694193089580409e+01
2.519456460433065956e+02 4.288897778268226091e+01 6.330216839549768082e+01
2.519465503077564392e+02 4.300379484538610342e+01 6.345340126045268647e+01
2.518630974275975518e+02 4.300713296059246460e+01 6.327457453591308933e+01
2.515342946124230536e+02 4.239392824738223453e+01 6.268856519286887874e+01
2.510250557885186140e+02 4.141976262291866107e+01 6.199887196841511638e+01
2.506518060766570954e+02 4.074772247970769001e+01 6.144618247137006506e+01
2.505824014811545055e+02 4.049528862895117243e+01 6.126498626744157860e+01
2.506877375609995227e+02 4.058896429534809869e+01 6.140695885136958054e+01
2.508834265185512038e+02 4.081862907378798155e+01 6.162281750410750902e+01
2.511237278991637822e+02 4.127552171460801134e+01 6.186369209642217726e+01
2.513014603104539049e+02 4.155403823046175660e+01 6.226273633487824810e+01
2.514708397704700928e+02 4.189915765467520004e+01 6.254483312489271185e+01
2.515851020132911628e+02 4.227891193996909891e+01 6.268788469555408227e+01
2.516547334412319969e+02 4.235584185487628162e+01 6.280012077294686179e+01
2.516112551803624342e+02 4.230471872777655307e+01 6.271771929179234206e+01
2.515565425831923392e+02 4.227099732705558921e+01 6.258644768140464265e+01
2.515387117143627904e+02 4.228418426150714993e+01 6.248134456460432773e+01
2.515608064199710725e+02 4.224695308859952547e+01 6.246840285441035689e+01
2.515399991417151000e+02 4.216849665268888714e+01 6.238042558669903315e+01
2.515408727531327315e+02 4.202902535618823521e+01 6.242197270654013153e+01
2.515495843448833853e+02 4.206326785845655536e+01 6.240031633929228150e+01
2.515796733612889113e+02 4.204552588342038888e+01 6.246135265700483075e+01
2.515944327962922102e+02 4.208178228990411895e+01 6.249182177100959024e+01
2.515881642512077292e+02 4.215173863998627013e+01 6.250675592829642824e+01
2.516401150101767996e+02 4.223115758110792228e+01 6.251497400622869804e+01
2.516254015547218046e+02 4.224920302116285598e+01 6.258318619877878319e+01
2.516068380784227259e+02 4.226566676475636797e+01 6.257159628730474310e+01
2.515923269329801997e+02 4.226450501483606814e+01 6.248935113661443097e+01
2.515071942666568532e+02 4.213433078300105450e+01 6.247701942176119871e+01
2.514662326197307323e+02 4.200277103411069390e+01 6.233545452316143098e+01
2.514487144118296271e+02 4.204464614139630640e+01 6.224533767380269467e+01
2.513759533093013658e+02 4.195099193212192290e+01 6.204035165158537524e+01
2.510553471149366089e+02 4.153496897913141339e+01 6.156372152333308634e+01
2.506423128325853895e+02 4.089127982540033202e+01 6.104355182814683900e+01
2.502999920302116266e+02 4.048913656538904604e+01 6.071561342848034570e+01
2.501565756884671146e+02 4.040187657863116044e+01 6.057710157188748923e+01
2.502033368890850795e+02 4.074938080874959923e+01 6.086811839427156201e+01
2.503564303930944845e+02 4.130605519998038488e+01 6.128354361313421350e+01
2.506094343902498736e+02 4.193657887638244830e+01 6.178106991343583587e+01
2.508286955295617702e+02 4.257120086318938945e+01 6.206878540425218915e+01
2.510967624267392466e+02 4.360526251256774088e+01 6.260399960764118532e+01
2.514678449692243589e+02 4.453305316461904084e+01 6.330237070551019229e+01
2.513922944407660793e+02 4.383791902695014642e+01 6.279462468427377075e+01
2.512051116996493363e+02 4.317826883935359206e+01 6.235718445768655727e+01
2.509387215233331005e+02 4.247636038156894500e+01 6.187484980014222913e+01
2.508852289168444543e+02 4.182517043085901776e+01 6.158745003555751651e+01
2.509930295004782010e+02 4.198993967483263390e+01 6.166222810760440609e+01
2.510850836214718242e+02 4.227811496113195489e+01 6.187286961426224252e+01
2.511974729640255930e+02 4.257943426763775818e+01 6.205706981534613220e+01
2.513526508742244800e+02 4.274882292356360125e+01 6.227868510753083342e+01
2.514191771500036907e+02 4.290319772431888623e+01 6.242719291792344194e+01
2.514702972118001867e+02 4.294883089335196757e+01 6.243051264131047873e+01
2.515118382010348341e+02 4.288485494985163626e+01 6.244901174624193629e+01
2.516163558449201787e+02 4.309781995635007945e+01 6.255874347090414034e+01
2.517436364305156928e+02 4.342789793766399242e+01 6.283523382132960933e+01
2.518133506216434796e+02 4.369535790480394155e+01 6.302308173324504992e+01
2.518840211873758506e+02 4.388311692292601407e+01 6.309456153902743836e+01
2.519170896785109903e+02 4.395928051202825060e+01 6.321590769758944361e+01
2.519947981804360211e+02 4.420936940582162578e+01 6.331309926677946720e+01
2.520533546678437347e+02 4.439279715049412545e+01 6.350702260967654667e+01
2.519332928713308206e+02 4.417204933912062614e+01 6.334261507148286796e+01
2.512282884572941839e+02 4.298668432281321117e+01 6.238789573064567406e+01
2.503322635425096223e+02 4.137340910762892321e+01 6.126625836827778926e+01
2.497906213982687120e+02 4.061852301429657075e+01 6.060989112042963001e+01
2.498546586478334461e+02 4.074132825719119921e+01 6.071424936854753440e+01
2.503432802422815655e+02 4.147741484587655236e+01 6.125769391108168094e+01
2.508172588832487406e+02 4.233688908506829307e+01 6.193518722872066462e+01
2.511960629245444920e+02 4.293883800485544100e+01 6.243992925280169004e+01
2.514521291596164758e+02 4.344732889477427307e+01 6.278615525147747434e+01
2.516527317982294676e+02 4.391943463547413984e+01 6.307797211800190951e+01
2.518364507467078681e+02 4.421692231295519804e+01 6.320141800926947440e+01
2.518643296794919024e+02 4.429826932980210330e+01 6.323600076019519634e+01
2.518020396527624598e+02 4.432344773044949449e+01 6.308805696559503673e+01
2.517267006302263326e+02 4.428910713847813696e+01 6.308283675421172632e+01
2.517061232497118510e+02 4.439750852154295302e+01 6.312971137104882757e+01
2.517035024154589280e+02 4.443147821182471091e+01 6.320145172760489771e+01
2.517317246622035896e+02 4.457562103043233037e+01 6.329738958777802083e+01
2.518527826822629265e+02 4.472800031879153693e+01 6.341697013168542441e+01
2.519848819245199820e+02 4.501007258638024666e+01 6.367265626915814636e+01
2.521068595355452544e+02 4.522366291473552735e+01 6.383973981706270706e+01
2.522281382574364272e+02 4.544938264793153593e+01 6.395745052600603486e+01
2.523332352436302983e+02 4.569974741901469173e+01 6.406712400990706158e+01
2.523876505063880984e+02 4.588118578189754260e+01 6.414543944186958413e+01
2.524180644449348847e+02 4.592493378945044924e+01 6.421147833443684760e+01
2.524663245788273400e+02 4.599559209396993253e+01 6.423288334682067102e+01
2.525102779616959765e+02 4.615211567228229939e+01 6.427861460555678264e+01
2.525172545918242122e+02 4.636753598665980292e+01 6.418604551362220434e+01
2.525425372127810988e+02 4.648329716275534196e+01 6.424086846170823151e+01
2.525540167733392138e+02 4.657663564579808479e+01 6.438117965129110587e+01
2.525695302729345997e+02 4.671108904092793068e+01 6.439839132887024675e+01
2.524483527060496897e+02 4.642841597390813746e+01 6.424215588906054109e+01
2.518471578508546145e+02 4.514261323230093836e+01 6.331853711469138801e+01
2.510177327791265043e+02 4.348856641899016751e+01 6.224108609823683480e+01
2.505600400941661121e+02 4.272937050933078496e+01 6.169754653130287636e+01
2.506312103043233037e+02 4.285240871527011564e+01 6.181083094239681941e+01
2.510858438166703479e+02 4.342467630397999301e+01 6.246889023762230408e+01
2.515652235219107808e+02 4.430485360111822501e+01 6.315737573260746984e+01
2.518970885750018454e+02 4.494946847642168564e+01 6.362332021383555514e+01
2.520609535545256108e+02 4.542774160719978482e+01 6.398854496186762475e+01
2.522028617670860058e+02 4.586035398121582318e+01 6.420105017288310023e+01
2.522891224649942501e+02 4.611039076485445776e+01 6.419435555065106769e+01
2.522710065229652514e+02 4.605951286201231198e+01 6.417633769832511348e+01
2.521830568429829214e+02 4.588430932587851885e+01 6.407730081659677523e+01
2.520944236003825552e+02 4.566279518870006626e+01 6.391068012947840771e+01
2.520128466857941589e+02 4.559755327496996102e+01 6.373666899629711224e+01
2.520261868854067018e+02 4.577984072684469652e+01 6.372325522940729314e+01
2.521469322445376235e+02 4.605155840015694224e+01 6.386911155251477368e+01
2.522537427352313557e+02 4.638657151965472281e+01 6.405236150960053010e+01
2.523482889477427022e+02 4.669619166727972726e+01 6.425798818019077885e+01
2.524568619877878461e+02 4.704701562078520993e+01 6.452483508668677814e+01
2.525861472816891080e+02 4.738053593761495108e+01 6.473120662595944452e+01
2.526809325878516006e+02 4.755756639446774159e+01 6.483932906643124738e+01
2.527298395007234149e+02 4.768131575075406658e+01 6.502488719684150453e+01
2.527850701341376691e+02 4.778732006670099963e+01 6.508903173201893821e+01
2.528327018808700473e+02 4.790798879325142678e+01 6.515754738958777637e+01
2.528351786458716504e+02 4.788056352534393056e+01 6.512763922607224742e+01
2.528434948135069646e+02 4.790355329949238694e+01 6.515016307413129937e+01
2.528495242649402996e+02 4.791181429166973516e+01 6.509833186198778776e+01
2.528575890777115660e+02 4.771736678192206682e+01 6.501646680889673746e+01
2.528764406925133130e+02 4.753268839353588504e+01 6.495585963363495807e+01
2.528219273400524685e+02 4.722628374898845038e+01 6.463301270261653997e+01
2.524600039235881184e+02 4.612016908212560651e+01 6.382056634542288975e+01
2.515819416856715520e+02 4.395170921307535394e+01 6.231758380539002928e+01
2.506479713823291320e+02 4.212627210083621776e+01 6.110313519213320888e+01
2.504499558596336328e+02 4.166113379435493869e+01 6.081941992201868885e+01
2.507744948380293692e+02 4.231408935971946050e+01 6.138653473601608823e+01
2.513950440177542305e+02 4.343660952941464615e+01 6.227656391770273814e+01
2.519260311680031350e+02 4.443610375438338167e+01 6.310370227322886905e+01
2.522504138159346780e+02 4.528354054783098803e+01 6.356927585276735471e+01
2.524486347139458928e+02 4.571766718163760856e+01 6.396902204566075767e+01
2.525393584933421494e+02 4.610588783442457839e+01 6.410957845950120770e+01
2.525774694082738563e+02 4.628526018293729294e+01 6.408314021923048642e+01
2.525510464945192268e+02 4.616460984820618307e+01 6.393976985703425697e+01
2.524178866573481343e+02 4.594374249000711075e+01 6.377987137987689437e+01
2.523068000686627954e+02 4.578855844920179408e+01 6.356311152799234776e+01
2.522115488364108842e+02 4.559768201770518914e+01 6.350193420633168984e+01
2.521953364476813988e+02 4.562427045783368840e+01 6.348944616101424998e+01
2.522586012408347358e+02 4.580136835135731843e+01 6.363553544716643273e+01
2.523399789107138531e+02 4.617163858848917357e+01 6.376728831015964261e+01
2.524707110277348647e+02 4.658351725152652278e+01 6.395613551092473870e+01
2.525382457882733718e+02 4.681786581328625374e+01 6.422045047696117592e+01
2.526455927070305734e+02 4.703811704553814366e+01 6.431145626425366402e+01
2.526777967826577367e+02 4.728761127050687918e+01 6.439265308124279841e+01
2.527164839745947802e+02 4.748809436229431924e+01 6.458083817651241532e+01
2.527753592535373741e+02 4.766758625763260682e+01 6.469166727972731223e+01
2.528058498246646479e+02 4.779159616469261351e+01 6.476829986022217156e+01
2.528267245395914529e+02 4.789999448245420410e+01 6.488659910738370229e+01
2.528809466882464108e+02 4.800938289315578800e+01 6.490168039922508569e+01
2.528744053311753532e+02 4.803200483091787731e+01 6.499666188479363882e+01
2.528718917825351298e+02 4.818460788641212389e+01 6.496551227347408997e+01
2.529110203781358166e+02 4.830502832340174990e+01 6.504506608793741407e+01
2.529214516049927681e+02 4.840715503077564108e+01 6.510228610314132425e+01
2.527382169744230964e+02 4.787950599573309773e+01 6.465056462885308974e+01
2.518926929301846656e+02 4.589144228647097634e+01 6.322445682826945301e+01
2.508061348978640979e+02 4.365942335515828887e+01 6.188346023688663422e+01
2.503048444052085699e+02 4.269960948036980142e+01 6.137563145246327423e+01
2.505253929718727761e+02 4.300056708109566017e+01 6.162625677432011884e+01
2.511094803697981774e+02 4.409630876186272275e+01 6.239779972534883257e+01
2.517729499252066034e+02 4.526064273277912520e+01 6.332290517177959543e+01
2.522300418107359121e+02 4.630630655484440439e+01 6.387534331396062015e+01
2.524978144388042836e+02 4.700259937713038738e+01 6.423721768557345513e+01
2.526321360258956759e+02 4.747641862233012233e+01 6.454108425905491231e+01
2.526861589298413264e+02 4.772381617989651659e+01 6.463569484293385869e+01
2.526672153559430001e+02 4.768666163956938675e+01 6.456534306873635387e+01
2.525820183182520395e+02 4.748340444836803442e+01 6.441520758233404820e+01
2.524228861668996160e+02 4.697691520145172461e+01 6.427434770347483095e+01
2.522374904975600316e+02 4.663005775031265898e+01 6.405607359179970217e+01
2.521791639078937806e+02 4.657976838568870903e+01 6.398798707668162677e+01
2.522609615243139842e+02 4.679766853037102692e+01 6.418180619926923214e+01
2.524593755364280696e+02 4.718116861619951408e+01 6.444618247137006506e+01
2.525916862846072775e+02 4.754589371980676304e+01 6.464955001348732821e+01
2.527127535005762695e+02 4.794709899703278921e+01 6.488742367394982580e+01
2.528179700335957136e+02 4.821883812746757059e+01 6.513364108977660294e+01
2.529053373059662988e+02 4.844908837882243091e+01 6.532123458152480566e+01
2.529708060521346908e+02 4.877415458937198167e+01 6.548969445057504402e+01
2.530230112312709991e+02 4.894578398195149305e+01 6.553095036661026995e+01
2.530599052208244473e+02 4.914580727825596540e+01 6.546593528531842310e+01
2.530530910517668417e+02 4.921268912920866256e+01 6.546842124622968129e+01
2.530699686112950246e+02 4.929149807498957614e+01 6.552891807057554274e+01
2.530996959219205849e+02 4.944754653130287636e+01 6.560404865249270756e+01
2.531138944064346958e+02 4.950112190097844689e+01 6.564357267220873382e+01
2.531567779984796118e+02 4.961063905441526600e+01 6.570722675887098774e+01
2.531940643468451810e+02 4.980888447485224901e+01 6.586624242870104240e+01
2.531655386350817878e+02 4.968536501630741498e+01 6.579663552318595521e+01
2.527585675224993338e+02 4.848085718139238054e+01 6.486581022094705418e+01
2.516496051889452872e+02 4.598352092989038198e+01 6.334032222467446616e+01
2.507635149218960748e+02 4.430551877191691545e+01 6.226508129184139051e+01
2.506041927217440275e+02 4.412372483386056388e+01 6.216146484710267828e+01
2.510320416145565048e+02 4.491071384781382392e+01 6.263744819637558692e+01
2.516560392604036451e+02 4.607865874592314981e+01 6.359133684004021347e+01
2.522805089629466124e+02 4.737767907501410036e+01 6.425777667426861228e+01
2.526655018514431390e+02 4.831491392628559112e+01 6.489154650678045755e+01
2.528829268741263832e+02 4.885587250790847946e+01 6.525230204271807111e+01
2.530044232325461735e+02 4.921012347041369139e+01 6.548947068344000400e+01
2.530281946590156679e+02 4.932616665440545489e+01 6.549475833149415394e+01
2.529897434954265805e+02 4.937478849407783343e+01 6.539489688319969218e+01
2.528753892935089027e+02 4.911235255891512708e+01 6.516563365948159969e+01
2.527141206258123134e+02 4.874048836410897678e+01 6.488188467103165635e+01
2.526052992962063684e+02 4.855683072169499326e+01 6.471796758135315031e+01
2.526428553912552957e+02 4.860198876872900087e+01 6.478290296476127708e+01
2.527712670737389260e+02 4.890988315064126368e+01 6.503008595110227930e+01
2.529120687118369801e+02 4.931255057750312432e+01 6.539756982760734161e+01
2.530905459918095062e+02 4.967524951568208991e+01 6.565312415704161708e+01
2.531794612423060755e+02 5.004304911841879289e+01 6.591854876284361353e+01
2.532590641016209361e+02 5.036006277740994364e+01 6.613498369258687148e+01
2.533150487996272489e+02 5.061131035582040028e+01 6.625002145712254276e+01
2.533383849530395651e+02 5.071874003776453321e+01 6.624521199637068491e+01
2.533881317589936089e+02 5.084918095097967239e+01 6.645347482772996273e+01
2.534306015351038468e+02 5.109649268005590983e+01 6.655669278305009584e+01
2.534481657225532842e+02 5.115152713406410356e+01 6.659939245690183895e+01
2.534738560288383837e+02 5.121482871085607513e+01 6.663829422006425318e+01
2.535028629932072874e+02 5.121613146472449074e+01 6.668572365678413405e+01
2.535137816032761862e+02 5.117030824689178559e+01 6.663579906324333990e+01
2.535222541013757223e+02 5.118798585056033801e+01 6.662327729959046962e+01
2.535362717329998361e+02 5.122508828073272724e+01 6.672464687706907682e+01
2.534841952965987275e+02 5.088101719022045444e+01 6.638138502660683571e+01
2.530730400451212745e+02 4.935962137374629322e+01 6.537763309546579649e+01
2.521976783393413371e+02 4.721824958924936766e+01 6.381924519973515686e+01
2.516545066087937528e+02 4.606429166973197198e+01 6.305254542779371718e+01
2.516490656955785994e+02 4.607883346820667470e+01 6.313991883077073908e+01
2.520662749209151627e+02 4.688508178228990175e+01 6.376387969297923064e+01
2.525398305500380047e+02 4.790856507025674915e+01 6.454316866524436591e+01
2.528816762304127224e+02 4.881018416341744626e+01 6.519362907378797445e+01
2.530980192010593726e+02 4.934860160867113166e+01 6.559332315652663681e+01
2.532519250104220419e+02 4.977188319968611552e+01 6.589997609063487971e+01
2.533382868633365206e+02 5.005024645037887154e+01 6.602989283699943712e+01
2.533329348439147566e+02 5.005799553691851145e+01 6.597322151107186983e+01
2.532700409524510121e+02 4.984043870619681371e+01 6.574671399494837942e+01
2.531619675568307173e+02 4.949045771107677893e+01 6.548254922876971307e+01
2.530334485887343874e+02 4.917937541381593292e+01 6.524992643272273085e+01
2.530079422006424750e+02 4.914693837514406738e+01 6.508764314966036579e+01
2.530263524117805787e+02 4.928504867701513348e+01 6.510740822482159729e+01
2.530992299958311946e+02 4.956273449569631140e+01 6.526765614654601677e+01
2.531801080212854629e+02 4.981473307339562240e+01 6.539980136835136193e+01
2.532519434022413520e+02 4.996479499252065892e+01 6.551428124770102102e+01
2.532922030947301266e+02 5.009323426273326874e+01 6.574274749258196948e+01
2.533392524338507599e+02 5.025513131758993524e+01 6.596452831114054050e+01
2.533980265577870910e+02 5.050016552637386980e+01 6.614495818926408788e+01
2.534639734912577467e+02 5.076168187057063363e+01 6.628989492140561879e+01
2.534912914735525646e+02 5.080841854876284458e+01 6.635009441133917107e+01
2.534892070673631110e+02 5.084022720027465425e+01 6.639557431521126318e+01
2.535045673017974934e+02 5.091841695480516705e+01 6.639735219107873831e+01
2.535257056328011913e+02 5.100701954437332830e+01 6.643726550430368150e+01
2.535335865273792990e+02 5.107530223889747134e+01 6.643134333848304607e+01
2.535574805659775848e+02 5.112934966526889013e+01 6.657641800926947440e+01
2.535658917580126968e+02 5.119701010323941404e+01 6.657149206699526189e+01
2.535133585914318530e+02 5.101845312538316080e+01 6.638551705534710834e+01
2.531311152799234776e+02 4.972590058608597730e+01 6.542096422178082094e+01
2.523885210525025116e+02 4.773351479928394525e+01 6.405610731013511838e+01
2.519284742146693077e+02 4.669850903651389018e+01 6.336855979793521243e+01
2.519719586061453072e+02 4.683661933838495628e+01 6.333698717477133044e+01
2.523584259054905772e+02 4.778056107310135303e+01 6.392797763554770540e+01
2.527929050491674730e+02 4.883466060962750532e+01 6.461413656538904604e+01
2.530891022339929748e+02 4.974606721596900627e+01 6.523783994212708137e+01
2.532936989627013986e+02 5.036231577527649250e+01 6.559964381176585846e+01
2.534192966968292637e+02 5.072980271708477318e+01 6.590168039922508569e+01
2.534881066235072069e+02 5.091348488192451782e+01 6.614348071311214028e+01
2.534933513573162713e+02 5.096699588023247429e+01 6.621857144608745216e+01
2.534322292111135653e+02 5.074653007675519234e+01 6.608073395620294832e+01
2.533075725250741925e+02 5.029856053360798285e+01 6.566146791240589664e+01
2.531799241030922758e+02 4.990788763824517815e+01 6.534345496456509750e+01
2.531229431815395117e+02 4.989196645332156521e+01 6.526124353221020158e+01
2.531338311385762267e+02 4.993130655484440439e+01 6.531315137693420070e+01
2.531964460874469580e+02 5.011123985384634238e+01 6.543096324088378424e+01
2.532700961279089711e+02 5.035160560582652778e+01 6.559876713504499435e+01
2.533205632801196714e+02 5.049511390666764754e+01 6.570783368890850795e+01
2.533411498565438080e+02 5.055556781676843769e+01 6.574702665587679462e+01
2.533370270237131763e+02 5.047408899188307885e+01 6.568883187424900427e+01
2.533784515314254975e+02 5.045692635915544599e+01 6.574268618651757379e+01
2.534103674685499925e+02 5.053382255572721249e+01 6.580198754260771921e+01
2.534655858407513733e+02 5.070912418156404300e+01 6.594279837661541421e+01
2.535326914588391105e+02 5.100060386473430185e+01 6.609408335172514626e+01
2.535742355133769763e+02 5.117202175139164666e+01 6.619566136982270166e+01
2.535845012138600794e+02 5.117004156551166005e+01 6.624394602614090388e+01
2.535721020623360005e+02 5.107636896441795926e+01 6.623021040241300739e+01
2.535440177542362505e+02 5.095912418156404300e+01 6.606197123519459069e+01
2.533086055322592642e+02 5.010315051864930780e+01 6.543184911351430344e+01
2.525141249172368134e+02 4.791973810049289995e+01 6.382186909929130536e+01
2.515868676279457645e+02 4.601892518207900906e+01 6.246954927781456490e+01
2.512874978542877500e+02 4.539236800804335559e+01 6.204292344098678313e+01
2.515150291816866570e+02 4.577966600456117163e+01 6.241366880011770490e+01
2.520327159812648574e+02 4.673626131096887804e+01 6.324087152701144987e+01
2.525483122440471675e+02 4.776010630471566287e+01 6.396741889207680742e+01
2.528616935187228592e+02 4.862758405061428846e+01 6.455104955982245940e+01
2.530657722111871237e+02 4.926016148017362184e+01 6.497185132053262180e+01
2.531987021506167252e+02 4.982360712621692755e+01 6.530429571593222704e+01
2.532710739596360838e+02 5.010377890580936366e+01 6.552235832168517504e+01
2.532052864219328683e+02 5.001439772922337568e+01 6.538711407832462896e+01
2.530745696314279485e+02 4.972991919860712784e+01 6.514987187032541271e+01
2.528954394418695983e+02 4.923853576595796966e+01 6.479547683856887375e+01
2.527670185634763129e+02 4.890080372250422869e+01 6.456865972682017230e+01
2.527848402363961782e+02 4.894217918536501344e+01 6.457674599671399562e+01
2.528864059932808459e+02 4.920310392604036309e+01 6.477998173079281230e+01
2.530141647661786806e+02 4.947755891512788651e+01 6.496614372593737130e+01
2.531037298609578556e+02 4.977675396650236905e+01 6.516977488413154163e+01
2.531801723926530769e+02 5.002002562593492030e+01 6.525851847764781155e+01
2.532713590328355338e+02 5.021391831579980192e+01 6.545829041908825729e+01
2.533366990362686693e+02 5.042814622722479356e+01 6.558038144633266597e+01
2.533922913754628610e+02 5.055327496996002878e+01 6.574333603080016530e+01
2.534366432477500553e+02 5.064544557247602796e+01 6.586037237303514758e+01
2.534744415017533470e+02 5.089901971603030972e+01 6.591879705240442888e+01
2.534760998307952491e+02 5.110013426028102401e+01 6.595892187155153863e+01
2.535121539272664961e+02 5.117257350597120791e+01 6.603218261850462056e+01
2.535308522769072397e+02 5.127303881899997862e+01 6.605218985262021647e+01
2.535223031462272161e+02 5.133895203413521813e+01 6.602334841462517545e+01
2.534756032516736468e+02 5.112309031609407128e+01 6.581968660339880728e+01
2.529960733465754572e+02 4.941213308320458708e+01 6.469626216925378515e+01
2.519402051300914707e+02 4.700867480811201915e+01 6.299678143161921895e+01
2.512826608058068985e+02 4.577752948821697743e+01 6.215340923024105280e+01
2.513537543833836025e+02 4.589652455920939644e+01 6.222703781358051600e+01
2.518637901861252146e+02 4.681247701022584806e+01 6.298077441820544919e+01
2.524235176193629115e+02 4.804361619951445306e+01 6.394609051227347152e+01
2.528265590132175760e+02 4.906914404472890112e+01 6.468248669658402150e+01
2.530510955393707491e+02 4.966534245567571304e+01 6.503287231172907923e+01
2.531707557811618585e+02 5.004894676181368141e+01 6.531497829765319807e+01
2.532439920056891935e+02 5.025101461536575442e+01 6.543088660830329673e+01
2.532686186517570377e+02 5.033453493219549557e+01 6.548973736482012953e+01
2.532138784668579490e+02 5.018782952009613041e+01 6.534526349346477048e+01
2.531528544103582590e+02 5.003009514701194149e+01 6.521691924765197257e+01
2.531052992962063684e+02 4.992675151425979152e+01 6.515154246058020249e+01
2.531025956987665211e+02 4.997498406042326025e+01 6.514046138944064523e+01
2.531145227935947446e+02 5.009313617303023847e+01 6.516261433581010465e+01
2.531933010863434674e+02 5.037634566811348691e+01 6.534185487628435851e+01
2.532825228671620152e+02 5.070006314524632529e+01 6.550838360430613250e+01
2.533771334510409758e+02 5.102503433139606415e+01 6.578619203511611602e+01
2.534691845067314091e+02 5.127568111037543730e+01 6.592680055911131376e+01
2.535139532602564998e+02 5.143405613183256264e+01 6.609055825302239384e+01
2.535383346820667612e+02 5.155708514186223113e+01 6.614436045513622275e+01
2.535561379631673162e+02 5.153030971823732642e+01 6.612716103876995533e+01
2.535872385296353571e+02 5.158137460457588475e+01 6.606997167659824299e+01
2.535833363986365612e+02 5.159744905466048692e+01 6.611094251943401900e+01
2.536183452267098346e+02 5.169409806518060435e+01 6.624394602614090388e+01
2.536362711199391811e+02 5.182959979401162087e+01 6.631120797469286288e+01
2.536511899507099201e+02 5.194080899482576541e+01 6.638726427818239983e+01
2.536781615537408925e+02 5.205156146546016060e+01 6.645745665661247870e+01
2.536391862233012091e+02 5.193199011746241922e+01 6.629216324578827368e+01
2.532546715221069746e+02 5.058422840187350999e+01 6.533602466956031662e+01
2.523245420436989548e+02 4.815152713406410356e+01 6.364401101056916588e+01
2.516111908089948201e+02 4.656562507663257833e+01 6.265408972755584927e+01
2.515461849236126568e+02 4.640511966943770261e+01 6.266079048039431854e+01
2.519766761078005857e+02 4.719027869736874692e+01 6.333596642879913929e+01
2.525244120748424450e+02 4.836558645381201416e+01 6.430835111209201216e+01
2.529346293435346524e+02 4.924943598420755819e+01 6.489883886314034100e+01
2.531413963069226725e+02 4.985025687240981540e+01 6.525506081561587735e+01
2.532773762230559953e+02 5.014872851222443018e+01 6.547564923122195069e+01
2.533255290713357226e+02 5.034208783932906783e+01 6.562621692537825879e+01
2.533430534098432929e+02 5.044492263174673496e+01 6.555314009661836394e+01
2.533281958851369495e+02 5.041067706417518934e+01 6.542328772162142059e+01
2.532659150543171620e+02 5.023626744157532187e+01 6.527400745481743627e+01
2.531896962897569949e+02 5.001930221437504542e+01 6.516611797739032852e+01
2.531507485470462768e+02 4.988679835209298830e+01 6.510985433679098833e+01
2.531755376541847511e+02 4.992510544643076287e+01 6.525038929350891692e+01
2.532733392187155061e+02 5.023614789474974884e+01 6.546255119056377225e+01
2.533471517202481778e+02 5.050786250275877620e+01 6.557548309178743295e+01
2.534053648936952925e+02 5.076097685083008315e+01 6.575184224723510340e+01
2.534689116947448326e+02 5.109339672380392017e+01 6.596270445572476149e+01
2.535301809755021054e+02 5.132251587827067851e+01 6.623539996076411285e+01
2.535719089482331583e+02 5.155317688025699852e+01 6.633607984501827559e+01
2.536036072488290642e+02 5.175792074351994643e+01 6.647251649133131934e+01
2.536363170994874849e+02 5.201617867039407628e+01 6.653486475882193929e+01
2.536404399323181167e+02 5.215088955099438550e+01 6.651646987419995583e+01
2.536332395350547984e+02 5.222846011427450463e+01 6.658529819269722339e+01
2.536365224748032006e+02 5.231537985237499555e+01 6.664196338801833974e+01
2.536123065793668445e+02 5.237357156869957464e+01 6.662090475489834773e+01
2.536382114568773147e+02 5.251523455700237974e+01 6.669448122808307744e+01
2.536548713798769086e+02 5.262376161749920556e+01 6.673541222197700051e+01
2.535439472522621998e+02 5.218422472350965080e+01 6.637107947718187972e+01
2.529377590181220796e+02 4.978406777998479527e+01 6.481567718678731183e+01
2.517966508497020470e+02 4.708688908506829307e+01 6.299208538708649030e+01
2.510282774222025921e+02 4.552422815664925793e+01 6.203642806346403660e+01
2.511975863802447293e+02 4.574749258196620616e+01 6.227749576988155411e+01
2.518989277569337162e+02 4.704065205130091698e+01 6.332470757007283169e+01
2.525519017141175482e+02 4.843534049388165386e+01 6.434030383285514176e+01
2.529625113416219051e+02 4.952014517276048622e+01 6.514137178449692556e+01
2.531590156698300689e+02 5.012119289340101602e+01 6.544642156502121111e+01
2.532806530321979324e+02 5.048783381152063754e+01 6.562355317688025025e+01
2.533345962382598771e+02 5.062869062507662932e+01 6.570157127443046363e+01
2.533239964197258303e+02 5.065774969960028784e+01 6.571221400720959593e+01
2.532792552539297048e+02 5.042650015939576491e+01 6.555471566247332760e+01
2.531739161087814693e+02 5.005343130042423638e+01 6.539843730841855063e+01
2.531094619779788673e+02 4.978047524461119622e+01 6.517951641776404870e+01
2.531055138674317675e+02 4.977134983692587156e+01 6.516033681551779466e+01
2.532013076583535565e+02 5.001941869589740008e+01 6.529403921135879330e+01
2.532896466318448176e+02 5.030636173030236336e+01 6.545657384928517786e+01
2.533820808504377169e+02 5.057961512052771980e+01 6.562595024399813326e+01
2.534235390764854401e+02 5.063852411780572993e+01 6.577588648569116003e+01
2.534607947718188257e+02 5.064143002525809578e+01 6.581000944113391427e+01
2.534818166213001689e+02 5.065204517030824860e+01 6.590709065940802702e+01
2.535024675690919480e+02 5.060960298192696882e+01 6.589756982760734161e+01
2.535030836950391233e+02 5.047327055592339207e+01 6.585938841070158389e+01
2.535234495696314241e+02 5.056021175114642574e+01 6.583591738394761705e+01
2.535357107825106198e+02 5.063567951641776688e+01 6.580593258785158639e+01
2.535180362441452644e+02 5.060315971455896289e+01 6.568538340812672516e+01
2.535136773829667334e+02 5.064063917702738848e+01 6.562861705779936017e+01
2.535292736457490435e+02 5.065566835871404550e+01 6.566545893719806770e+01
2.535306959464430179e+02 5.067922827926138751e+01 6.572762328649550057e+01
2.535404436106819617e+02 5.086234029770224652e+01 6.585231062556708537e+01
2.535633444910370429e+02 5.101099830795262591e+01 6.593054022903945111e+01
2.534512248951666322e+02 5.055276919492876431e+01 6.554917665955515815e+01
2.527639072807081959e+02 4.821753537359915498e+01 6.410998001422301229e+01
2.515152498835184645e+02 4.539001998577699482e+01 6.236532590303832535e+01
2.508526815272566637e+02 4.399132825719119921e+01 6.139739510532381672e+01
2.510283693812991999e+02 4.423207104146742097e+01 6.166636320164790419e+01
2.516266920473773325e+02 4.545627651487285448e+01 6.254004512126339677e+01
2.522135320875941034e+02 4.681084013830648161e+01 6.352150003678363532e+01
2.525964497658108314e+02 4.767711322003972896e+01 6.411991466195836153e+01
2.528138104171264615e+02 4.830675715441771700e+01 6.458422840187351710e+01
2.529744047181147266e+02 4.889761274185242712e+01 6.492211064518501473e+01
2.530554973147943656e+02 4.915892064543024276e+01 6.505450415655116103e+01
2.530108389121851928e+02 4.895410934549645532e+01 6.491327950660878798e+01
2.528992618749846599e+02 4.854213565805929420e+01 6.464479879349664770e+01
2.527367916084259036e+02 4.802579759189779196e+01 6.440471811471590513e+01
2.526529678265773953e+02 4.768549375904264309e+01 6.422089801123127017e+01
2.526994746070281224e+02 4.782930859020574133e+01 6.429159309938938804e+01
2.528511642021628916e+02 4.826928382255572814e+01 6.460443181539517354e+01
2.530149985286544450e+02 4.865512580004413934e+01 6.494073236224527079e+01
2.531315444223742475e+02 4.900737205424360354e+01 6.514316498688050672e+01
2.532332940974521307e+02 4.938152909585816275e+01 6.535082701880870104e+01
2.532955350793300511e+02 4.965529439172122750e+01 6.544831285710782254e+01
2.533450918364844711e+02 4.984674096961671097e+01 6.568080997572279500e+01
2.534084240663086405e+02 5.006302876480541642e+01 6.574993869393560431e+01
2.534403246769170437e+02 5.022048726059981760e+01 6.579606537678706957e+01
2.534581187621079437e+02 5.040485298805757708e+01 6.581009833492728944e+01
2.534603962824002679e+02 5.039442789180705518e+01 6.582491907599499825e+01
2.534617511464234099e+02 5.043590144437087730e+01 6.579931153289683721e+01
2.534680840628755050e+02 5.041589421025528139e+01 6.577469408273866236e+01
2.534627044557247473e+02 5.041216680154001040e+01 6.569774271070893690e+01
2.534762592265626893e+02 5.037849444567056878e+01 6.564348377841535864e+01
2.534997210574069868e+02 5.048286495500134663e+01 6.573326344441991864e+01
2.535531615537408925e+02 5.067794391721228919e+01 6.588537911670222513e+01
2.535570238357978496e+02 5.067358199073052560e+01 6.593782338948969368e+01
2.533769280757252602e+02 4.999490853135192481e+01 6.546321329605925143e+01
2.527452733024350664e+02 4.780034760538512728e+01 6.402119657176487522e+01
2.518585975624708908e+02 4.544090095392235895e+01 6.258685843203609522e+01
2.517181514995463374e+02 4.506977549719218246e+01 6.243178780744991485e+01
2.521821127295912106e+02 4.610519201059369010e+01 6.317097341769047603e+01
2.526411449520586530e+02 4.736157703720051870e+01 6.400580568429829498e+01
2.528914116334387927e+02 4.826314095490325684e+01 6.455490877657618398e+01
2.530534650187596526e+02 4.884177211309742717e+01 6.494327043331126958e+01
2.531747130876186134e+02 4.923814647244905274e+01 6.521793999362417082e+01
2.532799234900316208e+02 4.953017177959243611e+01 6.542754542779371718e+01
2.533167990877657587e+02 4.961849236126437290e+01 6.550131194977807070e+01
2.532882427229701534e+02 4.949292528016871273e+01 6.537457392285244850e+01
2.532492888496529986e+02 4.935210831555457389e+01 6.527418830770740499e+01
2.532419689055641356e+02 4.940748301822016231e+01 6.528023615096005017e+01
2.532740718261850361e+02 4.954926248804531497e+01 6.535130520611099314e+01
2.533268287599009341e+02 4.981027918781725816e+01 6.554471357806714593e+01
2.533938025699502248e+02 5.010977463890728245e+01 6.577189239559577061e+01
2.534711677579145999e+02 5.035782817136271206e+01 6.586839733686456100e+01
2.535356188234140120e+02 5.054132335270605125e+01 6.599810257730695184e+01
2.535946351063047075e+02 5.066057590916893361e+01 6.615004352730572634e+01
2.536234796096029811e+02 5.092502881385026825e+01 6.627930429878124130e+01
2.536499454376026961e+02 5.107698815566836004e+01 6.648074989577969518e+01
2.536465736040609045e+02 5.113940999043625624e+01 6.638387405282129805e+01
2.536781002476764968e+02 5.123197908237082743e+01 6.642248154687462147e+01
2.536975189435738969e+02 5.147918965644081624e+01 6.641090696191666609e+01
2.537120852644743536e+02 5.158273253390225221e+01 6.643090193481938854e+01
2.537222099610093551e+02 5.169208416096520153e+01 6.647368743716128847e+01
2.537545979548297055e+02 5.186618112263665381e+01 6.650033105274773959e+01
2.537543465999656576e+02 5.195726660781284778e+01 6.658624230608891992e+01
2.537781057652223069e+02 5.198995193604551446e+01 6.664771696216189412e+01
2.537855268643174043e+02 5.211732141543441799e+01 6.672978125996223753e+01
2.538115420927438208e+02 5.227579146129134813e+01 6.678763579293263319e+01
2.537941035827263931e+02 5.239118173569729464e+01 6.680460531155742387e+01
2.537400653522646508e+02 5.214662264891243382e+01 6.657098322666078616e+01
2.534312329875671423e+02 5.112140439932318259e+01 6.565891144952058767e+01
2.529565523921626209e+02 4.952725667623041517e+01 6.457432747247358407e+01
2.527462817871943912e+02 4.890430123347801583e+01 6.424204860344785573e+01
2.529103521420339007e+02 4.928622881875475059e+01 6.464076178915618698e+01
2.531713565805929420e+02 5.004814365237009355e+01 6.508878344245812286e+01
2.533682379410971350e+02 5.053871477966600168e+01 6.562052159199588175e+01
2.535246542337968094e+02 5.094591578998994663e+01 6.596796145074671358e+01
2.536202702371318480e+02 5.123505051619706308e+01 6.613187240981878290e+01
2.536587704455724861e+02 5.134911044900561450e+01 6.635107224306628382e+01
2.536698392554991415e+02 5.140988008533803821e+01 6.628308688295446416e+01
2.536579060300644812e+02 5.143092032663871294e+01 6.614609235145540822e+01
2.536087446970254291e+02 5.132615132788935597e+01 6.596283932906642633e+01
2.535505591113072796e+02 5.123223043723485404e+01 6.579049572083670228e+01
2.535277992349003284e+02 5.118572672208735241e+01 6.580367958998503752e+01
2.535407624022168136e+02 5.127972731062556733e+01 6.576403295814021988e+01
2.535665109492630904e+02 5.138012518698349851e+01 6.600290897275559132e+01
2.536215975134260248e+02 5.154665084970205413e+01 6.617292295053826479e+01
2.536759545354226475e+02 5.182771769783467164e+01 6.638536992079257004e+01
2.537217654920424650e+02 5.203308075234802033e+01 6.658867309154221914e+01
2.537384039579195303e+02 5.217810637828294063e+01 6.666666666666667140e+01
2.537544814733073508e+02 5.218608536256406438e+01 6.675216716937639205e+01
2.537813641825449338e+02 5.221046984967752991e+01 6.679011868854067302e+01
2.537879607150739218e+02 5.220164484170773989e+01 6.676004499865126718e+01
2.537988823904460673e+02 5.217169069864390707e+01 6.677508950685401601e+01
2.537971045145785922e+02 5.224693163147698272e+01 6.689144228647097634e+01
2.538080323205571460e+02 5.231347936437872193e+01 6.672442617523725517e+01
2.538014327227249396e+02 5.242750557885185714e+01 6.662568356261800773e+01
2.538137950906103697e+02 5.256558829299394375e+01 6.668540486524926791e+01
2.538150120159886285e+02 5.261190502464503993e+01 6.667612312709972855e+01
2.537979168199318281e+02 5.264925574437823741e+01 6.666428799136811278e+01
2.538024504033938911e+02 5.287148716251011393e+01 6.675369369037984768e+01
2.538177278746413492e+02 5.308798646362097884e+01 6.683543000073566986e+01
2.537779494347580851e+02 5.302625125677432294e+01 6.675681110375438720e+01
2.535845288015890446e+02 5.247422999583118752e+01 6.615081598371710925e+01
2.532378031584884468e+02 5.137476703695529778e+01 6.542581046617131335e+01
2.530046776527134114e+02 5.053975391745751722e+01 6.494018060766570954e+01
2.530521254812526024e+02 5.042472228352828978e+01 6.500239093651144628e+01
2.532104300007356699e+02 5.086619644915275273e+01 6.534335380955883466e+01
2.533673183501311996e+02 5.144602920620907582e+01 6.582077478604183796e+01
2.535268796439343646e+02 5.190236089653988927e+01 6.619486439098555763e+01
2.536222442924054121e+02 5.230514787022732293e+01 6.637946308148802643e+01
2.536896104612668239e+02 5.259831653547168884e+01 6.654982343853454552e+01
2.537268293729615607e+02 5.286463007920743706e+01 6.668705093307829657e+01
2.537322181760219735e+02 5.283250876676720509e+01 6.669921712155766613e+01
2.536682452978248534e+02 5.281903982441943413e+01 6.665207275803722098e+01
2.535992361264376314e+02 5.281321268299860350e+01 6.650838666960935086e+01
2.534964779666004517e+02 5.273269329802104011e+01 6.630443365457711025e+01
2.534662632727629443e+02 5.273880857794453192e+01 6.623172159690037120e+01
2.534863777924912256e+02 5.287551803624414504e+01 6.633598175531523111e+01
2.534931429166973089e+02 5.296050050270972775e+01 6.632373280364893731e+01
2.535730461757277112e+02 5.305363667573996622e+01 6.650261776894970467e+01
2.536486488143407030e+02 5.324940226587214198e+01 6.667649709409255365e+01
2.536864899825890802e+02 5.346007136025895790e+01 6.675299173594251556e+01
2.537138263567032084e+02 5.357764106525417702e+01 6.688489479879349631e+01
2.537433482920130530e+02 5.379312575099928750e+01 6.699316130851663331e+01
2.537636681870570499e+02 5.395939699355060526e+01 6.704956595306407507e+01
2.537728426395939039e+02 5.404692979229505312e+01 6.710151058142670877e+01
2.537740748914882545e+02 5.411409978175041147e+01 6.710926273326957414e+01
2.537824891488266132e+02 5.408187118369749413e+01 6.713172527526423039e+01
2.537826086956521863e+02 5.405159211849235845e+01 6.710788334682067102e+01
2.537571697442311063e+02 5.401194855195075917e+01 6.700937369724613291e+01
2.537613079035778298e+02 5.397951457858211199e+01 6.693214338262340846e+01
2.537479646386620686e+02 5.397071409303808309e+01 6.694872973834571894e+01
2.537648238063709130e+02 5.396386927094827968e+01 6.694624990804089748e+01
2.536936260084847561e+02 5.375271585865273494e+01 6.680497314794379804e+01
2.535403455209789456e+02 5.302587728978150494e+01 6.628930944849064133e+01
2.532766436155864653e+02 5.201136920964221844e+01 6.547595882684714752e+01
2.531048854802717187e+02 5.133314021923048642e+01 6.507887944775497147e+01
2.531223270555923364e+02 5.132501410039481016e+01 6.513059417837612841e+01
2.532532001765614780e+02 5.169206883444910261e+01 6.542705497927855163e+01
2.533589929865862302e+02 5.200709311165060456e+01 6.569239682189362384e+01
2.534498608352338351e+02 5.226611736432968058e+01 6.579307977145099073e+01
2.535209758699330678e+02 5.251356396674758997e+01 6.595642671473062535e+01
2.535328723117290792e+02 5.246204848083572614e+01 6.597186971235194619e+01
2.534696075185757422e+02 5.206825204149194519e+01 6.572843252654553226e+01
2.533838587263051920e+02 5.170387944775497147e+01 6.540199612545673347e+01
2.533312397312342057e+02 5.140540167733391996e+01 6.517528936462394995e+01
2.532797273106255602e+02 5.128781051521616519e+01 6.505712805610731664e+01
2.532837244660241822e+02 5.130336692905662233e+01 6.510922288432772120e+01
2.533428970793790995e+02 5.151115157311361514e+01 6.527186787317000949e+01
2.533698502905907333e+02 5.192291375462860969e+01 6.562958875892003618e+01
2.534115751980185962e+02 5.243882880894577880e+01 6.596417273596703978e+01
2.534769335932710419e+02 5.302603975085215637e+01 6.631068380784226690e+01
2.535398612030702168e+02 5.343993231810490840e+01 6.657816523210476589e+01
2.536046555825302278e+02 5.364153118026435152e+01 6.677608573040045314e+01
2.536614801736187701e+02 5.380447656882218865e+01 6.665328968341547977e+01
2.537208244439540010e+02 5.379561171191054569e+01 6.655554942494912041e+01
2.537144792662890325e+02 5.376912749209152054e+01 6.651067338581133015e+01
2.536545035434905344e+02 5.367827803526324715e+01 6.631105470953187364e+01
2.536190379852374974e+02 5.350041994654111477e+01 6.625875144069250666e+01
2.535921123617548290e+02 5.333883248730964510e+01 6.613876627676009434e+01
2.535741895338286724e+02 5.334484661222688118e+01 6.616075676205890943e+01
2.536057652222957870e+02 5.351623384585202814e+01 6.624761519409500465e+01
2.536464387307192396e+02 5.384725900586086311e+01 6.642579820495843990e+01
2.536961119693960143e+02 5.431016270629490350e+01 6.665587986463620496e+01
2.536217722357095568e+02 5.448777250545624184e+01 6.660224318889623873e+01
2.532962309031609323e+02 5.377714939061772270e+01 6.591668199318276322e+01
2.528142456901836681e+02 5.265622624390004347e+01 6.494178989185610362e+01
2.524852160425709258e+02 5.178526937884695514e+01 6.434907060006375445e+01
2.524793919664533348e+02 5.157306763285023976e+01 6.424502501287427947e+01
2.526281633929228292e+02 5.177834485887343874e+01 6.443837820937247329e+01
2.528412847298854729e+02 5.227008999730253436e+01 6.480966919247651958e+01
2.530310024767649963e+02 5.282213578067142379e+01 6.526221523333087760e+01
2.531976906005542105e+02 5.309734176904779446e+01 6.550737511954682191e+01
2.533131207239020171e+02 5.319440459550258993e+01 6.563783748988450384e+01
2.534059564972166925e+02 5.348811581941685489e+01 6.579992459354079415e+01
2.534635780671424072e+02 5.357664484170773989e+01 6.589264695063636168e+01
2.534935812550577623e+02 5.352447338090684070e+01 6.584677162264891592e+01
2.534324836312808031e+02 5.345761911768312302e+01 6.585856690943867875e+01
2.534423477770421016e+02 5.340832904190882857e+01 6.581805586208587044e+01
2.534596115647759973e+02 5.348012457392285057e+01 6.586699036268667840e+01
2.535406091370558386e+02 5.369316314769857001e+01 6.598345962382599339e+01
2.535905092081708858e+02 5.393824333603080134e+01 6.605765528826111677e+01
2.536491361975526502e+02 5.411665317933250208e+01 6.629815591358297411e+01
2.537024418205448910e+02 5.448059969592191720e+01 6.656910113048382982e+01
2.537604772064052554e+02 5.482265994752200555e+01 6.666314156796390478e+01
2.537757792000784605e+02 5.489852620221192581e+01 6.675408298388876460e+01
2.538072046886878184e+02 5.497328588243949099e+01 6.680791890433802394e+01
2.538263567032050787e+02 5.517770482356114314e+01 6.696641960322715192e+01
2.538506706883444792e+02 5.538301576791976544e+01 6.709699232448073758e+01
2.538604643321317269e+02 5.564413055739473890e+01 6.716811962039284367e+01
2.538354269354324515e+02 5.584061342848034570e+01 6.730047021751391867e+01
2.538237573260746842e+02 5.596156722823021568e+01 6.736700262389955185e+01
2.537813059417837565e+02 5.620264719586061375e+01 6.736308516638466415e+01
2.537844325510679653e+02 5.621367002623899367e+01 6.738351234704137482e+01
2.537307468304764768e+02 5.607619117683120891e+01 6.720158660094656966e+01
2.535846360872017442e+02 5.564823499840603915e+01 6.675118627234606095e+01
2.533945321121165364e+02 5.509091689349910581e+01 6.639971553986120512e+01
2.532942445866745231e+02 5.474370386718653947e+01 6.613358591431864397e+01
2.533279138772407464e+02 5.469449348929595800e+01 6.624504033939037129e+01
2.534544649206699489e+02 5.507060619436474980e+01 6.645958704235023617e+01
2.536264223006939744e+02 5.556318509526962401e+01 6.690173557468304466e+01
2.537173974349542789e+02 5.621957686554353728e+01 6.735125003065303417e+01
2.538423943696510321e+02 5.682359486500404699e+01 6.778391144952058767e+01
2.539348561759729250e+02 5.743726856960690696e+01 6.809058277544814075e+01
2.539819055150935583e+02 5.778954854214178738e+01 6.821885038868045115e+01
2.539949391843841227e+02 5.790257546776527420e+01 6.825166445964835304e+01
2.539808020059344358e+02 5.786690146889330322e+01 6.821671387233625694e+01
2.539457686554353870e+02 5.769681698913656476e+01 6.810414674219573783e+01
2.539137117143627904e+02 5.756135817455062664e+01 6.794426359155447415e+01
2.539073113612398629e+02 5.755873734029770361e+01 6.782145221805340896e+01
2.538981951494641862e+02 5.760080862698938375e+01 6.796116567350841819e+01
2.539339151278844611e+02 5.775810772701635898e+01 6.803993170504426757e+01
2.539281370313151456e+02 5.786745628877608283e+01 6.805662228107604506e+01
2.539614936609529536e+02 5.798011537801319548e+01 6.813666654405453471e+01
2.539671215576644840e+02 5.812427352313690676e+01 6.830968145368939304e+01
2.540054409132151250e+02 5.830133769832512058e+01 6.852701758257926201e+01
2.540384726207116444e+02 5.840981877927364252e+01 6.862706294906692506e+01
2.540591603521420438e+02 5.865545685279187893e+01 6.874498209862919396e+01
2.540786342234973745e+02 5.887379227053140340e+01 6.886435113661443097e+01
2.541204602859314718e+02 5.916676475636970167e+01 6.893765173250938005e+01
2.541520911498565454e+02 5.937266423894651979e+01 6.901167573996420401e+01
2.541544820863679774e+02 5.928811091493170693e+01 6.894465595036660943e+01
2.541039321709703529e+02 5.889298106868731253e+01 6.869063427254224052e+01
2.539942004463081560e+02 5.830156146546016060e+01 6.817129833983177889e+01
2.539032712915961554e+02 5.782762880404129646e+01 6.773843461095171392e+01
2.538224331150837543e+02 5.743296794918953196e+01 6.742965742171215027e+01
2.538507994310797358e+02 5.742903209985531987e+01 6.750679271193506281e+01
2.539490454645773525e+02 5.771654528065916168e+01 6.776633806616150935e+01
2.540438123789205349e+02 5.802279666004561420e+01 6.809414465778954195e+01
2.541083645994261815e+02 5.808644768140464265e+01 6.829557492827190401e+01
2.541624058951911422e+02 5.809796709090463196e+01 6.839687093847322785e+01
2.541755928296427101e+02 5.799458667451384031e+01 6.843997523234997971e+01
2.541595796856225036e+02 5.782948637779249168e+01 6.839887871208219394e+01
2.541701795041565504e+02 5.764238639986267287e+01 6.842554685009440618e+01
2.541781155741925886e+02 5.760901444370877300e+01 6.821340641016209361e+01
2.541334203879447671e+02 5.790514419186345663e+01 6.831432538806738819e+01
2.541258337624757928e+02 5.805980406581819153e+01 6.841415311802643373e+01
2.541264376272100947e+02 5.811305144804924083e+01 6.830528274356899487e+01
2.541254505995732984e+02 5.810477819465901916e+01 6.834799774393682981e+01
2.540859970818313229e+02 5.819543760268765453e+01 6.839482331592240882e+01
2.541197062213394133e+02 5.831865972682017940e+01 6.853215809607885944e+01
2.541248896490840821e+02 5.847747921724416642e+01 6.854989394050859630e+01
2.541502672944407664e+02 5.865019985776993394e+01 6.861418867554378664e+01
2.541219684151156173e+02 5.869882782804874921e+01 6.860744500846023186e+01
2.541109578459501108e+02 5.870617535986659874e+01 6.859403430687363823e+01
2.541186088427867276e+02 5.882600419333480346e+01 6.867500735672773260e+01
2.541080458078913296e+02 5.881928811398023527e+01 6.862127565658795447e+01
2.540973356384413648e+02 5.888100186370435551e+01 6.862968991392628482e+01
2.541260544643076003e+02 5.928047217930797785e+01 6.881059797935212430e+01
2.541477108315554574e+02 5.950648924691630270e+01 6.885773621226611851e+01
2.541046034723754872e+02 5.905119362907378644e+01 6.852394921405625894e+01
2.539264695063635600e+02 5.814505014836067431e+01 6.787613722749453871e+01
2.538049486255180227e+02 5.744112165575418771e+01 6.743604551362220434e+01
2.537751416170087566e+02 5.732038855783613940e+01 6.739532296034724368e+01
2.538277268937443409e+02 5.755575786556806150e+01 6.766349101253095455e+01
2.539100609382280140e+02 5.772939196645332061e+01 6.790095698766522503e+01
2.539814395890041396e+02 5.758958042129527399e+01 6.781137963167316229e+01
2.539720965447902188e+02 5.719190024277201445e+01 6.756827656391770631e+01
2.538933029255254041e+02 5.655302974570244601e+01 6.702449790333260182e+01
2.537704731602050003e+02 5.580567203707790469e+01 6.643069962480689128e+01
2.536368320704283974e+02 5.553228683881409466e+01 6.616293006204173821e+01
2.534301969150788523e+02 5.518808394026336828e+01 6.584698925917751922e+01
2.532456840530665261e+02 5.475208134088624234e+01 6.553025147747615620e+01
2.531069085803967766e+02 5.414781811716814985e+01 6.513631709948748494e+01
2.530530266803992276e+02 5.396564714681576191e+01 6.517167230682458978e+01
2.530975440790602988e+02 5.399111675126903265e+01 6.527657004830918197e+01
2.531923171240099180e+02 5.390824014811545339e+01 6.533120294759557112e+01
2.532731859535545311e+02 5.397008877118124559e+01 6.536239853846342385e+01
2.533519397238774786e+02 5.436164447387135823e+01 6.559032222467446616e+01
2.534108150028200726e+02 5.495509330783001190e+01 6.592558056842982239e+01
2.534118755977341380e+02 5.552175445695088030e+01 6.610761973074376385e+01
2.534882752151842737e+02 5.596304776968537453e+01 6.629114556511930800e+01
2.535556751023811159e+02 5.647098690502464535e+01 6.658501618480100603e+01
2.535659530640770924e+02 5.701532038549252945e+01 6.673217832708012054e+01
2.535260826650972206e+02 5.737983704848083732e+01 6.692529549523038668e+01
2.534994114617817900e+02 5.764794992520660344e+01 6.711532283773510699e+01
2.534318981583658115e+02 5.765199919075995183e+01 6.709492324480737580e+01
2.533148587508276250e+02 5.706509171387233437e+01 6.668856212756566038e+01
2.527146202702371340e+02 5.453105458691973695e+01 6.533011783025577301e+01
2.518106868731454995e+02 5.104822948086024326e+01 6.352065401309497616e+01
2.512574027072758156e+02 4.883724466024179378e+01 6.224985899605189132e+01
2.512337324358125557e+02 4.831870877167169454e+01 6.206992876235317169e+01
2.515913981461046092e+02 4.882992778145614210e+01 6.242686493047892071e+01
2.521695725741190302e+02 4.995771720738615329e+01 6.324139262855882038e+01
2.525992637141665966e+02 5.122016233845852184e+01 6.409134603594988278e+01
2.529094294857647185e+02 5.203424863287476398e+01 6.468523320826896850e+01
2.531135909414159357e+02 5.263009146864807519e+01 6.515570514235268718e+01
2.532298119129944212e+02 5.298646362098138951e+01 6.535900831310233627e+01
2.532807020770494546e+02 5.300962505211015241e+01 6.537330488731944911e+01
2.532434341205031956e+02 5.299678449692243731e+01 6.519450881581205692e+01
2.531666329483312552e+02 5.285841057897447115e+01 6.491325498418304107e+01
2.530268857745408297e+02 5.271961977978861569e+01 6.476352718310894829e+01
2.530009195909659354e+02 5.273673336766472630e+01 6.472412884082493179e+01
2.530703640354103925e+02 5.291983925549915568e+01 6.489380870055666151e+01
2.531589604943721099e+02 5.320635927805978582e+01 6.519407354275485034e+01
2.531952598151009113e+02 5.347264523406655456e+01 6.539170896785110187e+01
2.532422723705828957e+02 5.370120037274087110e+01 6.555596630618700260e+01
2.532931165550896253e+02 5.401928995316216486e+01 6.572562777409940793e+01
2.533484973883616647e+02 5.441455773805144958e+01 6.601454179847470982e+01
2.534003132739890702e+02 5.475517423183501364e+01 6.608119375168591603e+01
2.534486745628877600e+02 5.503255045489099473e+01 6.615035005762770481e+01
2.534511973074376385e+02 5.529248510262635108e+01 6.625408298388876460e+01
2.535379699109836054e+02 5.567119411952230479e+01 6.649452843375266298e+01
2.535847924176659660e+02 5.618292503494445356e+01 6.674815468746167824e+01
2.535399838151990082e+02 5.621740969616714523e+01 6.661505309105176309e+01
2.531252544201672379e+02 5.480685217881752891e+01 6.561837281443879988e+01
2.523832947105127573e+02 5.246203008901640885e+01 6.428770016430024725e+01
2.520289977684592486e+02 5.149887503371833475e+01 6.378451837955810788e+01
2.522223203119252446e+02 5.190121447313568126e+01 6.413693629073787861e+01
2.526820514235268149e+02 5.281096888104170972e+01 6.493752912038058867e+01
2.531170087545060028e+02 5.368632445621521043e+01 6.560423563598911301e+01
2.532772076313789000e+02 5.445512702616542811e+01 6.605945768655435302e+01
2.534317663503273650e+02 5.501145503813237525e+01 6.650664864268372867e+01
2.535035986659800358e+02 5.560397201991221294e+01 6.676193322543466024e+01
2.535387086490595721e+02 5.574013278893548318e+01 6.670298131391157881e+01
2.535233698717477182e+02 5.567104698496775228e+01 6.651840714583487113e+01
2.534945008460236977e+02 5.559028237573260611e+01 6.644303747026656026e+01
2.534912362980946057e+02 5.549643198705216207e+01 6.636731528482798126e+01
2.534828159101498386e+02 5.537121741582677004e+01 6.635964283086883597e+01
2.535077766742686265e+02 5.543884107015865936e+01 6.623465509208170943e+01
2.535438644890752471e+02 5.568438105397385840e+01 6.633476482993697232e+01
2.536399648103190430e+02 5.590457404546457809e+01 6.652673250937982630e+01
2.537092743814218068e+02 5.621733306358665061e+01 6.674457747860418522e+01
2.537669756492312274e+02 5.663186627921233907e+01 6.694696718899433563e+01
2.537993329900193658e+02 5.679063365948159259e+01 6.720665661247210210e+01
2.538325884646509110e+02 5.694666372397557552e+01 6.733008411192035680e+01
2.538113121950023299e+02 5.711059614017018760e+01 6.739210745726967389e+01
2.537864066063415009e+02 5.713852105250251157e+01 6.737654797812599838e+01
2.537947534270089989e+02 5.719654417715000250e+01 6.736345606807425668e+01
2.537860908801098674e+02 5.728525098702763785e+01 6.731569557860663622e+01
2.536938007307682881e+02 5.694475404006964681e+01 6.696485016797861078e+01
2.533521113808577923e+02 5.566126866769661063e+01 6.606775239706712455e+01
2.530075743642561008e+02 5.421913852718311233e+01 6.523410946810858491e+01
2.528975606316977007e+02 5.366976262291866107e+01 6.495455994506976083e+01
2.530264443708771580e+02 5.370943990779567656e+01 6.515770372005198396e+01
2.532240460776380075e+02 5.415062900022070380e+01 6.542429314107751281e+01
2.534262028249834486e+02 5.466035827264033031e+01 6.576313175899359464e+01
2.535616739007822673e+02 5.520088158120601207e+01 6.617646950636357417e+01
2.536906710561808893e+02 5.561534736016086811e+01 6.642923440986781713e+01
2.537601124353220996e+02 5.596710316584516676e+01 6.661123372323990566e+01
2.537500367836386488e+02 5.606566492557443837e+01 6.668684249245934836e+01
2.537211187130631060e+02 5.603499350155717451e+01 6.661253341180508869e+01
2.536530138061256991e+02 5.599938693935604306e+01 6.658552195983226341e+01
2.535907820201574339e+02 5.591500833762475509e+01 6.648589653988572934e+01
2.535364801736187701e+02 5.586687388116432373e+01 6.639361558645380512e+01
2.534688963682287408e+02 5.591670345030530598e+01 6.634987370950734942e+01
2.534893450060079942e+02 5.603067755462370059e+01 6.637721008362147757e+01
2.534860038254984147e+02 5.610652848279751481e+01 6.643115635498664062e+01
2.535248320213835598e+02 5.628514983202138211e+01 6.645744439539959103e+01
2.535599328085534125e+02 5.626832131734471432e+01 6.651164508693200617e+01
2.535929491895338401e+02 5.635385553838985828e+01 6.658611969396012853e+01
2.536339782731307650e+02 5.655550957600726036e+01 6.667741055445205234e+01
2.536809448490644741e+02 5.666442286470977763e+01 6.677690723166335829e+01
2.536973319600774914e+02 5.683292564800510149e+01 6.685950795752715692e+01
2.537328772162142343e+02 5.705752654552588155e+01 6.699558289806027744e+01
2.537397159076975868e+02 5.723477770421050081e+01 6.702502513548640195e+01
2.536051429657421750e+02 5.663195210770249588e+01 6.664454437332940984e+01
2.531563856396674623e+02 5.517657066136982280e+01 6.561126744157532187e+01
2.527254990313641940e+02 5.382455737021506081e+01 6.482114875303464885e+01
2.526301098604673996e+02 5.373130165035925643e+01 6.480272321538046754e+01
2.528834081267318936e+02 5.454578643419407058e+01 6.527767049216508610e+01
2.531218212805610790e+02 5.552824983447362683e+01 6.585236273572181176e+01
2.533420510556904333e+02 5.622642168763334070e+01 6.633691973810049092e+01
2.534725931239118211e+02 5.685349383260992084e+01 6.662731123862772620e+01
2.535473681306554852e+02 5.713779764094264380e+01 6.685902057431520973e+01
2.536442225164913395e+02 5.737983398317761896e+01 6.699155815493269017e+01
2.536655417003850062e+02 5.751463069226807789e+01 6.697453652615317310e+01
2.536487806223791779e+02 5.746494212707521143e+01 6.695312231785968038e+01
2.536200924495450977e+02 5.746145381201108648e+01 6.684202959856789050e+01
2.535659990436253963e+02 5.739291363201648011e+01 6.682856678682655627e+01
2.535470278819980763e+02 5.753755609504892021e+01 6.684512862012310563e+01
2.535806082787709386e+02 5.778602650874224622e+01 6.702547573505971457e+01
2.536100382549841754e+02 5.802641984845141110e+01 6.720551938497756339e+01
2.536729842566026605e+02 5.832442556217660723e+01 6.729541553250447805e+01
2.537403473601608539e+02 5.853410456362343695e+01 6.741069545599451374e+01
2.537830409034061745e+02 5.875325228671620437e+01 6.758624230608891992e+01
2.538177554623703429e+02 5.894983324750484144e+01 6.767528629932073159e+01
2.538153154810073886e+02 5.904544312023345043e+01 6.777729039456582427e+01
2.538159806518060861e+02 5.923909978175041147e+01 6.778531229309203354e+01
2.538412080973049854e+02 5.936686161995144317e+01 6.778292748718703820e+01
2.538291154761028849e+02 5.957791387724073928e+01 6.785119792049829357e+01
2.538527918781725816e+02 5.981503040780793867e+01 6.788670945829962022e+01
2.537864464552833681e+02 5.944728904583241302e+01 6.754347826086956275e+01
2.532987137987689721e+02 5.749668947252262541e+01 6.635200716054832526e+01
2.526816529341082287e+02 5.534192844356163477e+01 6.503787488658377924e+01
2.525170093675666294e+02 5.483422533657029163e+01 6.491967985973172972e+01
2.528022082444395267e+02 5.578432220015204024e+01 6.548083265896661942e+01
2.531200526006032590e+02 5.686673287721621506e+01 6.613169768753525091e+01
2.533623004487603794e+02 5.776382451752127167e+01 6.662470879619411335e+01
2.535125095024399684e+02 5.836751452953726016e+01 6.701401150101767712e+01
2.536065897888619247e+02 5.877318595355452402e+01 6.737512567743200975e+01
2.536771438730719126e+02 5.907006363569484364e+01 6.747414416734103781e+01
2.536860914931704940e+02 5.912013842909340866e+01 6.750821807793226981e+01
2.536688093136173165e+02 5.906048456313298800e+01 6.749017876848377284e+01
2.536252881385026683e+02 5.896283013315677124e+01 6.740924250226832726e+01
2.535890991686897564e+02 5.889023149169916138e+01 6.732464626400843599e+01
2.535798818019078453e+02 5.889089053189141509e+01 6.726637178449692556e+01
2.536013511856592970e+02 5.907126523455700351e+01 6.732012494175923223e+01
2.536472387748596020e+02 5.930702996640427926e+01 6.744403675911621576e+01
2.537060466171313635e+02 5.958238002403197697e+01 6.757737744917727696e+01
2.537771861742563715e+02 5.984326185046224822e+01 6.785313212682999051e+01
2.538350407072267672e+02 6.010248841315382862e+01 6.801050479413423488e+01
2.538578097795434019e+02 6.023721155496701840e+01 6.803571078251060555e+01
2.538862987076681748e+02 6.032708931067460867e+01 6.809542595453542901e+01
2.538791657470756888e+02 6.023326957502636247e+01 6.812597783172711274e+01
2.538830832045906050e+02 6.027100345766203304e+01 6.809278059785674486e+01
2.538913043478260931e+02 6.032258944554795477e+01 6.810448086024669578e+01
2.538823107481792078e+02 6.032664790701095825e+01 6.806625652909585256e+01
2.539037923931435330e+02 6.046136798352092967e+01 6.805607972240613890e+01
2.539029249123323382e+02 6.050359866598003578e+01 6.812298609578459718e+01
2.537509073297530620e+02 5.962704455724760066e+01 6.755947301307045905e+01
2.531312930675102280e+02 5.721691618234876131e+01 6.610408850143456050e+01
2.524366739007822673e+02 5.463045930503445646e+01 6.484489565707839631e+01
2.522655870668726550e+02 5.434793643787243411e+01 6.471549081635154721e+01
2.526641439221167786e+02 5.538069533338237704e+01 6.543102761225139830e+01
2.530053183010863336e+02 5.666929669682924953e+01 6.611081071139557253e+01
2.532460702812722104e+02 5.756507025674979872e+01 6.661962652345569325e+01
2.533863385566100135e+02 5.812339071580960592e+01 6.688769342063316969e+01
2.534771236420706657e+02 5.850305304200691836e+01 6.712691581451237255e+01
2.535330347727997378e+02 5.883699637068098554e+01 6.723422288432772120e+01
2.535509667966355210e+02 5.893268900659653298e+01 6.723789511758502613e+01
2.535088587263051920e+02 5.885937308418548497e+01 6.708979805782388439e+01
2.534703309301356171e+02 5.869681392383334639e+01 6.700681416905760557e+01
2.534296237033767341e+02 5.864179173103803322e+01 6.689488768729002288e+01
2.534065848843767697e+02 5.867938154442237675e+01 6.685340493881655277e+01
2.534414588391083782e+02 5.890022131489246959e+01 6.684635780671423788e+01
2.535059191005174171e+02 5.910924127614703849e+01 6.704432428455822901e+01
2.535784165869687854e+02 5.938984219819024446e+01 6.726453260256504052e+01
2.536417549473993915e+02 5.971685794158758398e+01 6.740135854238701540e+01
2.536919278305009868e+02 5.991851504450820443e+01 6.758508362147183846e+01
2.537264124917236927e+02 6.010032124377743656e+01 6.775059466882464676e+01
2.537763769342063256e+02 6.030268030113538913e+01 6.782799970573088899e+01
2.538173845606807504e+02 6.054870460285931699e+01 6.800655055298069840e+01
2.538624046690698606e+02 6.081449091444125798e+01 6.805884462591039608e+01
2.538737585521959943e+02 6.090526067338581129e+01 6.809703830402904146e+01
2.538683758797420182e+02 6.099321954927781775e+01 6.812170479903872433e+01
2.538761801417396100e+02 6.112531879153485903e+01 6.810295433924324016e+01
2.538925304691140070e+02 6.111054709531867246e+01 6.818176021972092826e+01
2.538952923073150316e+02 6.119873893425537403e+01 6.819638478138257653e+01
2.539394112165575450e+02 6.136207668162534645e+01 6.829010336202456699e+01
2.539528832242085343e+02 6.141532712915961412e+01 6.832616358910223653e+01
2.538196344932440809e+02 6.079470744746070210e+01 6.783819796954314540e+01
2.532508337624757928e+02 5.853754689913926512e+01 6.645954106280193230e+01
2.524153209985531703e+02 5.612731736923416292e+01 6.512824922141298600e+01
2.522739982589077670e+02 5.567337048480835904e+01 6.508932600112802902e+01
2.526542491233232681e+02 5.659183648446504122e+01 6.574366095294146817e+01
2.530761697197086733e+02 5.772500858284901426e+01 6.638076277005320947e+01
2.533054758576718370e+02 5.859715172024816354e+01 6.678908874665881967e+01
2.534462591039505526e+02 5.902714632531449723e+01 6.699351381838691566e+01
2.535046378037715442e+02 5.920666887368498266e+01 6.715864170283724377e+01
2.535489590230265549e+02 5.927905600922043305e+01 6.724416059736628881e+01
2.535427732411290265e+02 5.919260526251256493e+01 6.711833909610338367e+01
2.535322316633561286e+02 5.904648225802496597e+01 6.699589249368547428e+01
2.534868529144902993e+02 5.881338433997891002e+01 6.683964785796611352e+01
2.534377682140317347e+02 5.870890961033865807e+01 6.664662264891242671e+01
2.534141531180264337e+02 5.869903013806125358e+01 6.653244929988474610e+01
2.534478561269280874e+02 5.879088194904240083e+01 6.656082481179038268e+01
2.534978880060815527e+02 5.896262782314426687e+01 6.665113170994874281e+01
2.535454094018980413e+02 5.919171938988204573e+01 6.678681735697294641e+01
2.535765620785207943e+02 5.939682189362171982e+01 6.690528213050835404e+01
2.536272683243826407e+02 5.950341781309007416e+01 6.692802361509600928e+01
2.536386283381152111e+02 5.957280095147012133e+01 6.694114617817994883e+01
2.536773063341425711e+02 5.979579256480050731e+01 6.714558657642413664e+01
2.537272462541994571e+02 6.002352007160548197e+01 6.723999178498736740e+01
2.537277244415017492e+02 6.010157188749111157e+01 6.723687437161284208e+01
2.537527587728978062e+02 6.025724024620515706e+01 6.724862061355109688e+01
2.537745408175776731e+02 6.034842075578116294e+01 6.734405576399618099e+01
2.537962462296770525e+02 6.042953787488658435e+01 6.732510912479462206e+01
2.538025791461291476e+02 6.045916403050589594e+01 6.736922803403712123e+01
2.537933341916182428e+02 6.047969236616886235e+01 6.744140059834718670e+01
2.538259796709090494e+02 6.062628436204909121e+01 6.751789524019716282e+01
2.538422503003997122e+02 6.073238063709261780e+01 6.756186394958189112e+01
2.538758061747467991e+02 6.093458642928958824e+01 6.773648201280070680e+01
2.539303808332720394e+02 6.125964650923269517e+01 6.794980565977586195e+01
2.539394602614090672e+02 6.140936817970033701e+01 6.800965263983913189e+01
2.538176236543318964e+02 6.081855244120748694e+01 6.745821991711420651e+01
2.533092002010838826e+02 5.901307964883886115e+01 6.635347544079060356e+01
2.526804452046396534e+02 5.695438828808945431e+01 6.532563329164520383e+01
2.525767858456558486e+02 5.679336790995365192e+01 6.529052330856568176e+01
2.529426972216091656e+02 5.768430135609014542e+01 6.589460567939380553e+01
2.532767202481669528e+02 5.867034503053042016e+01 6.661715588906054109e+01
2.534985715686995889e+02 5.945475918977905394e+01 6.694908224821598708e+01
2.536095999166237505e+02 5.986443083449815106e+01 6.723986917285857601e+01
2.536854814978297554e+02 6.017739522793594631e+01 6.739069128718212198e+01
2.537226115157311312e+02 6.031087385664189782e+01 6.746039934770347202e+01
2.537303360798450171e+02 6.035654687461683920e+01 6.749257277029843749e+01
2.536961671448539732e+02 6.027016969518624734e+01 6.746037789058092926e+01
2.536629791068932605e+02 6.018015706613698512e+01 6.733236776281910352e+01
2.536327705436621898e+02 6.007669082125603666e+01 6.722318779273645362e+01
2.536186333652124745e+02 5.999218654209274604e+01 6.725858591431864397e+01
2.536567565413570833e+02 6.013971345545501634e+01 6.730417310380342144e+01
2.537102184948135175e+02 6.039771696216189412e+01 6.736793447607837493e+01
2.537666537923931571e+02 6.061741643983422989e+01 6.753797604159002788e+01
2.538198919787145371e+02 6.082048358223595130e+01 6.765057995536918156e+01
2.538504469212094534e+02 6.089368608842787012e+01 6.770082947105127857e+01
2.538746904043748032e+02 6.103423637166188342e+01 6.778587324358124988e+01
2.538925825792687476e+02 6.114131660903896659e+01 6.785473528041393365e+01
2.539149684886828879e+02 6.122014701194242292e+01 6.788301270261653997e+01
2.539217703965276201e+02 6.131532467691704369e+01 6.794277998479608982e+01
2.539463388018342869e+02 6.142104085436131555e+01 6.799523345349321346e+01
2.539510961524314041e+02 6.148451408813360075e+01 6.803057946492066321e+01
2.539534932195492729e+02 6.145147011942421500e+01 6.805529807008508669e+01
2.539502899776846050e+02 6.149809951200372637e+01 6.805669584835331420e+01
2.539513291154761134e+02 6.154376946467544229e+01 6.806498136295643064e+01
2.539651045881458629e+02 6.159238823904460958e+01 6.818920277593859680e+01
2.539574658525221196e+02 6.161312808062973545e+01 6.813901150101767712e+01
2.539772370582898020e+02 6.174959537997498416e+01 6.824513229848696483e+01
2.540124573922852562e+02 6.187264584712719540e+01 6.831197736580102742e+01
2.540157740503690604e+02 6.197043208514186574e+01 6.838012825228670977e+01
2.539960028446013780e+02 6.181139802349248669e+01 6.823769587287574723e+01
2.538043539566934044e+02 6.084471786949165306e+01 6.746182471370067901e+01
2.532697773363741192e+02 5.891053299492385520e+01 6.629598874420658206e+01
2.527189147600480510e+02 5.715176009710880578e+01 6.550171963510629780e+01
2.527560938228009491e+02 5.727634934647735321e+01 6.554876897422693105e+01
2.530430062041737074e+02 5.815101216312317689e+01 6.601845619068637916e+01
2.533175378258417254e+02 5.900486463620981681e+01 6.654267821672920036e+01
2.534912424287010424e+02 5.963197356482503153e+01 6.683626376321146267e+01
2.535949845508717715e+02 6.002696240712131015e+01 6.707563942225165476e+01
2.536636105593565276e+02 6.029779114249981831e+01 6.729986328747639845e+01
2.537037200519875455e+02 6.041997106353760216e+01 6.735624954020451582e+01
2.536790750141003912e+02 6.031306248314083263e+01 6.731751330341597850e+01
2.536639201549817244e+02 6.021088979621864468e+01 6.726886081071140211e+01
2.536398513940999067e+02 6.016010385247308534e+01 6.724855624218348282e+01
2.536116138208391533e+02 6.008810294514333350e+01 6.718328674072439810e+01
2.535846330218985258e+02 6.009601142745040647e+01 6.699870644204125369e+01
2.535965693126364044e+02 6.015476715956742737e+01 6.697042595453542901e+01
2.536376351798720066e+02 6.033332720272689187e+01 6.705878638514921875e+01
2.536940980651806115e+02 6.053762046641654138e+01 6.723782155030775698e+01
2.537651395326025749e+02 6.077637080359988886e+01 6.739145454768384980e+01
2.538169891365653825e+02 6.090698337379533456e+01 6.760039174575149445e+01
2.538704020451702945e+02 6.114338875401554674e+01 6.777284263959390387e+01
2.539039517889109732e+02 6.130011770764364343e+01 6.792364942740135803e+01
2.539276465827999800e+02 6.143848242968194739e+01 6.805361521861742347e+01
2.539423355158292281e+02 6.154227359670418451e+01 6.811992385786801663e+01
2.539634339978910589e+02 6.177682753377963820e+01 6.806145932955688238e+01
2.539543147208121923e+02 6.186760342333063534e+01 6.810263248240515566e+01
2.539588513695774736e+02 6.195599757227984838e+01 6.815992606488633498e+01
2.539696381716079259e+02 6.203175960666028743e+01 6.816814107751538643e+01
2.539729425684788851e+02 6.201165121753843579e+01 6.814163846587705109e+01
2.539805996959219101e+02 6.198417383947619896e+01 6.816084565585227040e+01
2.539978113735010652e+02 6.195029610829103461e+01 6.817158034772799624e+01
2.540058547291498030e+02 6.198224576375095296e+01 6.802285490080679153e+01
2.540310515216165186e+02 6.209046322862257483e+01 6.816173765908924054e+01
2.540650058853821918e+02 6.234584896637975504e+01 6.834467188994335629e+01
2.540535784349787889e+02 6.234031915937124779e+01 6.834701991220971706e+01
2.539871103999607556e+02 6.199000404620024796e+01 6.797827006547487372e+01
2.537390813899311013e+02 6.099697454572206112e+01 6.715597795433924944e+01
2.534075044753427051e+02 5.971402560141249438e+01 6.636281541970132025e+01
2.532817350842345263e+02 5.937892358812133864e+01 6.611267135044998611e+01
2.533791350940435052e+02 5.954901419848451383e+01 6.641575933691360945e+01
2.535493942960837614e+02 6.015723472865936117e+01 6.689788555383898938e+01
2.536969058829299399e+02 6.073986610755535764e+01 6.720340126045267937e+01
2.538146503102086911e+02 6.115125432207754130e+01 6.746182471370067901e+01
2.538941182961818583e+02 6.146287917800828637e+01 6.768386914833615720e+01
2.539270120650334661e+02 6.167108070330316849e+01 6.786296868486230949e+01
2.539305862085877550e+02 6.180359989210132454e+01 6.788044091321513918e+01
2.539185058485985564e+02 6.184775558498246539e+01 6.782493746781432264e+01
2.539062906152676646e+02 6.186181919615488312e+01 6.780626364059932598e+01
2.538906207852080854e+02 6.179375413815934337e+01 6.778599279040682291e+01
2.538600259937713020e+02 6.173910591235684819e+01 6.779332499570857351e+01
2.538621717060251513e+02 6.172843252654552515e+01 6.783792515755658314e+01
2.538650040462002551e+02 6.181345484195296791e+01 6.791127479830305447e+01
2.538862006179651303e+02 6.205622072635424757e+01 6.800178707177714443e+01
2.539089604943721099e+02 6.224380195688957684e+01 6.816405502832340346e+01
2.539182759508570655e+02 6.241748203732313272e+01 6.826980798940631701e+01
2.539380502219279663e+02 6.253773081733245220e+01 6.829713516761077585e+01
2.539640838421736646e+02 6.267904742637141879e+01 6.835459121116261372e+01
2.539915366978101474e+02 6.274099720444346673e+01 6.842059945069766513e+01
2.540153847568601577e+02 6.282811005664680692e+01 6.847295176438854014e+01
2.540493207288064923e+02 6.289478653228377425e+01 6.854957208367051180e+01
2.540461542705804447e+02 6.298578925427302977e+01 6.858827460212364713e+01
2.540955516319674246e+02 6.306647110032124459e+01 6.865264290443610662e+01
2.540920633169033067e+02 6.307479033325976303e+01 6.864420718997523352e+01
2.540919744231099457e+02 6.311669302827435502e+01 6.865193788469555614e+01
2.541052104024130074e+02 6.326053544716643273e+01 6.870076203438044615e+01
2.541006339047058589e+02 6.332325155104342684e+01 6.878587937418770082e+01
2.541167390078226447e+02 6.352386645086932049e+01 6.880947914367689577e+01
2.541241601069177705e+02 6.369950526006032732e+01 6.891623445891266897e+01
2.541416813801221224e+02 6.386030800166752641e+01 6.904884867211065114e+01
2.541333590818803714e+02 6.381909193457416762e+01 6.886684935873856261e+01
2.540649231221952391e+02 6.330123654331886485e+01 6.837986770151303517e+01
2.538504469212094534e+02 6.209192537825841640e+01 6.754765013855170253e+01
2.535447656882218723e+02 6.085829409745211649e+01 6.674111368596581428e+01
2.534634891733490178e+02 6.062709360209912290e+01 6.658897349125776088e+01
2.535755566590647163e+02 6.083207349370999850e+01 6.698645442507172731e+01
2.537707827558301972e+02 6.149106464111429915e+01 6.752653632997376576e+01
2.539356991343583729e+02 6.209182728855538613e+01 6.799843363005469143e+01
2.540209206944751088e+02 6.256991650114029113e+01 6.832682569459771571e+01
2.540756363569484222e+02 6.287580310944358786e+01 6.852850425464086470e+01
2.541016699771941489e+02 6.304673974349542931e+01 6.861412123887295422e+01
2.540983012089555757e+02 6.318447914367689577e+01 6.867972792368621526e+01
2.540989878368768302e+02 6.322901186885406588e+01 6.864295041565512179e+01
2.540992391917408497e+02 6.317263174673238524e+01 6.858571200863188722e+01
2.540681754089114577e+02 6.320751796267686728e+01 6.859720996100934087e+01
2.540760808259153123e+02 6.329889465165894080e+01 6.853787182128056088e+01
2.540766295151916552e+02 6.343241925991318908e+01 6.860250680497314590e+01
2.541119387429804419e+02 6.350473282817136322e+01 6.865927315530052510e+01
2.541441581451237255e+02 6.345297824860835334e+01 6.862583682777899696e+01
2.541584240663086405e+02 6.344823315922410956e+01 6.862496628166458379e+01
2.541900702567498058e+02 6.351279764094264380e+01 6.877429252801687198e+01
2.542109848206184495e+02 6.365514419186345663e+01 6.888027232153804391e+01
2.542218911694744747e+02 6.378780131930650299e+01 6.902309399445793758e+01
2.542392898305500353e+02 6.382982049584344963e+01 6.904891610878148356e+01
2.542315254174943107e+02 6.392303943206061945e+01 6.905625750999288925e+01
2.542437498467348291e+02 6.408075541332549108e+01 6.918770997327055738e+01
2.542171767331224430e+02 6.419178989185610362e+01 6.916252237671351111e+01
2.542150616739007774e+02 6.423137215233330721e+01 6.914247222835282969e+01
2.542110890409279307e+02 6.427263726427818824e+01 6.922473270555923364e+01
2.542101449275362199e+02 6.425495353000319199e+01 6.921046984967753701e+01
2.542478052428946285e+02 6.423059050001225501e+01 6.920462125113415652e+01
2.542343087128178638e+02 6.422387442065769392e+01 6.920009379827853024e+01
2.542527066627430656e+02 6.436446761813678563e+01 6.938157201010324115e+01
2.542654981730792940e+02 6.456114666862846718e+01 6.948916108781480716e+01
2.542647165207582418e+02 6.463742060864660743e+01 6.942282486083523452e+01
2.542380851663846499e+02 6.448689582873538484e+01 6.925493820348708596e+01
2.541301343828931465e+02 6.391941930895804092e+01 6.874719831285710825e+01
2.539414005983472009e+02 6.304604698496775228e+01 6.823505358150028144e+01
2.537841566737781704e+02 6.240780180975502134e+01 6.775286912381372417e+01
2.537674538365335195e+02 6.233153706564653618e+01 6.772384683292871443e+01
2.538231044164888885e+02 6.266075982736212069e+01 6.794280450722185094e+01
2.539367873170014036e+02 6.316222810760440609e+01 6.835237499693469942e+01
2.540239951936045486e+02 6.355977647808921205e+01 6.863133291645209511e+01
2.540953830402903577e+02 6.388770568184605025e+01 6.887524828956080114e+01
2.541552453468697195e+02 6.413304335564873782e+01 6.899921834767894779e+01
2.541611797739032284e+02 6.420100112803157799e+01 6.905484747051178829e+01
2.541772388974717387e+02 6.423884229627994102e+01 6.901909683905931558e+01
2.541786305451335295e+02 6.430623298756712813e+01 6.895461818583093816e+01
2.541674667108070196e+02 6.432011268054635877e+01 6.901192709482822352e+01
2.541367094582996060e+02 6.424230302361509359e+01 6.891898710120405269e+01
2.541152584663674929e+02 6.418716128399421450e+01 6.888178351602540772e+01
2.541198993354422555e+02 6.419171938988205284e+01 6.891374543269820663e+01
2.541229217244169831e+02 6.422498406042325314e+01 6.886739804801490550e+01
2.541241662375242072e+02 6.426426898648814756e+01 6.890069950219475459e+01
2.541379601020132952e+02 6.431787194389268336e+01 6.890699870031143348e+01
2.541618449447019259e+02 6.436639262855881327e+01 6.901351492189607484e+01
2.541622832830623508e+02 6.442858763088844398e+01 6.901878111282768202e+01
2.541768802569950196e+02 6.443504929007576720e+01 6.909412626597023177e+01
2.541718194413791423e+02 6.441348794722773619e+01 6.908029561784252337e+01
2.541668321930405341e+02 6.445505345888815896e+01 6.911189889403860320e+01
2.541961518183378814e+02 6.461848316535471781e+01 6.908686762794575031e+01
2.541933715883175182e+02 6.468904338017117084e+01 6.906803747026656026e+01
2.541867137497241345e+02 6.477801993673213587e+01 6.904378172588832285e+01
2.541983312489271327e+02 6.481953027293459968e+01 6.906027918781725816e+01
2.542082873537850389e+02 6.483022511586845837e+01 6.899529782486084173e+01
2.542078735378503609e+02 6.479764094264204743e+01 6.899237352558914438e+01
2.542125481252605539e+02 6.491832499570857351e+01 6.905981939233429046e+01
2.542168027661296321e+02 6.491330709433776747e+01 6.904721180019127758e+01
2.541733091787439491e+02 6.464201549817308035e+01 6.883634346109516855e+01
2.540317013658991243e+02 6.397979965178155481e+01 6.833794967998234426e+01
2.539166237524216001e+02 6.334773412785992974e+01 6.794101743544472072e+01
2.538498001422300661e+02 6.314979523774491810e+01 6.793182765639177489e+01
2.538865316707128557e+02 6.345221192280340716e+01 6.809158512960101461e+01
2.539666341744525369e+02 6.388320581671938925e+01 6.842630397998969727e+01
2.540493942960837614e+02 6.429085436131342135e+01 6.860058485985433663e+01
2.541352350474508910e+02 6.461543625395424328e+01 6.893427070305794757e+01
2.541856316976875405e+02 6.477982540032860470e+01 6.904616346649009984e+01
2.542013168542632116e+02 6.483334252924299790e+01 6.907748780009318068e+01
2.542138662056450755e+02 6.482206221339414753e+01 6.917242637141666250e+01
2.542341339905343318e+02 6.481981841143725376e+01 6.917090598101964360e+01
