1.488785410447906372e+02 1.748361879632044091e-01 1.735216701498210412e+01
1.489173020018083946e+02 1.780235661014486492e-01 1.738448575798498652e+01
1.493609040893659312e+02 1.871705759723319429e-01 1.756709645029597056e+01
1.513756929012405692e+02 2.370750324640366058e-01 1.847870475953262215e+01
1.535900217032300645e+02 2.676736031383415426e-01 1.823376960328363339e+01
1.546442162124295976e+02 3.036506311838962913e-01 1.784247191098691943e+01
1.564904047853481757e+02 3.403307764255960599e-01 1.783783159694520393e+01
1.585880848877801554e+02 4.111665907767109718e-01 1.847601942263959529e+01
1.600450721473484634e+02 4.756782421551190576e-01 1.879194347041524082e+01
1.599028790184380284e+02 4.760570433013817104e-01 1.851047994883590064e+01
1.584809983226373902e+02 4.335586681247916019e-01 1.794734015434849539e+01
1.579569295313114310e+02 4.578719937523756389e-01 1.778917770314184565e+01
1.577593328429674671e+02 5.088505850012907672e-01 1.779754116543621123e+01
1.578035449041516358e+02 5.370219743582758110e-01 1.794352749486607834e+01
1.580051618142499308e+02 5.809888526087334526e-01 1.807596260246765496e+01
1.581376254616639017e+02 5.508508107252615416e-01 1.804467518450340080e+01
1.584309148436861392e+02 5.159349447949219680e-01 1.806904948154836177e+01
1.591601472654319309e+02 4.725505381700531582e-01 1.830456520244456442e+01
1.600277095633019542e+02 4.960686408433255257e-01 1.855233877276212340e+01
1.608108290426319797e+02 5.296418383271518371e-01 1.880671671511948517e+01
1.615882846664668762e+02 5.428012863671802801e-01 1.906220900742424362e+01
1.622710400037361183e+02 5.656902159036807376e-01 1.928279710917645673e+01
1.629607733251346247e+02 6.507219923902481939e-01 1.950476939182956926e+01
1.640230471957688394e+02 7.937544512377846528e-01 1.990510771833280756e+01
1.646587157343877550e+02 8.620956265332041513e-01 2.014078948904655064e+01
1.649041282838621498e+02 9.051699870143853355e-01 2.021132433810337403e+01
1.650113575480668828e+02 9.160190075150514977e-01 2.029387963723304011e+01
1.646328210437009432e+02 8.915694691465169130e-01 2.023410170291871424e+01
1.617524158302555861e+02 7.360832739834961558e-01 1.943608833331387586e+01
1.571303426204477489e+02 5.884559053412259377e-01 1.809949108325452372e+01
1.543158423201310825e+02 5.210747055534583616e-01 1.737683189920776172e+01
1.537204745911347459e+02 5.004352321389421432e-01 1.719829202195489870e+01
1.542246641058671344e+02 4.950814227874834605e-01 1.718210865106576790e+01
1.555297391331421295e+02 4.871655166419537886e-01 1.740859281860484487e+01
1.571107150131088588e+02 5.488919417839718262e-01 1.779825855253855238e+01
1.587841754523884674e+02 5.666086789569476645e-01 1.823158501037162793e+01
1.605210682192324612e+02 6.111048410008134146e-01 1.871014188178550341e+01
1.620892958839104097e+02 6.735745985291619053e-01 1.923392008593078017e+01
1.630853781460278356e+02 7.547846346839151010e-01 1.963153026582240557e+01
1.631657384741318992e+02 7.923832429788818521e-01 1.960965060783314229e+01
1.622548903617161784e+02 7.952579804450394807e-01 1.937968717771092386e+01
1.608443244042638582e+02 7.635217090677470786e-01 1.908078193896890795e+01
1.597415019465449291e+02 7.723898071357314654e-01 1.888380923470493045e+01
1.591403211766705112e+02 7.843181514504062868e-01 1.877683293701911893e+01
1.589177300989942410e+02 8.211202395268617504e-01 1.880810997686977970e+01
1.591640494361441256e+02 8.578860042057305790e-01 1.894687962555765992e+01
1.598281916266784890e+02 9.032565223200791360e-01 1.919467654663080936e+01
1.607140764841026623e+02 9.813764751515529072e-01 1.934526038038380946e+01
1.614800565088285396e+02 1.015363499915029166e+00 1.953974233738468769e+01
1.621462367014203778e+02 1.071071916435429427e+00 1.972564808076247900e+01
1.627781639300878282e+02 1.116799182204648577e+00 1.988720287785089980e+01
1.633741712103345378e+02 1.126426179829357777e+00 2.009042709829241247e+01
1.638081826236649476e+02 1.130773312161981625e+00 2.024369497167423759e+01
1.640809544751074327e+02 1.128910440771456969e+00 2.038152929287425863e+01
1.642102216635337868e+02 1.132161384855478348e+00 2.045252985977871418e+01
1.642355624224073836e+02 1.120271958466789286e+00 2.048918795152902206e+01
1.641518772061599236e+02 1.143303587065238158e+00 2.050019134646943186e+01
1.640398675233799395e+02 1.181475586136397027e+00 2.046630161652091928e+01
1.639398523453888004e+02 1.271959764053587350e+00 2.047293193384471621e+01
1.623555476854860729e+02 1.312823586338770276e+00 2.013152961719030642e+01
1.585725112310647944e+02 1.172528354952241170e+00 1.904023464914840957e+01
1.564743096284246064e+02 1.080881828312272308e+00 1.855473092794605350e+01
1.564042794151414171e+02 1.013219122193206756e+00 1.844182094381159587e+01
1.571153371654517912e+02 9.914069219423158330e-01 1.857456090850006447e+01
1.586270248672574326e+02 1.066975156093314725e+00 1.898381533184666736e+01
1.603368398384646696e+02 1.180453341947167667e+00 1.950345266866704819e+01
1.617969418293760384e+02 1.162876709307741008e+00 1.975064765915161402e+01
1.631750774791043170e+02 1.172682729391985257e+00 2.014642739925770698e+01
1.644922832239091122e+02 1.161976407953267287e+00 2.045143756332270968e+01
1.653920124848706621e+02 1.168331705266762999e+00 2.071281294877233492e+01
1.653836230772922988e+02 1.101775565509896193e+00 2.060868155147609215e+01
1.640499719142300705e+02 9.714459177041536719e-01 2.013889548331523827e+01
1.618186191141501808e+02 9.488605479903431394e-01 1.953066927157317778e+01
1.605843811984904903e+02 8.719976441682136814e-01 1.915122987132436450e+01
1.601008337517010318e+02 8.591067298174879241e-01 1.894173597300652645e+01
1.602103215528771329e+02 8.658654762970371399e-01 1.897136808185218371e+01
1.606861930873979816e+02 8.982179481691061618e-01 1.904958662676282088e+01
1.614168135818372605e+02 8.814910235803713467e-01 1.912373695114373362e+01
1.624794467946547627e+02 7.976332711943782128e-01 1.922312555052649330e+01
1.637298343523343647e+02 7.737545290736366210e-01 1.944340879519182153e+01
1.648679099646755049e+02 7.970248542847987450e-01 1.968449237403240204e+01
1.656064372844109016e+02 8.174943860891765723e-01 1.991613446402881138e+01
1.660731371610410747e+02 8.345910309747772704e-01 2.024871408686221486e+01
1.665847742695429474e+02 8.240546511461978030e-01 2.054910728764109251e+01
1.671832320818625703e+02 8.125660793951635652e-01 2.080519372694923774e+01
1.677656673840537565e+02 8.361918549969968861e-01 2.095906482818384475e+01
1.681589304316127595e+02 8.160907462252855460e-01 2.104499431149648458e+01
1.684537946923732648e+02 8.602158907080856842e-01 2.103177259477487837e+01
1.686547032962185995e+02 8.835627545070201538e-01 2.092811859070406300e+01
1.682110376427152687e+02 8.263663759497595906e-01 2.060775660210182636e+01
1.646965063377842569e+02 6.999142508364111226e-01 1.947574699715769242e+01
1.608453985390210619e+02 6.268095214003188698e-01 1.855017104428470631e+01
1.594439289981358172e+02 6.219590505582776041e-01 1.820100849318871283e+01
1.591360324212268722e+02 5.849818318148856111e-01 1.814760142335827808e+01
1.593853289797146715e+02 5.672482302073157401e-01 1.813571329423379197e+01
1.601954030145825527e+02 5.262001964057998471e-01 1.823677925622654428e+01
1.614411580418056360e+02 5.179677577955849044e-01 1.839379622314501006e+01
1.628574423398494844e+02 4.809918363163923627e-01 1.862571203588751700e+01
1.640615577807960790e+02 4.543914339050376672e-01 1.880557252809549951e+01
1.650455599186874736e+02 4.831011879048275337e-01 1.904612422861427490e+01
1.656972198330939818e+02 5.029752754416211280e-01 1.924596258949501504e+01
1.654591030974777368e+02 4.864481295396139160e-01 1.913471310353595456e+01
1.638615546673620145e+02 4.715762927562064388e-01 1.873957421194442929e+01
1.621164580017201615e+02 4.399580724210712113e-01 1.831060526455757298e+01
1.616828085251014215e+02 2.343974791562074833e-01 1.771403237711989220e+01
1.631382481484796756e+02 5.343042058602612970e-02 1.703334877077730880e+01
1.656229021616313446e+02 1.547506463618874076e-02 1.661122289204297076e+01
1.685223667806961885e+02 5.467968601017314176e-03 1.656656976103096213e+01
1.708786746630031814e+02 2.454423865510025910e-03 1.679451724258710854e+01
1.718546285738007100e+02 6.260597026929907646e-03 1.709736616449569624e+01
1.727550207367682162e+02 1.618207362493238183e-02 1.754524792664749455e+01
1.741363191166149704e+02 4.292258056983627029e-02 1.817760973882179698e+01
1.747553930515935008e+02 6.721514997022778881e-02 1.857174973697968312e+01
1.757244364360001327e+02 5.498713762546166700e-02 1.871774774178734546e+01
1.772041621424577613e+02 1.329306625257993361e-02 1.857912468395401007e+01
1.782912941896833843e+02 2.388263391334015818e-03 1.805496508413407142e+01
1.790026931204782272e+02 1.686443459388495541e-04 1.726884762723891598e+01
1.788703773611829888e+02 1.297264199529611899e-06 1.667987281621787687e+01
1.793488732611795058e+02 0.000000000000000000e+00 1.624982713954541325e+01
1.793902378274457021e+02 0.000000000000000000e+00 1.611024540346862466e+01
1.777703868312116526e+02 0.000000000000000000e+00 1.518688258332003649e+01
1.760283854379499076e+02 0.000000000000000000e+00 1.436885891343745136e+01
1.741579808342187050e+02 0.000000000000000000e+00 1.417774724882694848e+01
1.737551374905461898e+02 0.000000000000000000e+00 1.413910174832296107e+01
1.742769529339575740e+02 0.000000000000000000e+00 1.424794091739929591e+01
1.756872750057403891e+02 0.000000000000000000e+00 1.461762229633925081e+01
1.775190769186861814e+02 0.000000000000000000e+00 1.517130244028368580e+01
1.799178468527721861e+02 0.000000000000000000e+00 1.595162631526373964e+01
1.820278483705712915e+02 0.000000000000000000e+00 1.668293695425716550e+01
1.832309778907262512e+02 0.000000000000000000e+00 1.719528755806878806e+01
1.840487278378627423e+02 0.000000000000000000e+00 1.754396493235415733e+01
1.840581174361389287e+02 9.080849396707284775e-06 1.773778139282067912e+01
1.830669427244883138e+02 1.037811359623689519e-05 1.780861072085079755e+01
1.820268027756264928e+02 3.891792598588836332e-06 1.768499182074922160e+01
1.815376563365518336e+02 6.486320997648059706e-06 1.745523076384213468e+01
1.813426943917971528e+02 2.594528399059223798e-06 1.727825668447810514e+01
1.813733215022838294e+02 0.000000000000000000e+00 1.716428553822843028e+01
1.818410384340464532e+02 7.783585197177672664e-06 1.710292623885487728e+01
1.828433631314919978e+02 1.297264199529611899e-06 1.722102009073065787e+01
1.836666394241184719e+02 0.000000000000000000e+00 1.742739017685602931e+01
1.838789224404653169e+02 9.080849396707284775e-06 1.751708432087570699e+01
1.839170114146276944e+02 1.556717039435534533e-05 1.756142221668722669e+01
1.839527847721939224e+02 0.000000000000000000e+00 1.753509034796517696e+01
1.847100912884817205e+02 5.189056798118447596e-06 1.769579932879550199e+01
1.856583070961648900e+02 3.891792598588836332e-06 1.799564638134637917e+01
1.856686968851389281e+02 3.891792598588836332e-06 1.802568064209388865e+01
1.854320590307101213e+02 5.189056798118447596e-06 1.789804541203056942e+01
1.851639871674625510e+02 5.189056798118447596e-06 1.786188417246868099e+01
1.847613345216273331e+02 1.167537779576650730e-05 1.776091031623409222e+01
1.833777737130166088e+02 0.000000000000000000e+00 1.727898055790144127e+01
1.789312086740273458e+02 0.000000000000000000e+00 1.549030619326901537e+01
1.743735173891779766e+02 0.000000000000000000e+00 1.391156290498966719e+01
1.721772465048459253e+02 0.000000000000000000e+00 1.305897492777481617e+01
1.719270626176456460e+02 0.000000000000000000e+00 1.288627922574083584e+01
1.720159122426714191e+02 0.000000000000000000e+00 1.296485711283474274e+01
1.728124389475036082e+02 0.000000000000000000e+00 1.327924519979814555e+01
1.749992501812926662e+02 0.000000000000000000e+00 1.404116608484367390e+01
1.785839959110232371e+02 0.000000000000000000e+00 1.522343429940598192e+01
1.815680953437295955e+02 2.594528399059223798e-06 1.626821585957374339e+01
1.827836448713308641e+02 0.000000000000000000e+00 1.680515351175905181e+01
1.832179935733531693e+02 1.297264199529611899e-06 1.698755275000551279e+01
1.829490136251658896e+02 2.594528399059223798e-06 1.690479118586812390e+01
1.813330544215304485e+02 0.000000000000000000e+00 1.635109547475329350e+01
1.794872018400395461e+02 0.000000000000000000e+00 1.566657196638010063e+01
1.780268157482684899e+02 0.000000000000000000e+00 1.514910754709393359e+01
1.764676559603452404e+02 0.000000000000000000e+00 1.450833557111407757e+01
1.747783520333967715e+02 0.000000000000000000e+00 1.396258171142876847e+01
1.743311759829695120e+02 0.000000000000000000e+00 1.411660848436731719e+01
1.750007407378579387e+02 0.000000000000000000e+00 1.462283081210036073e+01
1.768814222685778077e+02 0.000000000000000000e+00 1.535505991414705562e+01
1.789704522133273201e+02 0.000000000000000000e+00 1.597070388258202200e+01
1.802053011404249503e+02 0.000000000000000000e+00 1.640941528410734662e+01
1.817873861812823009e+02 0.000000000000000000e+00 1.699361227108151695e+01
1.829908192612599294e+02 6.486320997648059706e-06 1.751025163033678211e+01
1.841671278440896060e+02 6.486320997648059706e-06 1.800964645658770280e+01
1.851639741948205540e+02 2.335075559153301460e-05 1.847532019723604790e+01
1.860237853390983673e+02 1.945896299294418098e-04 1.925617724780211049e+01
1.862562031930860940e+02 1.481475715862816834e-03 1.975986601855347402e+01
1.861516540767176195e+02 5.298026990878935277e-03 1.997139013534357233e+01
1.843185639804216862e+02 2.582853021263457546e-03 1.940154867400139693e+01
1.808104242962017452e+02 6.616047417601021426e-05 1.786484582663620557e+01
1.797560585481278395e+02 2.335075559153301460e-05 1.729303382097494435e+01
1.798360776957474343e+02 4.151245438494758077e-05 1.717348833045989309e+01
1.805214068051885477e+02 7.653858777224711114e-05 1.741540994197337255e+01
1.817080156657624741e+02 2.983707658918107516e-05 1.777865170142685969e+01
1.825950122786056511e+02 1.323209483520204285e-04 1.814021739553455603e+01
1.825974848641699566e+02 2.802090670983961888e-04 1.819020747146343098e+01
1.823397911145185901e+02 9.612727718514424554e-04 1.830218991169522624e+01
1.823090005487427447e+02 3.577854662302669842e-03 1.860293077927957839e+01
1.820453186275463793e+02 1.723545215495042582e-02 1.903297905048044214e+01
1.812285091969545476e+02 4.372947890194368858e-02 1.932107678117617766e+01
1.798077117167605365e+02 4.317814161714360333e-02 1.905521545612457857e+01
1.782873375338748190e+02 1.351619569489902715e-02 1.840388115503215261e+01
1.771558909415932703e+02 3.607691738891851026e-03 1.767240835801378296e+01
1.767467908926864197e+02 7.109007813422273418e-04 1.716119286037675096e+01
1.766743827941254779e+02 6.421457787671579643e-04 1.710924651003498553e+01
1.763799998183829985e+02 3.566179284506903330e-03 1.739709776053281232e+01
1.758012279902912667e+02 1.701621450522992213e-02 1.781635668538618944e+01
1.755432981385555991e+02 3.743385574162648444e-02 1.817567162610770026e+01
1.754024450835632649e+02 5.359257861096733411e-02 1.846830070065239582e+01
1.750898913281779983e+02 8.287572338694926266e-02 1.870963465148348703e+01
1.751393119051232929e+02 1.133769992462894949e-01 1.902319248935918949e+01
1.764613525535997098e+02 1.436590374559092442e-01 1.954589526148305723e+01
1.764270827252407514e+02 2.499789194567576534e-01 1.995886764402551350e+01
1.765138515384904849e+02 2.830137522977791975e-01 2.016675552926433568e+01
1.765887075745959294e+02 3.297840184834203159e-01 2.041415029843562934e+01
1.761306578556482236e+02 3.683944928540201502e-01 2.054562932232215644e+01
1.732887606327016954e+02 2.454761154201903495e-01 1.960078769882195360e+01
1.692841761010205630e+02 1.518979623871218043e-01 1.831874689467382211e+01
1.672391169263140966e+02 1.067038722039091725e-01 1.774161351126609176e+01
1.664150441134690936e+02 7.369498464687819494e-02 1.744543123007888497e+01
1.661050628329915071e+02 7.244571922273118636e-02 1.735297131878581212e+01
1.665854877648527008e+02 7.361585153070689114e-02 1.742041089546255961e+01
1.674626290615720450e+02 9.357815303306855903e-02 1.774512909724681720e+01
1.684741721184194603e+02 1.379705339409718901e-01 1.813431224889829707e+01
1.695066659920892960e+02 1.643776439865966554e-01 1.855420164415264495e+01
1.703149381269840035e+02 1.916098140631222746e-01 1.883672113879040566e+01
1.704631285082888610e+02 2.064492192415415261e-01 1.887363998064481763e+01
1.696075697960571063e+02 2.202157869269497636e-01 1.867220728206285685e+01
1.675004456102525410e+02 2.175460172043178209e-01 1.822472507728451419e+01
1.654678336855405689e+02 2.107820816679704112e-01 1.779263491223359139e+01
1.641301635979882008e+02 1.807556045056580296e-01 1.745943130532020859e+01
1.634165696961677554e+02 1.202460131827987888e-01 1.703613659154209614e+01
1.631586489252814829e+02 9.335502359074947243e-02 1.677950789579854884e+01
1.632737538804415465e+02 8.492410355800651678e-02 1.674385777833127875e+01
1.636713990864665504e+02 9.434094438239197522e-02 1.686274555589716684e+01
1.641596101980533149e+02 9.647624125481771284e-02 1.698703773611829959e+01
1.648956091498638443e+02 8.195336854108370428e-02 1.710983546798157207e+01
1.656966269833548040e+02 8.009179441475872130e-02 1.724517255559749884e+01
1.663682608746414644e+02 1.009738562345868784e-01 1.745783696761898796e+01
1.667911080322707562e+02 1.214874950217486316e-01 1.757851886157282806e+01
1.671523922200471475e+02 1.375398422267280485e-01 1.768065247200179613e+01
1.674675807190216688e+02 1.432737499886489463e-01 1.779124035321909503e+01
1.674182237080221398e+02 1.419842693743164908e-01 1.775385449625285261e+01
1.643634026202142309e+02 7.014826432536423739e-02 1.688012889617086643e+01
1.603197431935790576e+02 1.737296216010056349e-02 1.563194409310205657e+01
1.580082778428572112e+02 1.188423733189077590e-02 1.500602968399941339e+01
1.572221422242632514e+02 1.073356398690800996e-02 1.475239896582097998e+01
1.569984809036223510e+02 9.892936785612821068e-03 1.467309201624693671e+01
1.574130631910364286e+02 1.107085267878570901e-02 1.473744929318560004e+01
1.586436298490114325e+02 8.198709741027147835e-03 1.499968346753531456e+01
1.594752501449692659e+02 1.268205481460148686e-02 1.537463822544635583e+01
1.605437469919686464e+02 1.844450238891202215e-02 1.576343998142317737e+01
1.612989026442136264e+02 2.685726072286155619e-02 1.602419657184962531e+01
1.615417933120841383e+02 3.093585936618265669e-02 1.611307733121619989e+01
1.609096948445423436e+02 2.721400837773220102e-02 1.595282887917670500e+01
1.593532554196455067e+02 1.980922432681717429e-02 1.559260196172292190e+01
1.580504467129271120e+02 1.865336192503629087e-02 1.518058047383872200e+01
1.573005462779544246e+02 1.467984168187708854e-02 1.496484154566434910e+01
1.569417839717819163e+02 1.577992172307820032e-02 1.486478355795462925e+01
1.568638534195235650e+02 1.686702912228401491e-02 1.486703950039761146e+01
1.571335079450945784e+02 2.028532028804454213e-02 1.498035293369812315e+01
1.577196080186494669e+02 2.315616596160357393e-02 1.507634659267071697e+01
1.584197285344936006e+02 1.958739214869761186e-02 1.525628751525906956e+01
1.591088106292639566e+02 2.036964246101396689e-02 1.537510524055818628e+01
1.598145262456006606e+02 2.397992872830487926e-02 1.556560589373071046e+01
1.604956457327142800e+02 2.983837385338060713e-02 1.575956116146658381e+01
1.610827667531941927e+02 3.659063401193223680e-02 1.604372818163774284e+01
1.613968966845818898e+02 4.616184927606171301e-02 1.626257665209838876e+01
1.614508771451885139e+02 4.437292194491038178e-02 1.631234619311334200e+01
1.601852869483546158e+02 4.509290357564931656e-02 1.603446052619630535e+01
1.556556944060670560e+02 2.400327948389641142e-02 1.483909383501134371e+01
1.519525460755812105e+02 1.774787151376462299e-02 1.380487589722035224e+01
1.500820558524128501e+02 7.050630924443441506e-03 1.327612917119087577e+01
1.494818700841794623e+02 3.506505131328541396e-03 1.310289899630668842e+01
1.495500672631487475e+02 3.196458987640963915e-03 1.316363431160026565e+01
1.503285684819284711e+02 5.141058022735852696e-03 1.345070850084257330e+01
1.517586673464331000e+02 9.051012320118102805e-03 1.386067901402731728e+01
1.529564897587477788e+02 1.432958034800409404e-02 1.419207423464655449e+01
1.537869840293804486e+02 1.420763751324831056e-02 1.446680884682293566e+01
1.543645532935592257e+02 1.929810223220250823e-02 1.465398201732366701e+01
1.544756821339477142e+02 1.923064449382696703e-02 1.469006282650518358e+01
1.540252447613228526e+02 1.757014631842906613e-02 1.460224841831062470e+01
1.531807011194092638e+02 1.725101932534478175e-02 1.438688310222571687e+01
1.523316209445899574e+02 1.786981434852040473e-02 1.421978639247690523e+01
1.518093942684273259e+02 1.593170163442316628e-02 1.410268235318536689e+01
1.515780207121202068e+02 1.439184902958151602e-02 1.408210644571662762e+01
1.517740191709703481e+02 1.363294947285669315e-02 1.407847540322214464e+01
1.521944235801119021e+02 1.920340194563684502e-02 1.413203684749232281e+01
1.528717109487801054e+02 2.194062940664432901e-02 1.426763079341975704e+01
1.535457292116655310e+02 2.097676210639382727e-02 1.446723175495198177e+01
1.541002396046976628e+02 2.807279727782080458e-02 1.460861668826611570e+01
1.544988681369859194e+02 3.623518362126112308e-02 1.475283744112042150e+01
1.548675065155094330e+02 4.768743197470853845e-02 1.494140906242824585e+01
1.551858227184690122e+02 5.656979994888779173e-02 1.507014437253276640e+01
1.554325493965775706e+02 5.547490896448480091e-02 1.517007522835092992e+01
1.556693117883694981e+02 6.286801763760405115e-02 1.524404653027230871e+01
1.556451009466136952e+02 5.432553288370155914e-02 1.524707304764981153e+01
1.530983105728329576e+02 3.459673893725521976e-02 1.454903982990271771e+01
1.496324227835916929e+02 9.078254868308224812e-03 1.357451680151728013e+01
1.472551679762548815e+02 8.402380220353297333e-03 1.296961028886181921e+01
1.462980996376741132e+02 3.474073526340301036e-03 1.265658173477952353e+01
1.463192735839388376e+02 2.933114355136452918e-03 1.253084699676851521e+01
1.470585364524753800e+02 1.663092703796962678e-03 1.260894100431599796e+01
1.483745876321425783e+02 1.661795439597432873e-03 1.289949705066984187e+01
1.497926439930829758e+02 4.074706850722511521e-03 1.325330251033595275e+01
1.510125601119798375e+02 2.240375272587640139e-03 1.358924334471034001e+01
1.519008397191163624e+02 8.017092753093002858e-03 1.387685979038805151e+01
1.524610087785868302e+02 9.204089495662596404e-03 1.403722759073390058e+01
1.524641831840830832e+02 7.259490460567708491e-03 1.404581029067798958e+01
1.518545611160623423e+02 1.134976448168457594e-02 1.383876173537626464e+01
1.515314917370756689e+02 7.684993118013421290e-03 1.377940022286998989e+01
1.512994397115922141e+02 6.988362242866019529e-03 1.371912803089564470e+01
1.512578922310738960e+02 9.066579490512458733e-03 1.372892886192309092e+01
1.514932068760191726e+02 1.073356398690800996e-02 1.382153536407071215e+01
1.519620329686723608e+02 1.557495397955252145e-02 1.399008630698719458e+01
1.526519219617748035e+02 2.481796140120100594e-02 1.421399670235440560e+01
1.534068661599552570e+02 2.781204717371535060e-02 1.442961109316562229e+01
1.541123755112842559e+02 2.236094300729192172e-02 1.470193149666667942e+01
1.546584809295676450e+02 3.021847226384278065e-02 1.487615667319190571e+01
1.551016588117319372e+02 4.019702848662455585e-02 1.497922431384453290e+01
1.553895671418545419e+02 4.102208851752538882e-02 1.510855247368823839e+01
1.555798822862465443e+02 4.029951235838739876e-02 1.516586171423085894e+01
1.558264818324635144e+02 4.617871371065560004e-02 1.519454682021085645e+01
1.561678646901549428e+02 5.033255367754941451e-02 1.529823455315086100e+01
1.565581881370378028e+02 4.564034906785081197e-02 1.536002843603125356e+01
1.555799341768145041e+02 3.350055068865270130e-02 1.509634910936326335e+01
1.514360442263310915e+02 9.182036004270593618e-03 1.402784707330710212e+01
1.487773933551533219e+02 4.178487986684880327e-03 1.321403951207298988e+01
1.476811130007926351e+02 1.236292782151720291e-03 1.286518960164908165e+01
1.475082006556373244e+02 1.209050233961598284e-03 1.277207976099204423e+01
1.480641600927803267e+02 1.162348722778532451e-03 1.290127949167999688e+01
1.495977495060666627e+02 1.663092703796962678e-03 1.325332975288414339e+01
1.511124196182670403e+02 3.603799946293262044e-03 1.358369364846475236e+01
1.523756916039763780e+02 6.338432878901683817e-03 1.393216346047819698e+01
1.534114519889006090e+02 5.238352837700572910e-03 1.424196701576046209e+01
1.538910596443161012e+02 6.098439001988705845e-03 1.439874139427361577e+01
1.535450157163557776e+02 8.899232408773138578e-03 1.426844936712966039e+01
1.527016564766563818e+02 1.226044394975436304e-02 1.402257628886441410e+01
1.519198212888838668e+02 1.443076695556740410e-02 1.374305087999917063e+01
1.514274563373301987e+02 1.284551010374221890e-02 1.359088697845114524e+01
1.512273896579503401e+02 1.223190413736471166e-02 1.355310415863984375e+01
1.513065383412920539e+02 8.216871439820562506e-03 1.361844605910595085e+01
1.515634965421422748e+02 1.313480002023732079e-02 1.374056791632126995e+01
1.519727846943580687e+02 1.743652810587751484e-02 1.386092160243262938e+01
1.523883399299217842e+02 2.395138891591522615e-02 1.404389552871948332e+01
1.528233696956488359e+02 2.817138935698505417e-02 1.419823753685851919e+01
1.533386391439094041e+02 3.013804188347194574e-02 1.444478519250752058e+01
1.538230350014853798e+02 3.612361890010157284e-02 1.461709690433844067e+01
1.541510262008450241e+02 3.880376673632975754e-02 1.474218171298548441e+01
1.543471206572459380e+02 4.552878434669126173e-02 1.485300699355130050e+01
1.545158259746021656e+02 4.113365323868493906e-02 1.490690442924915615e+01
1.545460872565845989e+02 4.801045076039141268e-02 1.488439948991571704e+01
1.546307869334360703e+02 4.409790193461009949e-02 1.490324744147068259e+01
1.547715984759740309e+02 4.215849195631333340e-02 1.498457682593179285e+01
1.540629030437710014e+02 3.562028039068408647e-02 1.477366242331546964e+01
1.507383418109548643e+02 2.240375272587639965e-02 1.387280454250032058e+01
1.481094670449489001e+02 6.836582331521055302e-03 1.310169513512952477e+01
1.466660284126805038e+02 5.765042102709595773e-03 1.274235165459562324e+01
1.462640607223426628e+02 5.076194812759371976e-03 1.262422407385065704e+01
1.465183802878110271e+02 7.256895932168649747e-03 1.271397010843831410e+01
1.475678916732502728e+02 4.323781577032196830e-03 1.298103399740287678e+01
1.493596924446035814e+02 6.619939210199610354e-03 1.336310424944833919e+01
1.509177002619176449e+02 6.739287516556334220e-03 1.367913207835994704e+01
1.522606281612706880e+02 8.106603982860545107e-03 1.400720500536418811e+01
1.531658798759296474e+02 1.336960484035218215e-02 1.420179982435042731e+01
1.531580664536558913e+02 1.255362565884805479e-02 1.420868570272152986e+01
1.521982440231795124e+02 9.895531314011879812e-03 1.409498957648215622e+01
1.512913668364785451e+02 9.652942908699842228e-03 1.392010020068677179e+01
1.506791139166611515e+02 9.061390433714339512e-03 1.375998536685982998e+01
1.503788893602282144e+02 1.093593720203462835e-02 1.369481729979646012e+01
1.505356559551561588e+02 8.420541919146712004e-03 1.381841025461404371e+01
1.508738721909365381e+02 8.608645228078505574e-03 1.388814858345235770e+01
1.513771523234650545e+02 1.277545783696761895e-02 1.405260146876252669e+01
1.518685093007356670e+02 2.529535462662790488e-02 1.416334761621217098e+01
1.523809870364388530e+02 2.402403571108888483e-02 1.433348122145208059e+01
1.528595153680403484e+02 3.101239795395490523e-02 1.452542702694288046e+01
1.533199715120781832e+02 4.606974351789511202e-02 1.474720861175866204e+01
1.536495194284772765e+02 6.887305361722663444e-02 1.492584578382648886e+01
1.538685793530024455e+02 8.133846531050667461e-02 1.510036933111760682e+01
1.539756762962588255e+02 9.075919792749070902e-02 1.516551534468958451e+01
1.539685387486329944e+02 8.782348904395520517e-02 1.513132983850358038e+01
1.540521876414828739e+02 5.947048269903600082e-02 1.507359120351091519e+01
1.541792157519008128e+02 6.056796821183805385e-02 1.498448082838102735e+01
1.544149286569553396e+02 5.040390320852354555e-02 1.499964714413772882e+01
1.537596480781679418e+02 4.428730250774142591e-02 1.473512848753264315e+01
1.504377890466794554e+02 1.466167998308367561e-02 1.375245863997415796e+01
1.475646264592600687e+02 8.288220970794691819e-03 1.290236659907920114e+01
1.460086916701368409e+02 2.847494917967498349e-03 1.243827552075428144e+01
1.455588601198931542e+02 1.417909770085865918e-03 1.233100604135937672e+01
1.457351661081944201e+02 1.862871390524522761e-03 1.239718727176257929e+01
1.465892148048979493e+02 4.559883661346585820e-03 1.265518328397243053e+01
1.479429541040898926e+02 5.011331602782891255e-03 1.305896065786862081e+01
1.490289004518371314e+02 1.337479389715029963e-02 1.334305762577300669e+01
1.499300268663415636e+02 1.369651541863364276e-02 1.360141557469452600e+01
1.506054357964488588e+02 1.368613730503740605e-02 1.378792843771769761e+01
1.506378284835111288e+02 1.112663503936548240e-02 1.377089276424947428e+01
1.501102116745994408e+02 1.350452031710326108e-02 1.361711376877303437e+01
1.494049643706387656e+02 7.361974332330547925e-03 1.346045484677363824e+01
1.489214324910196865e+02 7.171276494999694745e-03 1.330156592761525225e+01
1.487007263382253086e+02 6.874202993307414016e-03 1.325637832375303660e+01
1.487767992081499244e+02 7.321759142145130468e-03 1.328961293528078613e+01
1.491446722007957533e+02 8.430920032742948711e-03 1.339410886381709531e+01
1.497795455164603311e+02 1.096707154282334021e-02 1.355203132114683306e+01
1.505519482962380664e+02 1.114090494556030722e-02 1.377393095700477232e+01
1.512924254040653693e+02 1.847693399390026511e-02 1.396043344191434699e+01
1.518799641436175136e+02 1.461238394350154908e-02 1.412817229744192460e+01
1.524002656797080704e+02 2.212354365877800336e-02 1.430299162097053589e+01
1.528555314696835978e+02 3.607172833212039104e-02 1.446415723879909621e+01
1.532212017077185919e+02 3.511305008866801025e-02 1.458704059009953902e+01
1.536464033998700245e+02 2.681574826847660936e-02 1.467296488435538215e+01
1.540280715000136240e+02 2.559761718511830569e-02 1.474491634591809408e+01
1.542629632368298473e+02 3.028203820961973200e-02 1.487090664497640979e+01
1.545239377676418258e+02 2.434316270417316921e-02 1.495600069014455435e+01
1.547815861130461883e+02 2.266320556578232254e-02 1.505590430341452901e+01
1.550896085245825020e+02 3.416734448721091971e-02 1.514510418977418560e+01
1.554010453354919719e+02 4.803639604438200011e-02 1.520902299141340741e+01
1.549699877927438934e+02 4.196519959058341714e-02 1.507443183071221071e+01
1.514780379657340745e+02 2.028921208064313197e-02 1.406790269999597776e+01
1.483262347036335029e+02 4.239459404062772066e-03 1.318074782092046071e+01
1.461541409321881133e+02 1.734442234771091341e-03 1.248548815403196244e+01
1.455039261700998736e+02 8.393299370956589780e-04 1.234253742282899680e+01
1.456555400316273108e+02 9.924071126401531190e-04 1.232717003112136744e+01
1.466769877006381364e+02 1.007974283034508613e-03 1.250878961358391273e+01
1.481182248755599176e+02 7.238734233375234426e-04 1.285535763628084815e+01
1.492480239423080661e+02 2.025029415465724129e-03 1.322265334635786616e+01
1.501236137110447828e+02 3.030409170101173565e-03 1.344388229662464873e+01
1.507989538861494907e+02 4.991872639789947212e-03 1.362293070144372464e+01
1.509598133496269838e+02 6.335838350502625074e-03 1.368424200204189312e+01
1.506687241276871134e+02 4.178487986684880327e-03 1.358552019645768993e+01
1.498696898111572580e+02 4.694799138097665615e-03 1.331218144056000341e+01
1.495970891985890887e+02 4.117516569306988589e-03 1.325574785335206585e+01
1.494407364309408024e+02 3.324888143394395552e-03 1.324730266341312834e+01
1.495703746369281930e+02 4.841389992644512356e-03 1.326573289589584448e+01
1.500214346963688286e+02 4.506695829165872046e-03 1.337072048756377640e+01
1.507046505624288955e+02 3.410507580563350120e-03 1.356464072916626051e+01
1.515076817499575270e+02 4.741500649280731665e-03 1.378999887138014557e+01
1.522233331127984286e+02 4.092868549515926192e-03 1.401278713321476310e+01
1.529846403918775763e+02 5.076194812759371976e-03 1.425804141645683387e+01
1.537007782287932969e+02 6.756151951150219520e-03 1.445684326324214908e+01
1.543560964282424663e+02 1.170262034395662919e-02 1.463452954065171951e+01
1.549162291643153821e+02 1.088923569085156230e-02 1.479793293922447006e+01
1.553293468404481814e+02 1.677362609991788281e-02 1.483285529147580739e+01
1.557636280847321189e+02 1.555419775236004803e-02 1.492292434484914843e+01
1.561217715958814551e+02 1.622228881511779755e-02 1.497034713492715241e+01
1.564134484785036818e+02 2.038131783880973297e-02 1.502502033461632713e+01
1.567565255632396770e+02 2.064855426391283555e-02 1.512872233746252526e+01
1.570896798741134717e+02 1.969376781305904114e-02 1.530972961122289178e+01
1.572922022746230368e+02 2.439375600795482338e-02 1.546259792723126125e+01
1.574604496577168504e+02 2.511373763869375816e-02 1.558024422295820344e+01
1.576967359535475737e+02 3.241084876104782797e-02 1.571384297654676132e+01
1.577265847055145400e+02 3.995833187391110985e-02 1.575629983926896571e+01
1.552248327502130678e+02 2.086519738523428050e-02 1.520520125108159348e+01
1.509942933347862777e+02 7.127169512215688306e-03 1.402946216723551665e+01
1.482528173335253143e+02 1.510015528252468429e-03 1.321782882079981469e+01
1.469399652073741720e+02 6.136059663775064775e-04 1.283880584235904898e+01
1.466932164757742498e+02 7.173871023398753922e-04 1.274832166444185866e+01
1.473557811930419916e+02 4.657178476311306901e-04 1.282420902558594200e+01
1.488480332826103165e+02 5.682017193939700164e-04 1.309824181783037744e+01
1.504159988999199697e+02 7.238734233375234426e-04 1.351670162793684327e+01
1.516030086151315572e+02 1.087107399205814806e-03 1.385471159870948199e+01
1.526509516081535764e+02 1.292075142731493459e-03 1.410095180274319482e+01
1.531234982545310288e+02 1.411423449088217760e-03 1.422162721037603816e+01
1.529407331877802960e+02 2.920141713141156600e-03 1.417428874247100268e+01
1.523189440788321463e+02 2.996680300913403833e-03 1.400629692042451602e+01
1.516064243117689045e+02 1.836926106533930559e-03 1.377018964705332849e+01
1.511695277828587223e+02 1.214239290759716854e-03 1.365455151630725972e+01
1.510381784853921658e+02 1.323209483520204231e-03 1.364181627366047778e+01
1.512094692502980422e+02 3.745201744041989998e-03 1.371539580179359774e+01
1.517429743414114114e+02 3.439047392953001499e-03 1.391159014753785783e+01
1.526412117485434976e+02 3.009652942908699717e-03 1.412981982297532646e+01
1.536025921933234883e+02 3.021328320704466230e-03 1.439906181853089961e+01
1.544927696979839311e+02 6.496699111244296637e-03 1.458941588084887719e+01
1.553105909946513918e+02 7.490403488083979995e-03 1.479415660313963876e+01
1.560602099232927742e+02 1.105269097999229434e-02 1.494685497753787118e+01
1.566963584496654960e+02 1.243816914508991990e-02 1.510955525891447593e+01
1.571963629900901935e+02 1.311663832144390612e-02 1.521010750428421510e+01
1.574616716805927865e+02 1.235254970792096577e-02 1.538247759300411310e+01
1.576370825565963969e+02 1.408828920689158583e-02 1.554391044725777782e+01
1.577239512591895050e+02 1.664519694416445247e-02 1.564837524145329972e+01
1.577486550613411396e+02 1.962241828208491010e-02 1.569217736715041589e+01
1.577588463688926481e+02 2.125826843769175120e-02 1.570668337542955584e+01
1.578710389659247539e+02 2.084054936544321723e-02 1.575289841253779954e+01
1.579951858525555508e+02 1.997657140855649618e-02 1.579773186327354217e+01
1.581872030075773239e+02 2.473623375663063992e-02 1.585917289029166355e+01
1.585418257436891452e+02 2.519027622646600670e-02 1.593515235719391399e+01
1.588109341210321475e+02 2.121416145490774563e-02 1.603281300066290171e+01
1.571193067939023535e+02 1.780754566694298449e-02 1.556708866671077374e+01
1.527442287958923544e+02 5.851958804078080147e-03 1.432661609930816837e+01
1.499285272289269244e+02 1.896600259712292709e-03 1.348401186737289770e+01
1.483319206126200527e+02 8.756533346824881036e-04 1.299235262754377374e+01
1.481439496246366048e+02 6.758746479549278046e-04 1.289204945690034343e+01
1.488221580508864861e+02 4.436643562391273080e-04 1.306456483921058798e+01
1.504274148248758252e+02 7.031171961450497030e-04 1.347196547201606620e+01
1.520975153498786483e+02 1.606013079017659705e-03 1.394866595836041334e+01
1.535406192879835601e+02 1.351749295909855609e-03 1.428738293812179450e+01
1.547459295092579339e+02 2.787820764789135982e-03 1.462946242668835772e+01
1.554766005970009815e+02 2.167728477413981454e-03 1.482198551474794890e+01
1.554024904878102689e+02 3.183486345645668032e-03 1.477643986596666359e+01
1.546349887721783603e+02 4.151245438494758321e-03 1.450976515626195962e+01
1.535980569576819335e+02 3.541531264715840933e-03 1.416412467746768833e+01
1.530004916631316121e+02 1.441260525677398943e-03 1.394117685213652891e+01
1.527044209466655786e+02 7.861421049149448781e-04 1.386831471110574832e+01
1.526800881620750090e+02 9.028958828726100019e-04 1.384491206494623405e+01
1.530878403534785548e+02 1.062459379414752193e-03 1.400520202944011317e+01
1.540323784171560533e+02 3.330077200192513905e-03 1.443936781721028595e+01
1.551353695192209159e+02 5.213704817909510514e-03 1.483044238006468163e+01
1.562119677811463418e+02 5.566560680181565496e-03 1.519693767813059004e+01
1.573757577644505545e+02 7.840664821956975367e-03 1.567749882273273876e+01
1.584365981581442782e+02 1.619893805952626539e-02 1.616327626668119777e+01
1.592079968554315883e+02 3.580449190701728845e-02 1.660560833258740487e+01
1.598322014703192337e+02 5.828218869226688137e-02 1.692600275279463062e+01
1.603612128382454216e+02 6.106222587185883982e-02 1.710039916819419403e+01
1.620263539222134455e+02 2.132442891186776129e-02 1.692196696386989530e+01
1.629415348970555897e+02 2.231034970351026755e-02 1.691652623781706666e+01
1.642509505703422121e+02 2.446770006732801317e-02 1.699454889583357797e+01
1.655460159070536008e+02 4.416017061618752321e-02 1.751042027468272266e+01
1.661080854585763973e+02 1.128490127170809487e-01 1.810189102202365419e+01
1.662428141292827490e+02 2.090074242430139118e-01 1.854592120676704781e+01
1.664372999780762257e+02 2.695727979264528895e-01 1.882149125708792781e+01
1.665552225910776656e+02 3.288162593905712416e-01 1.907912403532191092e+01
1.664805390911107565e+02 4.244817105206829533e-01 1.927541697314533309e+01
1.658130473644131939e+02 3.576466589609172964e-01 1.910893257209870200e+01
1.618183765257448670e+02 1.688804480231639593e-01 1.790269610418588186e+01
1.569853992914343053e+02 1.352384955367625097e-01 1.663410533525847512e+01
1.539416257055495691e+02 1.026045173333955951e-01 1.591665726150121962e+01
1.532786692144935614e+02 6.426517118049744626e-02 1.552050001751306674e+01
1.539746722137683719e+02 3.257041225758997016e-02 1.537337987917281268e+01
1.558378004626044060e+02 1.056881143356774855e-02 1.543472750316856867e+01
1.581589576741609733e+02 7.342515369337603882e-03 1.570590501690983842e+01
1.603166829473323673e+02 3.455911827546886365e-03 1.600744240471270174e+01
1.622420318789704368e+02 7.102521492424625910e-03 1.622214611605584977e+01
1.636142182750796792e+02 1.245762810808286394e-02 1.626327717476613444e+01
1.645426079940014574e+02 6.635506380593965414e-03 1.621902489839178330e+01
1.647591940356981297e+02 4.869929805034163735e-03 1.605824327076627966e+01
1.643381448862493812e+02 2.097676210639382813e-03 1.566209510762752366e+01
1.637282529872751411e+02 5.837688897883254024e-04 1.523300421740591304e+01
1.631538892629334043e+02 1.491853829459053758e-04 1.502420824722742232e+01
1.633143984650770051e+02 9.340302236613205842e-05 1.495166912498232392e+01
1.642409823922330077e+02 1.556717039435534533e-05 1.499216971329163961e+01
1.654278870290444559e+02 2.594528399059223883e-05 1.513067082829021892e+01
1.665283056562016384e+02 9.210575816660245647e-05 1.535091126323695931e+01
1.672154185039170784e+02 6.226868157742138131e-05 1.559032007399594910e+01
1.681540682853929241e+02 9.080849396707284775e-06 1.584404808698934808e+01
1.691191926346527907e+02 5.189056798118447765e-05 1.608513815215092890e+01
1.700002633446325149e+02 1.465908545468461448e-04 1.635025744208039811e+01
1.707965837844569705e+02 3.917737882579428507e-04 1.657959429359424064e+01
1.712815906534708859e+02 9.483001298561463547e-04 1.675033112668693036e+01
1.717333175067101081e+02 9.405165446589687159e-04 1.684533367581108365e+01
1.721182689825427019e+02 1.114349947395936813e-03 1.687765241881396250e+01
1.724035321909624656e+02 4.903658674221933033e-04 1.683506064061500851e+01
1.724602200419535336e+02 7.070089887436385766e-04 1.684135366924692434e+01
1.725658809137410117e+02 6.551184207624540651e-04 1.691670136848400574e+01
1.727209143636983981e+02 5.785798329902069404e-04 1.694736609963248597e+01
1.729285907948726901e+02 4.618260550325418707e-04 1.706032278527812807e+01
1.732218282863269678e+02 9.418138088584983043e-04 1.719898086924484915e+01
1.734336378012409625e+02 1.101377305400640496e-03 1.729913615176953456e+01
1.718970413295401443e+02 4.929603958212525885e-04 1.681748530523978147e+01
1.671691749269964475e+02 6.486320997648059706e-06 1.523652628970763523e+01
1.633544774425214712e+02 0.000000000000000000e+00 1.411840649254786584e+01
1.615812521972412412e+02 0.000000000000000000e+00 1.352694871784892783e+01
1.611484083216903969e+02 0.000000000000000000e+00 1.338314568406687144e+01
1.616357230237152862e+02 4.021519018541797204e-05 1.352280395873143171e+01
1.632484935519482860e+02 0.000000000000000000e+00 1.400252577339648496e+01
1.651250679442124465e+02 0.000000000000000000e+00 1.452112529885724079e+01
1.669020824982194995e+02 0.000000000000000000e+00 1.509438764589357440e+01
1.685617231819815061e+02 1.556717039435534533e-05 1.563495893510176415e+01
1.697772195217505669e+02 1.154565137581354677e-04 1.608682848740291504e+01
1.703646038868629944e+02 2.062650077252082951e-04 1.627777669672427763e+01
1.700280831753914299e+02 1.984814225280306292e-04 1.621291348674779798e+01
1.684258671886857712e+02 2.205349139200340249e-05 1.574667024711585661e+01
1.667643493636270478e+02 5.189056798118447596e-06 1.525383957771455812e+01
1.659884011607919945e+02 6.486320997648059706e-06 1.499000587660682449e+01
1.658631152761940371e+02 6.486320997648059706e-06 1.496563676861866021e+01
1.661399307001464649e+02 1.945896299294418166e-05 1.506277850640783633e+01
1.667870891077805879e+02 3.632339758682913910e-05 1.531460213555632599e+01
1.674371884133550736e+02 1.686443459388495744e-05 1.558790197352802664e+01
1.682412924383767177e+02 1.945896299294418166e-05 1.582078554536338366e+01
1.690980303637658437e+02 7.394405937318788014e-05 1.610092845198760259e+01
1.698489634210413612e+02 1.388072693496684789e-04 1.630115858665660156e+01
1.705652737940956456e+02 2.348048201148597819e-04 1.653355957620973271e+01
1.712532013237283763e+02 8.535998432904846672e-04 1.675322532311608015e+01
1.719392218749878509e+02 1.184402214170535671e-03 1.699336838541200478e+01
1.726146398859445412e+02 1.507420999853409252e-03 1.725688814858345310e+01
1.731181898494265567e+02 2.004273188273250714e-03 1.747449902899774798e+01
1.736005671639080390e+02 2.297454897366942896e-03 1.762122350175714303e+01
1.740157915971008720e+02 2.559502265671924522e-03 1.777663186106819282e+01
1.743146553233885072e+02 1.975733375883598902e-03 1.795544805559555357e+01
1.743546383032822007e+02 2.920141713141156600e-03 1.799169750912301069e+01
1.725231049240257164e+02 5.409591712038482264e-04 1.729746138368794206e+01
1.679865331003446727e+02 3.891792598588836332e-06 1.566395019543285194e+01
1.640542736423157066e+02 0.000000000000000000e+00 1.443813930801333001e+01
1.621925386552299813e+02 0.000000000000000000e+00 1.376656768540824238e+01
1.617535976379413398e+02 0.000000000000000000e+00 1.363671543082792681e+01
1.620199013300849913e+02 0.000000000000000000e+00 1.376743555515772854e+01
1.631041197219184369e+02 0.000000000000000000e+00 1.416394954680075102e+01
1.649341015731922937e+02 0.000000000000000000e+00 1.484498081994881069e+01
1.668050043263760926e+02 5.189056798118447596e-06 1.533800088992324007e+01
1.686108907924079006e+02 1.297264199529611941e-05 1.583698578068710816e+01
1.700954150791395989e+02 8.432217296942477703e-05 1.630629575288673649e+01
1.708343977386090558e+02 1.621580249412015037e-04 1.650562558620125841e+01
1.708007272463102595e+02 2.451829337110966517e-04 1.644717086137045570e+01
1.698905640893918871e+02 7.394405937318788014e-05 1.610276797262253723e+01
1.685699932412535134e+02 3.243160498824029938e-05 1.568792882689695745e+01
1.679044941123664216e+02 6.486320997648059706e-06 1.547534225072744007e+01
1.678085653166038185e+02 2.594528399059223798e-06 1.545272574667284182e+01
1.680570718411941016e+02 2.205349139200340249e-05 1.553814410789086864e+01
1.684894720523887202e+02 2.594528399059223883e-05 1.570739297894670017e+01
1.688755482562823147e+02 5.448509638024370187e-05 1.590489756153248457e+01
1.692313229630033220e+02 8.172764457036555959e-05 1.605482238507212145e+01
1.696973288032867515e+02 1.452935903473165564e-04 1.626158165045735160e+01
1.698691190149094439e+02 2.283184991172117044e-04 1.635647133759614391e+01
1.700275837286745855e+02 2.737227461007481384e-04 1.646026933799310754e+01
1.703468209892158427e+02 5.435536996029074032e-04 1.657248269125241791e+01
1.707103896592476246e+02 8.094928605064779029e-04 1.668939603270662531e+01
1.711726165689178174e+02 1.456827696071754221e-03 1.683524485213133914e+01
1.716411378044841172e+02 1.421801562684454684e-03 1.694344446995730635e+01
1.721908586980916027e+02 2.616581890451227278e-03 1.714323353479846190e+01
1.724615069280394550e+02 3.001869357711522187e-03 1.730438099092823023e+01
1.706012482276127855e+02 7.121980455417570386e-04 1.660984779199146999e+01
1.650371367822399407e+02 3.891792598588836332e-06 1.470664056571097156e+01
1.605616725886777374e+02 0.000000000000000000e+00 1.335706159280692873e+01
1.581335170259439735e+02 0.000000000000000000e+00 1.257981223397976045e+01
1.571541097978473260e+02 0.000000000000000000e+00 1.223547810023441507e+01
1.569509984393911566e+02 0.000000000000000000e+00 1.214180784144318004e+01
1.574056363534941170e+02 0.000000000000000000e+00 1.228518666983199203e+01
1.586013571978055552e+02 0.000000000000000000e+00 1.265180131620425641e+01
1.600404435086845467e+02 0.000000000000000000e+00 1.300570277342113279e+01
1.613611933792824402e+02 0.000000000000000000e+00 1.342078321028782462e+01
1.625135311142331886e+02 0.000000000000000000e+00 1.372645757362298724e+01
1.630743098878774617e+02 0.000000000000000000e+00 1.382503149108844376e+01
1.629717494775268563e+02 0.000000000000000000e+00 1.371757780017720663e+01
1.619493197795169692e+02 0.000000000000000000e+00 1.333731204263329140e+01
1.605835963536497957e+02 0.000000000000000000e+00 1.298373490146629727e+01
1.598662857898976881e+02 0.000000000000000000e+00 1.279945073833791902e+01
1.596969279486490905e+02 0.000000000000000000e+00 1.274135795021878437e+01
1.598968713879299912e+02 0.000000000000000000e+00 1.279747241043363637e+01
1.605253686500539061e+02 0.000000000000000000e+00 1.297721744612786132e+01
1.615490489107521057e+02 0.000000000000000000e+00 1.329290150002659310e+01
1.626399404296279556e+02 0.000000000000000000e+00 1.362191105178289519e+01
1.637174428847004606e+02 0.000000000000000000e+00 1.394961425849026959e+01
1.649313422922398900e+02 0.000000000000000000e+00 1.430612581127659944e+01
1.660686667886095051e+02 0.000000000000000000e+00 1.462786419719453690e+01
1.670965878059759859e+02 0.000000000000000000e+00 1.491331810345163156e+01
1.681995127475666436e+02 0.000000000000000000e+00 1.523609948978599071e+01
1.692482146401453917e+02 9.080849396707284097e-05 1.554625590093052701e+01
1.703243536705441841e+02 5.578236057977331737e-05 1.586260545136361877e+01
1.711900660696656757e+02 9.210575816660245647e-05 1.624038954249383337e+01
1.716051555873817733e+02 5.837688897883254159e-05 1.641209413467937495e+01
1.699666680936572902e+02 4.410698278400680499e-05 1.587804419260222133e+01
1.644155279930155302e+02 0.000000000000000000e+00 1.402733205941988892e+01
1.595863776880935916e+02 0.000000000000000000e+00 1.255619424196312472e+01
1.573914909846624539e+02 0.000000000000000000e+00 1.195987302378014938e+01
1.568893900652913089e+02 0.000000000000000000e+00 1.177088887245687587e+01
1.570598933908280799e+02 0.000000000000000000e+00 1.186787364127790845e+01
1.579580049633328258e+02 0.000000000000000000e+00 1.210984973788776919e+01
1.593578075197216606e+02 0.000000000000000000e+00 1.259959810755098530e+01
1.607113807690960527e+02 0.000000000000000000e+00 1.298283849190442218e+01
1.619261675053479621e+02 1.037811359623689519e-05 1.333891935297650733e+01
1.628938993556488697e+02 0.000000000000000000e+00 1.362268811303841254e+01
1.632387783403580102e+02 0.000000000000000000e+00 1.368988250678144780e+01
1.627831817480116285e+02 0.000000000000000000e+00 1.355583360251565495e+01
1.615058603910213719e+02 0.000000000000000000e+00 1.318219297323873640e+01
1.606238400836475932e+02 0.000000000000000000e+00 1.292966363236570437e+01
1.602015390742463126e+02 0.000000000000000000e+00 1.276724096552779919e+01
1.601646617448462848e+02 2.464801979106262671e-05 1.274522379753338264e+01
1.604785283316014954e+02 0.000000000000000000e+00 1.285246603438009494e+01
1.610582030555760866e+02 0.000000000000000000e+00 1.299718104489442183e+01
1.618480942540276715e+02 0.000000000000000000e+00 1.317284488741692705e+01
1.625742093499019916e+02 0.000000000000000000e+00 1.342330638915590946e+01
1.633571666712070964e+02 0.000000000000000000e+00 1.366650580590592412e+01
1.637004279674594329e+02 0.000000000000000000e+00 1.381109238726449817e+01
1.641287638499169077e+02 0.000000000000000000e+00 1.398501789575963272e+01
1.646371526088631754e+02 0.000000000000000000e+00 1.418924490142737938e+01
1.650781303309450720e+02 0.000000000000000000e+00 1.429732776547538897e+01
1.654807725986666753e+02 0.000000000000000000e+00 1.438423279146607747e+01
1.659418397541424781e+02 0.000000000000000000e+00 1.447928074483721339e+01
1.662229802569361539e+02 0.000000000000000000e+00 1.454822514798541278e+01
1.645955156171150691e+02 0.000000000000000000e+00 1.399897645854657036e+01
1.590671697457232483e+02 0.000000000000000000e+00 1.228820410636009797e+01
1.543813554594715072e+02 0.000000000000000000e+00 1.106297828509456416e+01
1.514886807212270128e+02 2.075622719247379038e-05 1.046649101709405016e+01
1.502611587423282913e+02 0.000000000000000000e+00 1.018924619869157944e+01
1.498424278040041315e+02 0.000000000000000000e+00 1.007875431502504426e+01
1.500648346701640889e+02 0.000000000000000000e+00 1.015457551569495109e+01
1.508753419912746097e+02 0.000000000000000000e+00 1.037652315032827310e+01
1.520373910460230320e+02 0.000000000000000000e+00 1.068412914005653391e+01
1.532370516817084365e+02 0.000000000000000000e+00 1.104049021019571875e+01
1.542265762732972405e+02 0.000000000000000000e+00 1.130626332128174916e+01
1.545347854908782779e+02 0.000000000000000000e+00 1.136040723717751710e+01
1.542068786136915719e+02 0.000000000000000000e+00 1.119532258420217552e+01
1.534715231049240174e+02 0.000000000000000000e+00 1.093479171774644421e+01
1.528803987271243727e+02 0.000000000000000000e+00 1.071711208232957446e+01
1.526739118872210383e+02 5.189056798118447596e-06 1.056331881694694097e+01
1.528452584344875049e+02 0.000000000000000000e+00 1.055021904306009084e+01
1.533606303666198301e+02 0.000000000000000000e+00 1.064521510586324560e+01
1.541999680873007037e+02 0.000000000000000000e+00 1.086849762535788244e+01
1.552033487578046618e+02 0.000000000000000000e+00 1.106187431326076442e+01
1.561509237169732671e+02 0.000000000000000000e+00 1.136835427766383511e+01
1.570169591348804374e+02 0.000000000000000000e+00 1.158755560398675222e+01
1.577711963240721502e+02 0.000000000000000000e+00 1.179762159581658310e+01
1.584297070907163913e+02 0.000000000000000000e+00 1.196176313771886512e+01
1.589292887230120357e+02 0.000000000000000000e+00 1.217562881638911776e+01
1.592986509749589175e+02 0.000000000000000000e+00 1.234105335258473346e+01
1.596851643568877535e+02 0.000000000000000000e+00 1.247139208123987331e+01
1.601351567678921981e+02 0.000000000000000000e+00 1.263341389344012455e+01
1.605495314930343511e+02 0.000000000000000000e+00 1.281658500388530619e+01
1.604492931856008795e+02 0.000000000000000000e+00 1.281651624888273133e+01
1.574023140598791315e+02 0.000000000000000000e+00 1.191281087314961518e+01
1.530414696446663640e+02 0.000000000000000000e+00 1.072684415835444582e+01
1.502298868915344485e+02 0.000000000000000000e+00 1.003593551559117003e+01
1.490019588689413013e+02 0.000000000000000000e+00 9.723538729174045159e+00
1.488239197356694490e+02 0.000000000000000000e+00 9.656223689860453874e+00
1.494189929856924834e+02 0.000000000000000000e+00 9.773737664639043032e+00
1.509477877104973231e+02 0.000000000000000000e+00 1.019921437680076437e+01
1.526991190278820909e+02 0.000000000000000000e+00 1.065194271800200632e+01
1.543016813841290116e+02 0.000000000000000000e+00 1.110492402572215376e+01
1.558176747058129195e+02 0.000000000000000000e+00 1.154040913118324774e+01
1.565475570569226420e+02 0.000000000000000000e+00 1.174129049248040779e+01
1.564155785863192989e+02 0.000000000000000000e+00 1.168438599836804137e+01
1.554391965783359524e+02 0.000000000000000000e+00 1.140641341474963433e+01
1.544092544233465958e+02 0.000000000000000000e+00 1.113052812922827073e+01
1.538623914027706974e+02 7.783585197177672664e-06 1.095616544269789472e+01
1.537808116463190800e+02 0.000000000000000000e+00 1.091227899482780828e+01
1.540646945656305320e+02 0.000000000000000000e+00 1.096767347341192078e+01
1.547953928959217933e+02 0.000000000000000000e+00 1.114676728247798287e+01
1.557962101723674948e+02 0.000000000000000000e+00 1.143193968240377956e+01
1.569372565197255369e+02 0.000000000000000000e+00 1.173888666191867891e+01
1.579940105311907814e+02 0.000000000000000000e+00 1.202905742080526430e+01
1.589413026867638905e+02 0.000000000000000000e+00 1.230253368670810055e+01
1.600272036302641254e+02 0.000000000000000000e+00 1.259292887230120428e+01
1.605455138658084024e+02 0.000000000000000000e+00 1.277199543881907395e+01
1.610519113242083904e+02 0.000000000000000000e+00 1.292633614969390976e+01
1.615249729844730382e+02 0.000000000000000000e+00 1.308727993534435186e+01
1.618879410211804384e+02 2.853981238965146305e-05 1.318315424601058794e+01
1.621630661098808730e+02 0.000000000000000000e+00 1.324808102193284576e+01
1.624164062408786151e+02 0.000000000000000000e+00 1.332088348881044837e+01
1.624253002842305875e+02 0.000000000000000000e+00 1.334012970047466951e+01
1.597087408364500050e+02 0.000000000000000000e+00 1.259954881151140427e+01
1.550620559302487038e+02 0.000000000000000000e+00 1.123223753426399085e+01
1.518819450660502071e+02 0.000000000000000000e+00 1.050879350537651113e+01
1.506232498284367978e+02 0.000000000000000000e+00 1.019575716770901863e+01
1.503904038772632532e+02 0.000000000000000000e+00 1.010803616253682691e+01
1.511085576627450280e+02 2.594528399059223798e-06 1.029427789734229570e+01
1.528909013780837540e+02 0.000000000000000000e+00 1.073882179870870246e+01
1.547620921239198708e+02 0.000000000000000000e+00 1.124239641021050673e+01
1.564962269070756804e+02 0.000000000000000000e+00 1.169140679221589529e+01
1.579678148752096831e+02 0.000000000000000000e+00 1.207450447750738398e+01
1.586083131284434273e+02 0.000000000000000000e+00 1.222703680208807597e+01
1.583149718558532015e+02 0.000000000000000000e+00 1.211269723280573629e+01
1.568208776511215490e+02 0.000000000000000000e+00 1.175858432152433686e+01
1.553287942058991860e+02 0.000000000000000000e+00 1.133017190047907974e+01
1.545838856435662763e+02 0.000000000000000000e+00 1.112264984374452759e+01
1.542701552695520490e+02 0.000000000000000000e+00 1.103371978833837375e+01
1.543268171752590945e+02 0.000000000000000000e+00 1.103548277038553316e+01
1.546390738571426766e+02 0.000000000000000000e+00 1.119725680512367383e+01
1.551057711392444389e+02 0.000000000000000000e+00 1.138037213320827767e+01
1.555729704625914280e+02 0.000000000000000000e+00 1.147438486974818872e+01
1.559396331077390983e+02 0.000000000000000000e+00 1.159862905119393695e+01
1.562706041229650680e+02 0.000000000000000000e+00 1.170924936401622674e+01
1.566209575625962316e+02 0.000000000000000000e+00 1.183317182394049105e+01
1.570701417780043698e+02 4.410698278400680499e-05 1.201406234392290173e+01
1.575887335198799235e+02 0.000000000000000000e+00 1.212554014838107896e+01
1.580437242898451586e+02 0.000000000000000000e+00 1.224896316158852549e+01
1.584142060807962196e+02 0.000000000000000000e+00 1.230643326289188799e+01
1.586409795382517700e+02 0.000000000000000000e+00 1.233032238312622475e+01
1.587296773833662087e+02 0.000000000000000000e+00 1.239916300513846359e+01
1.586581747752165370e+02 0.000000000000000000e+00 1.243572639660220602e+01
1.571204717371535082e+02 0.000000000000000000e+00 1.209137150662966853e+01
1.522753949196539338e+02 0.000000000000000000e+00 1.090677470282920325e+01
1.480595210760028237e+02 0.000000000000000000e+00 9.942532493225037626e+00
1.454554876221536404e+02 0.000000000000000000e+00 9.323623310799854735e+00
1.447449085623329097e+02 0.000000000000000000e+00 9.106192750109293854e+00
1.447154204498133936e+02 0.000000000000000000e+00 9.060347433297918585e+00
1.454695629387185249e+02 0.000000000000000000e+00 9.210033560224841764e+00
1.470929723306518895e+02 0.000000000000000000e+00 9.595592155702838966e+00
1.487606949703769601e+02 0.000000000000000000e+00 9.972254113300460077e+00
1.506574093893388238e+02 0.000000000000000000e+00 1.030803408691410716e+01
1.519263452305433191e+02 0.000000000000000000e+00 1.059478006831393238e+01
1.519628463533254603e+02 0.000000000000000000e+00 1.059011251172402446e+01
1.510128571854815505e+02 0.000000000000000000e+00 1.039456290628693225e+01
1.494788785929353594e+02 0.000000000000000000e+00 1.003576038492423272e+01
1.484081686132115863e+02 0.000000000000000000e+00 9.842084028991260780e+00
1.477965708118149735e+02 0.000000000000000000e+00 9.752027948259915036e+00
1.476337485876036055e+02 0.000000000000000000e+00 9.736098841153889794e+00
1.478276545592999014e+02 0.000000000000000000e+00 9.823425478009426115e+00
1.485050197638200871e+02 0.000000000000000000e+00 1.001548674001398531e+01
1.494602589598794964e+02 0.000000000000000000e+00 1.028773968577666587e+01
1.504344408077804758e+02 2.594528399059223798e-06 1.050424529709296095e+01
1.513664745418387270e+02 0.000000000000000000e+00 1.074539503640771976e+01
1.524803925002562153e+02 0.000000000000000000e+00 1.096762028557974133e+01
1.530154530111447855e+02 0.000000000000000000e+00 1.111435902824533350e+01
1.536384161441935134e+02 0.000000000000000000e+00 1.120623127885601988e+01
1.540523056925250387e+02 0.000000000000000000e+00 1.128189291602938482e+01
1.543610260322006980e+02 0.000000000000000000e+00 1.133234352074909168e+01
1.545121339606903064e+02 0.000000000000000000e+00 1.138773021574800914e+01
1.546481560038035923e+02 0.000000000000000000e+00 1.140404201579289456e+01
1.547727387712054110e+02 0.000000000000000000e+00 1.150144450368617655e+01
1.548075768012837727e+02 1.297264199529611899e-06 1.161038875116267377e+01
1.536884710833323595e+02 0.000000000000000000e+00 1.141127426370527154e+01
1.490563791021115492e+02 0.000000000000000000e+00 1.022156364443026177e+01
1.451292152978583374e+02 0.000000000000000000e+00 9.310256300487900205e+00
1.429299243824698067e+02 0.000000000000000000e+00 8.675105370284606821e+00
1.420661410152130202e+02 0.000000000000000000e+00 8.427423905725216713e+00
1.419696271532964147e+02 0.000000000000000000e+00 8.397171704592185648e+00
1.427064381924958525e+02 0.000000000000000000e+00 8.559652748319070525e+00
1.443576142273559242e+02 0.000000000000000000e+00 8.957665080112549916e+00
1.460006460375713573e+02 0.000000000000000000e+00 9.388343821714386195e+00
1.474704295112038324e+02 0.000000000000000000e+00 9.778481759816722629e+00
1.485005986874280950e+02 0.000000000000000000e+00 9.994441222905015465e+00
1.487015475064636121e+02 0.000000000000000000e+00 1.007974801940188314e+01
1.480985479721814784e+02 0.000000000000000000e+00 9.911050485630852336e+00
1.469268797033935243e+02 0.000000000000000000e+00 9.564334574815172019e+00
1.460049801972620003e+02 0.000000000000000000e+00 9.349861776499540866e+00
1.455805075675907005e+02 0.000000000000000000e+00 9.218537127052758962e+00
1.455604661329721807e+02 0.000000000000000000e+00 9.228476765349554967e+00
1.459093406914158777e+02 0.000000000000000000e+00 9.290474318709273760e+00
1.465842294185791559e+02 0.000000000000000000e+00 9.414447371937320952e+00
1.475801871433334327e+02 0.000000000000000000e+00 9.610444533523253341e+00
1.486932294484162469e+02 0.000000000000000000e+00 9.898348971853257794e+00
1.495631696315639942e+02 0.000000000000000000e+00 1.012675179314343943e+01
1.503437957691025417e+02 0.000000000000000000e+00 1.030125847599996369e+01
1.510860929386017801e+02 0.000000000000000000e+00 1.046696192399847902e+01
1.516898020764010653e+02 0.000000000000000000e+00 1.063388869213715182e+01
1.521493332710646484e+02 7.783585197177672664e-06 1.078744844996387187e+01
1.525111026356516675e+02 0.000000000000000000e+00 1.086337862082653949e+01
1.527466676525874618e+02 0.000000000000000000e+00 1.092728834161636442e+01
1.528958828726099455e+02 0.000000000000000000e+00 1.098680033676978596e+01
1.531251898870472132e+02 0.000000000000000000e+00 1.112636520841198084e+01
1.533339871544899040e+02 0.000000000000000000e+00 1.122589131779989202e+01
1.530412581906018374e+02 0.000000000000000000e+00 1.110747185261003089e+01
1.492524566940778641e+02 0.000000000000000000e+00 1.021022425806217271e+01
1.452854590953138825e+02 0.000000000000000000e+00 9.225016961729409104e+00
1.430210195718249793e+02 0.000000000000000000e+00 8.593846038090271477e+00
1.422688437354463247e+02 0.000000000000000000e+00 8.375678631334379176e+00
1.423644910248776227e+02 0.000000000000000000e+00 8.360627772091437038e+00
1.436647363375377608e+02 0.000000000000000000e+00 8.588479256096817949e+00
1.459689006853446642e+02 0.000000000000000000e+00 9.091258644644309328e+00
1.478645876710604909e+02 0.000000000000000000e+00 9.445030375441232806e+00
1.494830908097912356e+02 0.000000000000000000e+00 9.786780358901113530e+00
1.507996673814592441e+02 0.000000000000000000e+00 1.008909610522369427e+01
1.512070576361511201e+02 0.000000000000000000e+00 1.016775442269797303e+01
1.506365169494054044e+02 0.000000000000000000e+00 1.012963950325159246e+01
1.493498280476303535e+02 0.000000000000000000e+00 9.903576946577363316e+00
1.483359058082409945e+02 0.000000000000000000e+00 9.701255622018724267e+00
1.478125453231679671e+02 0.000000000000000000e+00 9.605248990404136933e+00
1.476928895651959692e+02 0.000000000000000000e+00 9.595183517479986435e+00
1.480078121250095649e+02 0.000000000000000000e+00 9.668081981908352773e+00
1.488926500902247199e+02 0.000000000000000000e+00 9.872822704199114341e+00
1.499961562061768063e+02 0.000000000000000000e+00 1.011325116461893536e+01
1.512333609650607968e+02 0.000000000000000000e+00 1.034761232037755541e+01
1.518285704278247579e+02 2.853981238965146305e-05 1.055772631098276904e+01
1.525923476979398288e+02 0.000000000000000000e+00 1.073676952674504825e+01
1.533491301194910079e+02 3.113434078871069066e-05 1.087829586185693032e+01
1.539312774290299046e+02 0.000000000000000000e+00 1.100368163579826586e+01
1.544642636144634480e+02 0.000000000000000000e+00 1.112822937706670423e+01
1.548229584628975886e+02 0.000000000000000000e+00 1.124485602313281518e+01
1.550968226107960959e+02 0.000000000000000000e+00 1.134008948528448357e+01
1.552148632748397006e+02 0.000000000000000000e+00 1.140835801378472958e+01
1.553434001035216738e+02 0.000000000000000000e+00 1.149575340564283898e+01
1.555153693376039143e+02 0.000000000000000000e+00 1.157525753937521173e+01
1.556948198943248656e+02 0.000000000000000000e+00 1.164343396211729065e+01
1.550289640177828971e+02 0.000000000000000000e+00 1.146870285255424804e+01
1.506935848988069040e+02 0.000000000000000000e+00 1.034647851146716668e+01
1.467697433881686777e+02 0.000000000000000000e+00 9.450114353839188297e+00
1.449650776477486716e+02 0.000000000000000000e+00 9.062032579493106255e+00
1.448036409017024084e+02 0.000000000000000000e+00 9.065191417818962094e+00
1.465404908588278090e+02 0.000000000000000000e+00 9.461702814933586225e+00
1.492323607743629452e+02 0.000000000000000000e+00 1.010392902408111482e+01
1.517118374060942756e+02 0.000000000000000000e+00 1.067080753399156556e+01
1.538654529462815788e+02 0.000000000000000000e+00 1.111142072483339938e+01
1.555239909554740052e+02 0.000000000000000000e+00 1.151383986311268082e+01
1.566759926989970779e+02 0.000000000000000000e+00 1.187922600028799280e+01
1.569823533150938033e+02 0.000000000000000000e+00 1.196028685105980038e+01
1.563462086805136551e+02 0.000000000000000000e+00 1.177422543597806559e+01
1.546371201772581685e+02 0.000000000000000000e+00 1.132731402744751570e+01
1.533347629184812035e+02 0.000000000000000000e+00 1.094936129197136232e+01
1.525755974225954787e+02 0.000000000000000000e+00 1.073464331072201894e+01
1.524156200987737009e+02 0.000000000000000000e+00 1.068178498364798479e+01
1.527547353386443376e+02 0.000000000000000000e+00 1.076379283728544856e+01
1.536482727575815375e+02 0.000000000000000000e+00 1.101033660114185153e+01
1.545743092392453661e+02 0.000000000000000000e+00 1.127293919852423265e+01
1.553484762983344467e+02 0.000000000000000000e+00 1.163234105594711387e+01
1.560433908929458653e+02 0.000000000000000000e+00 1.188015873324745364e+01
1.565546517948298799e+02 0.000000000000000000e+00 1.206917012711891957e+01
1.569475606892624171e+02 0.000000000000000000e+00 1.218336570007511099e+01
1.572975755429374942e+02 0.000000000000000000e+00 1.228518407530359191e+01
1.575654709782539555e+02 0.000000000000000000e+00 1.233008368651351105e+01
1.579032863593966738e+02 0.000000000000000000e+00 1.235447614525726756e+01
1.582524190734160641e+02 0.000000000000000000e+00 1.239425545467164369e+01
1.586160214723170441e+02 0.000000000000000000e+00 1.248719794824694240e+01
1.591458137932913246e+02 0.000000000000000000e+00 1.259520167917878020e+01
1.598548594868282180e+02 0.000000000000000000e+00 1.277108994840780198e+01
1.605369168959581145e+02 0.000000000000000000e+00 1.297480453471673556e+01
1.604400268274236510e+02 0.000000000000000000e+00 1.293367607053484925e+01
1.567184339945488887e+02 0.000000000000000000e+00 1.186975467436722731e+01
1.523346811908366476e+02 0.000000000000000000e+00 1.066431342940872007e+01
1.496858532041777039e+02 0.000000000000000000e+00 1.001562684454753338e+01
1.490210169772965685e+02 0.000000000000000000e+00 9.816870402009202579e+00
1.491839909814192708e+02 0.000000000000000000e+00 9.849132065387305346e+00
1.505328551617493815e+02 0.000000000000000000e+00 1.012623677925622623e+01
1.528056892818734696e+02 0.000000000000000000e+00 1.065985084056233845e+01
1.549211613628019961e+02 7.783585197177672664e-06 1.113376480340609653e+01
1.567242483326911895e+02 0.000000000000000000e+00 1.157269544258114102e+01
1.582385811561997002e+02 0.000000000000000000e+00 1.197553100266847181e+01
1.587354748570739105e+02 0.000000000000000000e+00 1.210594108085458664e+01
1.583334721406026802e+02 0.000000000000000000e+00 1.197846022523101084e+01
1.568292346270949054e+02 0.000000000000000000e+00 1.167538428208750645e+01
1.562850076473724528e+02 0.000000000000000000e+00 1.160223414840442935e+01
1.567126780332955889e+02 0.000000000000000000e+00 1.181602588301530865e+01
1.582227843700420067e+02 0.000000000000000000e+00 1.237325923360225666e+01
1.598223137225904225e+02 0.000000000000000000e+00 1.300759807641664523e+01
1.623551701816040236e+02 1.297264199529611899e-06 1.384709665785824306e+01
1.648445280747431809e+02 0.000000000000000000e+00 1.467804756548913936e+01
1.666647142840463687e+02 5.707962477930292609e-05 1.531923726054124479e+01
1.680084166501265486e+02 7.005226677459904720e-05 1.574828015198747444e+01
1.689528833642730774e+02 1.439963261477869409e-04 1.601914502505665894e+01
1.697041083059934863e+02 4.242053932461831026e-04 1.633665951874092670e+01
1.703045249872543820e+02 8.172764457036555416e-04 1.655793776504729209e+01
1.707974425733570456e+02 1.583959587625656269e-03 1.675404649135438362e+01
1.712617541865958799e+02 2.202754610801280991e-03 1.700174092855576902e+01
1.717415058383375310e+02 3.884009013391658341e-03 1.717905359387587438e+01
1.721442544817234932e+02 4.108435719910281253e-03 1.726545528135714491e+01
1.725942040830093447e+02 5.231866516702925185e-03 1.739299970292649888e+01
1.730172328576265386e+02 4.902361410022404095e-03 1.755376706064580361e+01
1.732624352503006548e+02 5.614559455564160917e-03 1.762560825475155468e+01
1.721805195024213333e+02 3.957953072764846397e-03 1.725200265160802360e+01
1.674878854982727034e+02 1.167537779576650730e-05 1.561090895410668367e+01
1.625744415601937192e+02 0.000000000000000000e+00 1.398747231962514270e+01
1.590424374037592088e+02 0.000000000000000000e+00 1.308073523745772526e+01
1.581304217535639225e+02 0.000000000000000000e+00 1.285514229042372492e+01
1.582283613088357868e+02 0.000000000000000000e+00 1.296951948036785218e+01
1.595214794519837085e+02 0.000000000000000000e+00 1.328566276579321936e+01
1.613071091375398396e+02 0.000000000000000000e+00 1.371121471927851410e+01
1.628853335201393691e+02 0.000000000000000000e+00 1.413132854123938031e+01
1.643810882230464188e+02 3.372886918776991488e-05 1.454715231049240209e+01
1.653883658752057784e+02 9.080849396707284775e-06 1.486153520839900821e+01
1.655913981005457458e+02 2.464801979106262671e-05 1.494342630825851437e+01
1.649189547163985878e+02 3.243160498824029938e-05 1.474761984450991292e+01
1.635301866892909572e+02 0.000000000000000000e+00 1.431043013389063745e+01
1.626048144068973045e+02 5.189056798118447596e-06 1.406638360361832873e+01
1.625404610217512413e+02 0.000000000000000000e+00 1.403743385574162694e+01
1.629705339409718761e+02 0.000000000000000000e+00 1.409343545397111974e+01
1.636709580166387070e+02 0.000000000000000000e+00 1.426358332911722471e+01
1.642212639764001665e+02 0.000000000000000000e+00 1.440942436495674350e+01
1.645822030918994869e+02 2.594528399059223798e-06 1.452657899755206294e+01
1.649052166885255701e+02 1.297264199529611941e-05 1.462906027478650195e+01
1.655834484655310348e+02 9.080849396707284775e-06 1.486686826152327434e+01
1.664876922059069670e+02 7.783585197177672664e-06 1.526224455246330969e+01
1.673293974337519501e+02 3.372886918776991488e-05 1.559657418470188261e+01
1.680685240895475658e+02 1.375100051501388634e-04 1.586764791730719004e+01
1.687887496059560135e+02 2.983707658918107516e-05 1.612662466125188487e+01
1.696242552081914425e+02 1.699416101383791696e-04 1.634186673723784011e+01
1.705178043025064483e+02 3.917737882579428507e-04 1.657725662350668827e+01
1.715471017171886103e+02 1.197374856165831771e-03 1.690770484126026574e+01
1.726318870134772681e+02 2.559502265671924522e-03 1.723176273556696358e+01
1.731000696630875098e+02 3.175702760448490067e-03 1.740092339265722643e+01
1.712540536263074671e+02 1.459422224470813398e-03 1.693527819182126848e+01
1.662744764566006666e+02 2.464801979106262671e-05 1.529047950776607223e+01
1.621335416739637765e+02 0.000000000000000000e+00 1.398602068098586848e+01
1.607036802088076399e+02 0.000000000000000000e+00 1.358281021154487256e+01
1.610105272989791843e+02 0.000000000000000000e+00 1.372292123141506792e+01
1.629722580050930674e+02 0.000000000000000000e+00 1.423528869966128418e+01
1.652999184020818575e+02 5.189056798118447596e-06 1.478449717390994067e+01
1.678868707782158083e+02 1.037811359623689519e-05 1.552283509307222076e+01
1.702555779117419377e+02 1.388072693496684789e-04 1.621680917113898346e+01
1.720582614324650876e+02 1.093593720203462965e-03 1.681462354041561724e+01
1.731213045807696176e+02 1.376397315700918439e-03 1.721955029039258989e+01
1.734621750191022045e+02 2.254645178782465828e-03 1.740952295703590735e+01
1.730963114887014740e+02 1.478881187463757657e-03 1.729220746367984418e+01
1.717348586565791493e+02 1.538555340642119807e-03 1.679590790980900294e+01
1.708161218805660724e+02 5.331755860066704792e-04 1.647259334788863683e+01
1.701763591761334453e+02 2.828035954974554198e-04 1.630794198115594185e+01
1.700893840978759783e+02 3.282078424809918267e-04 1.635506899499645073e+01
1.707100082635729450e+02 5.928497391850327380e-04 1.660591837873109355e+01
1.718024149870338420e+02 1.721469592775795024e-03 1.703495867564892308e+01
1.729041049331065665e+02 3.533747679518662969e-03 1.740629925550007684e+01
1.738983645390236461e+02 3.057651718291295572e-03 1.775954170250358999e+01
1.751429144078053923e+02 3.567476548706433135e-03 1.814637421142552398e+01
1.765156223041228429e+02 6.270975140526144354e-03 1.864983855547036740e+01
1.774949763443873110e+02 1.055064973477433388e-02 1.899039765039508154e+01
1.781476831510028376e+02 1.392872571034944364e-02 1.923915065518328404e+01
1.784160378178459325e+02 1.722377677715465974e-02 1.934723092470289529e+01
1.785043438891721337e+02 1.794375840789359453e-02 1.937319826218487862e+01
1.785248406635246852e+02 1.799305444747571758e-02 1.946733683335214238e+01
1.784645477153231639e+02 1.989614102818565780e-02 1.942932310051332578e+01
1.771286055836845605e+02 1.535441906563248839e-02 1.896815994748674683e+01
1.725768596606616256e+02 2.874737466157620356e-03 1.737737026385056538e+01
1.667778473976231624e+02 2.594528399059223798e-06 1.542294056065164121e+01
1.623864057090002859e+02 0.000000000000000000e+00 1.404841519719064458e+01
1.610106920515325157e+02 0.000000000000000000e+00 1.366000780953048199e+01
1.612113243381033669e+02 1.297264199529611899e-06 1.370237645828711770e+01
1.631129307403616622e+02 0.000000000000000000e+00 1.406956579269977503e+01
1.654631285082888610e+02 1.556717039435534533e-05 1.467598750994028656e+01
1.676821585957374623e+02 2.594528399059223798e-06 1.528671354979483787e+01
1.698212603440604198e+02 8.432217296942477703e-05 1.589210264473252288e+01
1.715069358230427952e+02 6.149032305770360659e-04 1.643742192091099241e+01
1.721150504700636930e+02 1.105269097999229478e-03 1.673247428498040534e+01
1.718834472979932571e+02 1.308939577325378542e-03 1.671801108641984968e+01
1.706369165067788458e+02 3.917737882579428507e-04 1.641858175294122191e+01
1.689897580991447228e+02 6.616047417601021426e-05 1.595212835650895755e+01
1.678225459328821501e+02 6.226868157742138131e-05 1.555590365478242987e+01
1.671691437926556603e+02 6.486320997648059706e-06 1.536848140955538788e+01
1.669187251006352710e+02 1.816169879341456955e-05 1.529268485690527335e+01
1.669406034613603254e+02 2.724254819012185094e-05 1.533610947872032604e+01
1.671340073918114228e+02 3.243160498824029938e-05 1.546910630172030210e+01
1.677721692722218165e+02 4.670151118306602921e-05 1.568538489180167872e+01
1.689079967257051464e+02 6.486320997648059876e-05 1.602797679972705680e+01
1.701245425522116363e+02 3.087488794880476756e-04 1.638951135949396232e+01
1.709216530259336082e+02 6.278758725723321667e-04 1.664807168163060780e+01
1.715953404864481229e+02 1.764279311360272308e-03 1.690121073667742024e+01
1.723411869707972812e+02 1.577473266628008110e-03 1.716551793921798463e+01
1.731230312394191913e+02 1.814872615141927123e-03 1.743784612630423680e+01
1.737674277715725282e+02 1.964057998087832390e-03 1.768071344341917239e+01
1.735743170228305416e+02 2.062650077252083276e-03 1.759882623535226642e+01
1.702133350976126565e+02 4.280971858447719626e-05 1.637460449657716666e+01
1.654903477057233943e+02 1.297264199529611899e-06 1.475324478207907397e+01
1.617253211701842019e+02 0.000000000000000000e+00 1.365305966247780134e+01
1.604368913398533891e+02 0.000000000000000000e+00 1.329563743022340105e+01
1.603514703841069604e+02 0.000000000000000000e+00 1.321586865459432580e+01
1.612582840048621335e+02 0.000000000000000000e+00 1.353482700333267097e+01
1.630900560807313582e+02 0.000000000000000000e+00 1.408571802924811855e+01
1.645611614665831155e+02 1.297264199529611899e-06 1.435512996641383054e+01
1.656164249214830875e+02 0.000000000000000000e+00 1.467387037476665412e+01
1.663666509697698643e+02 3.891792598588836332e-06 1.490638552356934454e+01
1.664100522408293159e+02 9.080849396707284775e-06 1.489445847651886901e+01
1.654843491560647806e+02 0.000000000000000000e+00 1.458180353452603839e+01
1.633507257544564197e+02 0.000000000000000000e+00 1.396183708177823846e+01
1.616118248226315472e+02 0.000000000000000000e+00 1.345303709008072879e+01
1.606437206575053835e+02 0.000000000000000000e+00 1.313866975934451808e+01
1.600706217657582044e+02 0.000000000000000000e+00 1.295260574973438494e+01
1.602816633002660751e+02 0.000000000000000000e+00 1.300168903798778786e+01
1.609765247070453142e+02 2.594528399059223798e-06 1.319409537226942142e+01
1.624530007666831466e+02 3.891792598588836332e-06 1.354256518428286604e+01
1.640785104293555321e+02 0.000000000000000000e+00 1.401781403198794074e+01
1.655059693612141416e+02 2.594528399059223798e-06 1.444296513083558153e+01
1.666904987072762196e+02 6.486320997648059706e-06 1.481839987650044854e+01
1.674541540345565238e+02 4.021519018541797204e-05 1.511115867746509345e+01
1.679617164362076949e+02 3.891792598588836332e-06 1.534929227751594638e+01
1.685064078365135742e+02 1.816169879341456955e-05 1.556796691457385506e+01
1.690668882393919432e+02 5.837688897883254159e-05 1.580068832838427006e+01
1.694465676335176738e+02 4.151245438494758077e-05 1.594024152464866795e+01
1.679873698357533840e+02 6.486320997648059706e-06 1.539422561759505292e+01
1.628286352910347432e+02 0.000000000000000000e+00 1.361289636286036320e+01
1.582912435963795872e+02 0.000000000000000000e+00 1.218196595200381971e+01
1.563796910695035365e+02 0.000000000000000000e+00 1.165898037628445394e+01
1.563076980954864155e+02 0.000000000000000000e+00 1.158592494288794406e+01
1.574692178664414541e+02 0.000000000000000000e+00 1.191516540767176124e+01
1.598390912404829578e+02 0.000000000000000000e+00 1.259822300749948454e+01
1.618587045779156313e+02 0.000000000000000000e+00 1.313337562414623783e+01
1.632733037297643079e+02 0.000000000000000000e+00 1.356484050785298834e+01
1.650176414958494036e+02 0.000000000000000000e+00 1.412306496828837687e+01
1.664838315476491744e+02 0.000000000000000000e+00 1.466522151434839039e+01
1.671662950004734967e+02 0.000000000000000000e+00 1.492345103411415685e+01
1.671401317760973768e+02 1.297264199529611899e-06 1.490801488740395442e+01
1.662899644938788697e+02 1.297264199529611899e-06 1.458284653494246008e+01
1.651629039518559239e+02 5.189056798118447596e-06 1.421741110172756706e+01
1.647178061186763216e+02 2.594528399059223798e-06 1.412084664650718047e+01
1.650907773596262871e+02 0.000000000000000000e+00 1.429865227222310864e+01
1.662823326885930157e+02 0.000000000000000000e+00 1.474520563583458888e+01
1.679215570283828356e+02 0.000000000000000000e+00 1.526979852189717057e+01
1.694168447161780477e+02 5.059330378165486893e-05 1.575267398583128120e+01
1.706807445777599526e+02 1.258346273543723510e-04 1.621477376360992295e+01
1.715730534875002036e+02 3.515585980725248515e-04 1.653763817485305410e+01
1.720455884584998785e+02 2.101568003237971416e-04 1.671125363720449997e+01
1.722368324440587344e+02 3.502613338729952631e-04 1.676485270213646572e+01
1.723162950653367034e+02 4.177190722485350522e-04 1.678971347325624919e+01
1.723386871426847904e+02 1.906978373308529633e-04 1.684929422341224736e+01
1.722202676774949168e+02 4.462588846381865390e-04 1.684400008821396710e+01
1.711541059060547241e+02 2.166431213214451920e-04 1.645511919912097554e+01
1.657646516261855254e+02 0.000000000000000000e+00 1.462939496894998115e+01
1.590700120515844276e+02 0.000000000000000000e+00 1.255141901244465608e+01
1.553230654871940430e+02 0.000000000000000000e+00 1.144185467268078327e+01
1.540188038445721759e+02 0.000000000000000000e+00 1.099180777657996977e+01
1.538680747172288363e+02 0.000000000000000000e+00 1.096837140155126811e+01
1.545061522754662633e+02 0.000000000000000000e+00 1.117855544442325666e+01
1.558345248705005872e+02 0.000000000000000000e+00 1.164162946761574524e+01
1.568833007071387158e+02 0.000000000000000000e+00 1.187906254499885250e+01
1.578448510935288596e+02 0.000000000000000000e+00 1.209901369002909810e+01
1.587968250755980648e+02 0.000000000000000000e+00 1.237392213560821652e+01
1.593492351978911756e+02 2.594528399059223798e-06 1.258622461091803579e+01
1.591110341401019355e+02 0.000000000000000000e+00 1.251821423799349553e+01
1.579631966146593527e+02 0.000000000000000000e+00 1.216164949737498624e+01
1.563617343384536298e+02 0.000000000000000000e+00 1.172827633803072622e+01
1.554487366592592821e+02 0.000000000000000000e+00 1.147662913681337393e+01
1.551561802315097793e+02 0.000000000000000000e+00 1.141433061815936334e+01
1.552135439571487723e+02 0.000000000000000000e+00 1.146252268590768963e+01
1.555697817871889868e+02 0.000000000000000000e+00 1.162640218044166573e+01
1.562646016815138523e+02 0.000000000000000000e+00 1.184700974115687444e+01
1.571979936511889946e+02 0.000000000000000000e+00 1.208999900110656611e+01
1.583530893698279840e+02 0.000000000000000000e+00 1.240143451475183944e+01
1.587091066649542768e+02 2.205349139200340249e-05 1.254744160040889689e+01
1.589456978178718884e+02 0.000000000000000000e+00 1.259285233371343260e+01
1.593829588780221513e+02 0.000000000000000000e+00 1.268479982564769237e+01
1.603891883407082730e+02 0.000000000000000000e+00 1.290021314050798296e+01
1.616171137687730379e+02 0.000000000000000000e+00 1.325968505019763732e+01
1.622656810053278775e+02 4.670151118306602921e-05 1.345571723791695717e+01
1.599446262776430672e+02 0.000000000000000000e+00 1.280880401321652684e+01
1.547842909089022214e+02 0.000000000000000000e+00 1.129643135591351388e+01
1.508033996105612857e+02 0.000000000000000000e+00 1.029098544080388855e+01
1.488385139579141594e+02 1.816169879341456955e-05 9.760379735176487159e+00
1.484702712449714852e+02 0.000000000000000000e+00 9.625700360509721776e+00
1.491691515762408642e+02 0.000000000000000000e+00 9.642807383508918306e+00
1.517433012519896920e+02 0.000000000000000000e+00 1.018398838689088493e+01
1.539026896178648940e+02 0.000000000000000000e+00 1.064066041125869688e+01
1.559964883058118801e+02 0.000000000000000000e+00 1.116598235980141496e+01
1.582296066824673346e+02 0.000000000000000000e+00 1.171179589363990203e+01
1.596753764985023167e+02 0.000000000000000000e+00 1.213079147386077494e+01
1.603835167016279399e+02 0.000000000000000000e+00 1.233573846115926109e+01
1.604533782705651959e+02 0.000000000000000000e+00 1.233742490461865060e+01
1.600283893297425095e+02 0.000000000000000000e+00 1.222048302335205250e+01
1.597542618372115157e+02 0.000000000000000000e+00 1.216683077058790730e+01
1.610658037265211533e+02 0.000000000000000000e+00 1.261272252945762595e+01
1.622025548321145436e+02 0.000000000000000000e+00 1.298034125832032792e+01
1.632962419553403777e+02 0.000000000000000000e+00 1.332192259743427165e+01
1.643221444296123934e+02 0.000000000000000000e+00 1.368328981011943846e+01
1.654591238537049094e+02 0.000000000000000000e+00 1.406679743089797974e+01
1.663620807079949202e+02 0.000000000000000000e+00 1.438036564688727914e+01
1.674107761142526556e+02 0.000000000000000000e+00 1.475029350602514278e+01
1.684465559581398679e+02 0.000000000000000000e+00 1.511015848676725604e+01
1.692201703826799530e+02 1.945896299294418166e-05 1.539417502429127182e+01
1.696574729552845895e+02 1.037811359623689519e-05 1.553281105476660251e+01
1.698086107208507940e+02 1.816169879341456955e-05 1.568088987135030976e+01
1.696181074731498768e+02 2.335075559153301460e-05 1.571528164254403848e+01
1.668856811869448507e+02 0.000000000000000000e+00 1.485424069180505313e+01
1.612755389159800927e+02 0.000000000000000000e+00 1.305105253530828868e+01
1.560743760483516382e+02 0.000000000000000000e+00 1.154843271025733742e+01
1.538005676828137211e+02 0.000000000000000000e+00 1.082886101500545450e+01
1.535371283500226411e+02 0.000000000000000000e+00 1.074733574365021660e+01
1.542406476980695516e+02 0.000000000000000000e+00 1.090729750030161327e+01
1.560422804347910812e+02 0.000000000000000000e+00 1.139384941097718951e+01
1.578189239712370693e+02 0.000000000000000000e+00 1.189606189506948830e+01
1.595978091802198264e+02 0.000000000000000000e+00 1.242143054512338907e+01
1.610546122282717931e+02 0.000000000000000000e+00 1.284111497263421242e+01
1.613694738166680338e+02 0.000000000000000000e+00 1.296210172367494273e+01
1.606624077482996142e+02 0.000000000000000000e+00 1.274554032999806630e+01
1.588474248657007308e+02 0.000000000000000000e+00 1.227023699719661209e+01
1.573708761592677092e+02 3.891792598588836332e-06 1.185217544719940186e+01
1.566247001698118879e+02 0.000000000000000000e+00 1.162037638823485075e+01
1.564525181844009296e+02 3.502613338729952360e-05 1.161631724855452319e+01
1.567170031121368083e+02 0.000000000000000000e+00 1.172304317424982401e+01
1.574553760574324883e+02 0.000000000000000000e+00 1.195916601479140695e+01
1.585680992355221974e+02 0.000000000000000000e+00 1.218325024356135344e+01
1.596872788975329911e+02 0.000000000000000000e+00 1.244098031661030035e+01
1.607788748308691709e+02 0.000000000000000000e+00 1.272179261156147767e+01
1.617460540466210830e+02 0.000000000000000000e+00 1.300532008048227084e+01
1.626436739559942168e+02 0.000000000000000000e+00 1.324441106151237690e+01
1.633096439917857197e+02 0.000000000000000000e+00 1.354443065020178949e+01
1.638927006835285169e+02 0.000000000000000000e+00 1.378381611020518882e+01
1.644474484759091411e+02 0.000000000000000000e+00 1.400483879546424504e+01
1.648374930109891352e+02 0.000000000000000000e+00 1.414615627104000417e+01
1.626082015637222753e+02 0.000000000000000000e+00 1.353560536185239016e+01
1.563117935585643465e+02 0.000000000000000000e+00 1.159750562039714517e+01
1.515383114549726145e+02 0.000000000000000000e+00 1.038653543542024238e+01
1.492167079845314106e+02 0.000000000000000000e+00 9.886144310264084467e+00
1.485790014438550486e+02 0.000000000000000000e+00 9.719831148091788720e+00
1.486452514292608384e+02 0.000000000000000000e+00 9.778289764715191623e+00
1.496450321916111079e+02 0.000000000000000000e+00 9.978971347325625629e+00
1.511114272111543926e+02 0.000000000000000000e+00 1.030179554337856906e+01
1.524827755745907325e+02 0.000000000000000000e+00 1.070560664614394675e+01
1.538181015057345462e+02 0.000000000000000000e+00 1.111952343702366086e+01
1.546855587252044302e+02 0.000000000000000000e+00 1.136495674272526735e+01
1.546512888968454433e+02 0.000000000000000000e+00 1.130089394475989550e+01
1.537365814234361210e+02 0.000000000000000000e+00 1.100823503313861451e+01
1.523947536041242756e+02 0.000000000000000000e+00 1.062276465162618599e+01
1.516111281917563929e+02 0.000000000000000000e+00 1.037621310418458442e+01
1.512361176514847898e+02 0.000000000000000000e+00 1.027311173466276983e+01
1.512271587449228321e+02 0.000000000000000000e+00 1.028314866777452963e+01
1.514786593552856289e+02 0.000000000000000000e+00 1.040072491123469689e+01
1.521368496976725737e+02 0.000000000000000000e+00 1.059964740359056812e+01
1.530862045033229322e+02 0.000000000000000000e+00 1.086723279276334075e+01
1.542957515894729568e+02 0.000000000000000000e+00 1.118383012065854309e+01
1.554341709768269766e+02 0.000000000000000000e+00 1.143103289472830753e+01
1.565863270947897945e+02 0.000000000000000000e+00 1.171270916763637082e+01
1.580648515345986880e+02 0.000000000000000000e+00 1.206301720302055003e+01
1.597267948623148754e+02 0.000000000000000000e+00 1.249016479147126546e+01
1.615203625075079117e+02 0.000000000000000000e+00 1.296540585559114334e+01
1.627394042703342905e+02 0.000000000000000000e+00 1.334634748778301372e+01
1.635511803158319424e+02 0.000000000000000000e+00 1.360518282992996042e+01
1.640255107004837498e+02 5.189056798118447596e-06 1.374604756030008268e+01
1.624274952552561899e+02 0.000000000000000000e+00 1.321604767705386152e+01
1.560900962959215406e+02 0.000000000000000000e+00 1.126696659414959711e+01
1.502386953154492630e+02 0.000000000000000000e+00 9.834151258411136354e+00
1.466001131214381985e+02 0.000000000000000000e+00 9.137209039855848758e+00
1.450357409259612496e+02 0.000000000000000000e+00 8.822987002709984594e+00
1.445063170280196232e+02 0.000000000000000000e+00 8.722906961508874346e+00
1.446148876634066482e+02 0.000000000000000000e+00 8.787531474872640302e+00
1.457407287770820119e+02 0.000000000000000000e+00 9.016983782900242161e+00
1.472666383863071076e+02 0.000000000000000000e+00 9.271425291203380326e+00
1.486646727715919951e+02 0.000000000000000000e+00 9.609973626618822706e+00
1.496244952020683456e+02 0.000000000000000000e+00 9.791351917940255944e+00
1.498114024334081762e+02 0.000000000000000000e+00 9.796830264654868614e+00
1.491590627525611126e+02 0.000000000000000000e+00 9.651723480352284668e+00
1.479443201232919876e+02 0.000000000000000000e+00 9.290585883430432901e+00
1.470170797804510130e+02 0.000000000000000000e+00 9.033051697275615410e+00
1.466122736760445946e+02 0.000000000000000000e+00 8.931182728743353394e+00
1.466403322034162215e+02 0.000000000000000000e+00 8.916594992819643295e+00
1.472016726924588852e+02 0.000000000000000000e+00 8.997913999167156618e+00
1.487678610578151677e+02 0.000000000000000000e+00 9.310027981988783452e+00
1.509715276453487149e+02 3.632339758682913910e-05 9.825258512323360449e+00
1.530535186345516081e+02 0.000000000000000000e+00 1.033039762444979814e+01
1.547955096496997385e+02 0.000000000000000000e+00 1.076762884752345784e+01
1.565049315498545184e+02 0.000000000000000000e+00 1.128564979315122407e+01
1.579295157442469701e+02 0.000000000000000000e+00 1.172936993175093079e+01
1.591882615751641481e+02 0.000000000000000000e+00 1.212448417532266198e+01
1.600937571754926125e+02 1.297264199529611899e-06 1.235374189372033271e+01
1.607100886939533098e+02 0.000000000000000000e+00 1.255776003985195644e+01
1.611427042510050569e+02 0.000000000000000000e+00 1.269742609810171352e+01
