1.946451434305685382e+02 0.000000000000000000e+00 2.423007716529983568e+01
1.946723762067891528e+02 0.000000000000000000e+00 2.425730994152046804e+01
1.947104052043323179e+02 0.000000000000000000e+00 2.429533893906363673e+01
1.954639606906813469e+02 0.000000000000000000e+00 2.505809889615557751e+01
1.961137063566213499e+02 0.000000000000000000e+00 2.537413059275407434e+01
1.965951070971313754e+02 0.000000000000000000e+00 2.398681615280805701e+01
1.971221149520744689e+02 0.000000000000000000e+00 2.292235025433405937e+01
1.971611474445482486e+02 0.000000000000000000e+00 2.287632790061939758e+01
1.935337900965431288e+02 0.000000000000000000e+00 2.124582165472853745e+01
1.892558220007612704e+02 0.000000000000000000e+00 1.941731547804422320e+01
1.870355029585798832e+02 0.000000000000000000e+00 1.831322883144745362e+01
1.865827883317761859e+02 0.000000000000000000e+00 1.798370185819578637e+01
1.866413370704868555e+02 0.000000000000000000e+00 1.802965500536350874e+01
1.876178068445274789e+02 0.000000000000000000e+00 1.840112114606041871e+01
1.891679988926952376e+02 0.000000000000000000e+00 1.917280874770753485e+01
1.908754974220561280e+02 0.000000000000000000e+00 1.990574068306861832e+01
1.924780442229834989e+02 0.000000000000000000e+00 2.048005121284473518e+01
1.942046091560261516e+02 0.000000000000000000e+00 2.173642686598152096e+01
1.953712931243295543e+02 0.000000000000000000e+00 2.207837641440880461e+01
1.955463510848126134e+02 0.000000000000000000e+00 2.204076265614727248e+01
1.946123395273192784e+02 0.000000000000000000e+00 2.170130454340980819e+01
1.935763175196373709e+02 0.000000000000000000e+00 2.125741375134087718e+01
1.929455344475587424e+02 0.000000000000000000e+00 2.071514585279767573e+01
1.927277068410671745e+02 0.000000000000000000e+00 2.054119519706564390e+01
1.928706529637703682e+02 0.000000000000000000e+00 2.068857053877296792e+01
1.934344440984117171e+02 0.000000000000000000e+00 2.112778988892349119e+01
1.945210906951797654e+02 0.000000000000000000e+00 2.178480224229211970e+01
1.956200906605764942e+02 0.000000000000000000e+00 2.232405965604346321e+01
1.970880307277068368e+02 0.000000000000000000e+00 2.280940516972905741e+01
1.980005882556489780e+02 0.000000000000000000e+00 2.313734039240112139e+01
1.993395619225578628e+02 0.000000000000000000e+00 2.356818575037198471e+01
1.999458804802934253e+02 0.000000000000000000e+00 2.380888612062701171e+01
2.004893594934080738e+02 0.000000000000000000e+00 2.408287483995986022e+01
2.008559811758192382e+02 0.000000000000000000e+00 2.412567908924184223e+01
2.010008996851101983e+02 0.000000000000000000e+00 2.422505969064673437e+01
2.011420464375929953e+02 0.000000000000000000e+00 2.433534032319457552e+01
2.012131561645731779e+02 0.000000000000000000e+00 2.437807536592961810e+01
2.012175161770303475e+02 0.000000000000000000e+00 2.451088272950621061e+01
2.013104605695698694e+02 0.000000000000000000e+00 2.442319803453406735e+01
2.012740579258797879e+02 0.000000000000000000e+00 2.436271151250908318e+01
1.992847849406553848e+02 0.000000000000000000e+00 2.366988477109934763e+01
1.943867261842970322e+02 0.000000000000000000e+00 2.145783591127720769e+01
1.910873386622374426e+02 0.000000000000000000e+00 1.970569915914045467e+01
1.894324717118239505e+02 0.000000000000000000e+00 1.930897262881068599e+01
1.885629952593515384e+02 0.000000000000000000e+00 1.895446209211391420e+01
1.886541056783971726e+02 0.000000000000000000e+00 1.887248693726426652e+01
1.894900169556040055e+02 0.000000000000000000e+00 1.911875843454790669e+01
1.908911727049379010e+02 0.000000000000000000e+00 1.970504169694453012e+01
1.920126301948164382e+02 0.000000000000000000e+00 2.018564656216478070e+01
1.936090176130661860e+02 0.000000000000000000e+00 2.121834665559362065e+01
1.946624796705768290e+02 0.000000000000000000e+00 2.191553340946053652e+01
1.953922973113256489e+02 0.000000000000000000e+00 2.218665005709540239e+01
1.953288003045088033e+02 0.000000000000000000e+00 2.210474410879269058e+01
1.942457178449081141e+02 0.000000000000000000e+00 2.166673587321360728e+01
1.931247794041316297e+02 0.000000000000000000e+00 2.080691373403924160e+01
1.923189729748434331e+02 0.000000000000000000e+00 2.034797051801100309e+01
1.918301325305373837e+02 0.000000000000000000e+00 2.005796048306169865e+01
1.918520710059171677e+02 0.000000000000000000e+00 2.012135368005813518e+01
1.921792103532994247e+02 0.000000000000000000e+00 2.027962905290840467e+01
1.930571992110453721e+02 0.000000000000000000e+00 2.074625419564690887e+01
1.941993148551852926e+02 0.000000000000000000e+00 2.153098723139208914e+01
1.949397903041627842e+02 0.000000000000000000e+00 2.188030727706841105e+01
1.963508425897089751e+02 0.000000000000000000e+00 2.247140039447731752e+01
1.972807017543859729e+02 0.000000000000000000e+00 2.286304024360704545e+01
1.979246686736565266e+02 0.000000000000000000e+00 2.307792657185369833e+01
1.986225820962663136e+02 0.000000000000000000e+00 2.331177549396172921e+01
1.992909097200595170e+02 0.000000000000000000e+00 2.352001799370220425e+01
1.996411640541195140e+02 0.000000000000000000e+00 2.360382712204574673e+01
1.998640437385376742e+02 0.000000000000000000e+00 2.382476902314958878e+01
2.000774421260251188e+02 0.000000000000000000e+00 2.386501263019481556e+01
1.984783210491712566e+02 0.000000000000000000e+00 2.351527734523686064e+01
1.935878404097027499e+02 0.000000000000000000e+00 2.128547700612477911e+01
1.890090314543755881e+02 0.000000000000000000e+00 1.891100038063600763e+01
1.872144364856915502e+02 0.000000000000000000e+00 1.798307899927333153e+01
1.867936260770268859e+02 0.000000000000000000e+00 1.805446555244126117e+01
1.869997231738122423e+02 0.000000000000000000e+00 1.788698570884805861e+01
1.880248797536247025e+02 0.000000000000000000e+00 1.848707567735907986e+01
1.901443994601889358e+02 0.000000000000000000e+00 1.936814422644382105e+01
1.918763279006194011e+02 0.000000000000000000e+00 2.010989999653967431e+01
1.934582857538323140e+02 0.000000000000000000e+00 2.109598948060486379e+01
1.949592027405792578e+02 0.000000000000000000e+00 2.191999723173812242e+01
1.963083497698882240e+02 0.000000000000000000e+00 2.224730959548773157e+01
1.962989722827779531e+02 0.000000000000000000e+00 2.227675698121042203e+01
1.952854077995778539e+02 0.000000000000000000e+00 2.209131803868645960e+01
1.941838125886708895e+02 0.000000000000000000e+00 2.158891311118031808e+01
1.937312363749610711e+02 0.000000000000000000e+00 2.122450603827121896e+01
1.935430983771064746e+02 0.000000000000000000e+00 2.106806463891484071e+01
1.937218242845773091e+02 0.000000000000000000e+00 2.115266964254818660e+01
1.943008754628187944e+02 0.000000000000000000e+00 2.170410740856085141e+01
1.953002180006228627e+02 0.000000000000000000e+00 2.218530052943008357e+01
1.964022976573583890e+02 0.000000000000000000e+00 2.256527907540053235e+01
1.972638499602062438e+02 0.000000000000000000e+00 2.299470569915914098e+01
1.978499256029620312e+02 0.000000000000000000e+00 2.330831516661476144e+01
1.988698224852070950e+02 0.000000000000000000e+00 2.348454963839579079e+01
1.995543444409841243e+02 0.000000000000000000e+00 2.371521505934461516e+01
1.999809335963182093e+02 0.000000000000000000e+00 2.383535762483131037e+01
2.003041627737983958e+02 0.000000000000000000e+00 2.407830720786186518e+01
2.006696425481850667e+02 0.000000000000000000e+00 2.424495657289179462e+01
2.010393785252084911e+02 0.000000000000000000e+00 2.440485829959514064e+01
2.006802311498667848e+02 0.000000000000000000e+00 2.412190733243364704e+01
1.968090245337209012e+02 0.000000000000000000e+00 2.285255545174573655e+01
1.916313021211806529e+02 0.000000000000000000e+00 2.012149209315201048e+01
1.883705664555866974e+02 0.000000000000000000e+00 1.885650022492127675e+01
1.877251808021038926e+02 0.000000000000000000e+00 1.831783106681892193e+01
1.876698155645524082e+02 0.000000000000000000e+00 1.844821620125263806e+01
1.881476521678950746e+02 0.000000000000000000e+00 1.869801723243018898e+01
1.898741478943908021e+02 0.000000000000000000e+00 1.932426727568428149e+01
1.912569985120592548e+02 0.000000000000000000e+00 1.984137859441503338e+01
1.927070832900792539e+02 0.000000000000000000e+00 2.043655489809335890e+01
1.940873732655109052e+02 0.000000000000000000e+00 2.145745527526904084e+01
1.948649434236478726e+02 0.000000000000000000e+00 2.193134710543617416e+01
1.949239074016402071e+02 0.000000000000000000e+00 2.194075919581992551e+01
1.944215716806809837e+02 0.000000000000000000e+00 2.192494549984428431e+01
1.937967403716391459e+02 0.000000000000000000e+00 2.159929409322121785e+01
1.933318453925741380e+02 0.000000000000000000e+00 2.113045434098065556e+01
1.928757742482438857e+02 0.000000000000000000e+00 2.094851032907713062e+01
1.929676113360323768e+02 0.000000000000000000e+00 2.102463753071040387e+01
1.932607010623204928e+02 0.000000000000000000e+00 2.111619779231115146e+01
1.937155610920792981e+02 0.000000000000000000e+00 2.125402263054084884e+01
1.941537769472992068e+02 0.000000000000000000e+00 2.168268798228312377e+01
1.948168794767985048e+02 0.000000000000000000e+00 2.190100003460327471e+01
1.951344337174296584e+02 0.000000000000000000e+00 2.201979307242465111e+01
1.955740337035883556e+02 0.000000000000000000e+00 2.218298211010761634e+01
1.966999204124710161e+02 0.000000000000000000e+00 2.253105643793902857e+01
1.971604207758053917e+02 0.000000000000000000e+00 2.289771272362365551e+01
1.973525035468355213e+02 0.000000000000000000e+00 2.313214990138067151e+01
1.974826118550815011e+02 0.000000000000000000e+00 2.308744247205785527e+01
1.975539638049759503e+02 0.000000000000000000e+00 2.312377590920101156e+01
1.963715353472438494e+02 0.000000000000000000e+00 2.273390082701823545e+01
1.915515761791065472e+02 0.000000000000000000e+00 2.001823592511851757e+01
1.875277345236859503e+02 0.000000000000000000e+00 1.869680611785874902e+01
1.859885463164815462e+02 0.000000000000000000e+00 1.780269213467594014e+01
1.858672272396968879e+02 0.000000000000000000e+00 1.777978476763901838e+01
1.864934080764040232e+02 0.000000000000000000e+00 1.815529949133188126e+01
1.882341949548427351e+02 0.000000000000000000e+00 1.869867469462610998e+01
1.904791515277345297e+02 0.000000000000000000e+00 1.946288798920377872e+01
1.919079898958441390e+02 0.000000000000000000e+00 2.071355410221806892e+01
1.934790477179141135e+02 0.000000000000000000e+00 2.109363645800892684e+01
1.944289075746565629e+02 0.000000000000000000e+00 2.165926156614415632e+01
1.945707809958822168e+02 0.000000000000000000e+00 2.161455413682134363e+01
1.942834700162635500e+02 0.000000000000000000e+00 2.142143326758711197e+01
1.934892902868611486e+02 0.000000000000000000e+00 2.098733520191009916e+01
1.926298833869684017e+02 0.000000000000000000e+00 2.050316619952247521e+01
1.920919062943354447e+02 0.000000000000000000e+00 2.024865912315305039e+01
1.920512128447351188e+02 0.000000000000000000e+00 2.019190975466279170e+01
1.920843281774455988e+02 0.000000000000000000e+00 2.018751513893214167e+01
1.924276964600851159e+02 0.000000000000000000e+00 2.044049967126890266e+01
1.930939824907436275e+02 0.000000000000000000e+00 2.069376102979341780e+01
1.939302051974116807e+02 0.000000000000000000e+00 2.132208726945568955e+01
1.947051109034914589e+02 0.000000000000000000e+00 2.183248555313332773e+01
1.958922108031419782e+02 0.000000000000000000e+00 2.221755078030381725e+01
1.968302363403577999e+02 0.000000000000000000e+00 2.261175127167030041e+01
1.973109104121249970e+02 0.000000000000000000e+00 2.283072078618637235e+01
1.978323471400394453e+02 0.000000000000000000e+00 2.304695664209834405e+01
1.983439565382885235e+02 0.000000000000000000e+00 2.319121768919339743e+01
1.989561230492404604e+02 0.000000000000000000e+00 2.344669365721997423e+01
1.987017543859649038e+02 0.000000000000000000e+00 2.337364614692549836e+01
1.959937022042285264e+02 0.000000000000000000e+00 2.225910931174088958e+01
1.920065400186857687e+02 0.000000000000000000e+00 2.014709851551956987e+01
1.891693484203605635e+02 0.000000000000000000e+00 1.907353195612304830e+01
1.881739852590054909e+02 0.000000000000000000e+00 1.865369043911553959e+01
1.881922557873974995e+02 0.000000000000000000e+00 1.873715353472438494e+01
1.888660507283989034e+02 0.000000000000000000e+00 1.902297657358386118e+01
1.904065192567216798e+02 0.000000000000000000e+00 1.952188657046956521e+01
1.915016436554898007e+02 0.000000000000000000e+00 1.999242188311014345e+01
1.930257102321879756e+02 0.000000000000000000e+00 2.097200595176303750e+01
1.941427385030623896e+02 0.000000000000000000e+00 2.171428077096093290e+01
1.947215128551160888e+02 0.000000000000000000e+00 2.203733693207377442e+01
1.944819889961590320e+02 0.000000000000000000e+00 2.198134883559984942e+01
1.940163327450776762e+02 0.000000000000000000e+00 2.172538842174469664e+01
1.935660057441433821e+02 0.000000000000000000e+00 2.122980033911208153e+01
1.929533547873628834e+02 0.000000000000000000e+00 2.105280459531471848e+01
1.927465310218346701e+02 0.000000000000000000e+00 2.070742932281393678e+01
1.927900273365860357e+02 0.000000000000000000e+00 2.067687463234021905e+01
1.930824942039516827e+02 0.000000000000000000e+00 2.091061974462784079e+01
1.933290079241496358e+02 0.000000000000000000e+00 2.118592338835253841e+01
1.937723450638430336e+02 0.000000000000000000e+00 2.126686044499809825e+01
1.942254403266549048e+02 0.000000000000000000e+00 2.159835980483753914e+01
1.945626146233433644e+02 0.000000000000000000e+00 2.186868057718260161e+01
1.950236686390532554e+02 0.000000000000000000e+00 2.217443510156060782e+01
1.959439080937056588e+02 0.000000000000000000e+00 2.244614000484445882e+01
1.961512509083359248e+02 0.000000000000000000e+00 2.255804699124537294e+01
1.964941347451468801e+02 0.000000000000000000e+00 2.276701615972871195e+01
1.966889511747811241e+02 0.000000000000000000e+00 2.270974774213640757e+01
1.968548738710682073e+02 0.000000000000000000e+00 2.280490674417799823e+01
1.965700543271393599e+02 0.000000000000000000e+00 2.275476660092044767e+01
1.933556870479947349e+02 0.000000000000000000e+00 2.084494273158240674e+01
1.896901276860791086e+02 0.000000000000000000e+00 1.924772483476936813e+01
1.875583238174331200e+02 0.000000000000000000e+00 1.885653482819474647e+01
1.872704245821654752e+02 0.000000000000000000e+00 1.855846223052700950e+01
1.874051697290563823e+02 0.000000000000000000e+00 1.876206789162254651e+01
1.885443440949513842e+02 0.000000000000000000e+00 1.924433371396933978e+01
1.902592131215612881e+02 0.000000000000000000e+00 1.958247690231495852e+01
1.919943596664244296e+02 0.000000000000000000e+00 2.033755493269663361e+01
1.935215751410083271e+02 0.000000000000000000e+00 2.122031904218139076e+01
1.952440914910550589e+02 0.000000000000000000e+00 2.213304958649088050e+01
1.955983598048375427e+02 0.000000000000000000e+00 2.220094120903837620e+01
1.952391432229488828e+02 0.000000000000000000e+00 2.198899615903664539e+01
1.943279352226720675e+02 0.000000000000000000e+00 2.186141388975397248e+01
1.936849717983321284e+02 0.000000000000000000e+00 2.136461469254991385e+01
1.933986297103706136e+02 0.000000000000000000e+00 2.100989653621232733e+01
1.934373161701096819e+02 0.000000000000000000e+00 2.115260043600124717e+01
1.937391605245856283e+02 0.000000000000000000e+00 2.135354164503961982e+01
1.942684867988511712e+02 0.000000000000000000e+00 2.164507422402159165e+01
1.952959617979860809e+02 0.000000000000000000e+00 2.192262708052181708e+01
1.962738503062389839e+02 0.000000000000000000e+00 2.242160628395446054e+01
1.969760199314855242e+02 0.000000000000000000e+00 2.275656597114086921e+01
1.974055157617910652e+02 0.000000000000000000e+00 2.303356517526557923e+01
1.977983321222187669e+02 0.000000000000000000e+00 2.314616422713588761e+01
1.981894529222464314e+02 0.000000000000000000e+00 2.331689677843523967e+01
1.984498771583791950e+02 0.000000000000000000e+00 2.339779923180732979e+01
1.986824111560953554e+02 0.000000000000000000e+00 2.353884217446970339e+01
1.985917159763313578e+02 0.000000000000000000e+00 2.350821827744904624e+01
1.971890722862382859e+02 0.000000000000000000e+00 2.288913111180317728e+01
1.932757188830063342e+02 0.000000000000000000e+00 2.106858368801688641e+01
1.899942212533305792e+02 0.000000000000000000e+00 1.933644762794560279e+01
1.882141596595037925e+02 0.000000000000000000e+00 1.908848057026194667e+01
1.879636319595833811e+02 0.000000000000000000e+00 1.887539361223571888e+01
1.881009377487110328e+02 0.000000000000000000e+00 1.887068756704384143e+01
1.891786220976504467e+02 0.000000000000000000e+00 1.904924045814734157e+01
1.906984324717118113e+02 0.000000000000000000e+00 1.952624658292674553e+01
1.915705387729679217e+02 0.000000000000000000e+00 2.029142876916156268e+01
1.927597494723000864e+02 0.000000000000000000e+00 2.069988580919754995e+01
1.934159659503789044e+02 0.000000000000000000e+00 2.122751652306308046e+01
1.933462749576110014e+02 0.000000000000000000e+00 2.106010588601681732e+01
1.923679366068029992e+02 0.000000000000000000e+00 2.026128931796948152e+01
1.914176615107789132e+02 0.000000000000000000e+00 1.983719159832520162e+01
1.906105401570988533e+02 0.000000000000000000e+00 1.958341119069864078e+01
1.902521886570469576e+02 0.000000000000000000e+00 1.933876604726807003e+01
1.901393473822623719e+02 0.000000000000000000e+00 1.916211633620540411e+01
1.903406692273088936e+02 0.000000000000000000e+00 1.923416035156925830e+01
1.906691581023564765e+02 0.000000000000000000e+00 1.947897851136717406e+01
1.913094224713657923e+02 0.000000000000000000e+00 1.979269178864320722e+01
1.916809578186096417e+02 0.000000000000000000e+00 2.016429634243399249e+01
1.920814561057476055e+02 0.000000000000000000e+00 2.025191183085919988e+01
1.924998788885428667e+02 0.000000000000000000e+00 2.049385791895913300e+01
1.929897920343264559e+02 0.000000000000000000e+00 2.077061490016955503e+01
1.935174227481919900e+02 0.000000000000000000e+00 2.100868542164088737e+01
1.939242188311014274e+02 0.000000000000000000e+00 2.138593030900723235e+01
1.942184504654140369e+02 0.000000000000000000e+00 2.147586421675490342e+01
1.933572095920274023e+02 0.000000000000000000e+00 2.088570538772967922e+01
1.905425101214574966e+02 0.000000000000000000e+00 1.955282189695145334e+01
1.876831724281117033e+02 0.000000000000000000e+00 1.856365272154745938e+01
1.870930482023599382e+02 0.000000000000000000e+00 1.812626734489082736e+01
1.871734662099034665e+02 0.000000000000000000e+00 1.826675663517768911e+01
1.878467074985293550e+02 0.000000000000000000e+00 1.850288937333471750e+01
1.896236201944703907e+02 0.000000000000000000e+00 1.907027924841689881e+01
1.908812069621786236e+02 0.000000000000000000e+00 1.944904667981591118e+01
1.917890584449288838e+02 0.000000000000000000e+00 1.989037682964808340e+01
1.927109934599813243e+02 0.000000000000000000e+00 2.052406657669815715e+01
1.931892799058790899e+02 0.000000000000000000e+00 2.079847053531264223e+01
1.931885532371362331e+02 0.000000000000000000e+00 2.076715457282258726e+01
1.924943077615142499e+02 0.000000000000000000e+00 2.053313263434720781e+01
1.914461400048444659e+02 0.000000000000000000e+00 1.979058098896155471e+01
1.906434478701685293e+02 0.000000000000000000e+00 1.952877262189003105e+01
1.902977265649330434e+02 0.000000000000000000e+00 1.925744835461434690e+01
1.902026713727118477e+02 0.000000000000000000e+00 1.918301671338108605e+01
1.903335063497006843e+02 0.000000000000000000e+00 1.924755181840201956e+01
1.906676701615973002e+02 0.000000000000000000e+00 1.957908578151493018e+01
1.910386172531921432e+02 0.000000000000000000e+00 1.978206858368801591e+01
1.913315339631129177e+02 0.000000000000000000e+00 1.994425412644036300e+01
1.916442091421848488e+02 0.000000000000000000e+00 2.015159694107062549e+01
1.919507941451261388e+02 0.000000000000000000e+00 2.030734627495760947e+01
1.921912868957403475e+02 0.000000000000000000e+00 2.033322952351292301e+01
1.923772794906398076e+02 0.000000000000000000e+00 2.037409598948060463e+01
1.925651060590331838e+02 0.000000000000000000e+00 2.053493200456763290e+01
1.925948302709436177e+02 0.000000000000000000e+00 2.062258209626630645e+01
1.919378871241219429e+02 0.000000000000000000e+00 2.022876224090799013e+01
1.881544344094951384e+02 0.000000000000000000e+00 1.902515657981244956e+01
1.844638222775874681e+02 0.000000000000000000e+00 1.693224679054638671e+01
1.821643655489809248e+02 0.000000000000000000e+00 1.625018166718571422e+01
1.817921035329942185e+02 0.000000000000000000e+00 1.604927506142081128e+01
1.819296169417627027e+02 0.000000000000000000e+00 1.628464652756150599e+01
1.828304093567251414e+02 0.000000000000000000e+00 1.671376172185888720e+01
1.847106820305200756e+02 0.000000000000000000e+00 1.725606422367555837e+01
1.852881760614554025e+02 0.000000000000000000e+00 1.758275372850271623e+01
1.858458078134191567e+02 0.000000000000000000e+00 1.775006055572857022e+01
1.863364130246721402e+02 0.000000000000000000e+00 1.818979895498114274e+01
1.864675248278487061e+02 0.000000000000000000e+00 1.808671580331499484e+01
1.864342018754974220e+02 0.000000000000000000e+00 1.821090695179763941e+01
1.860862313574864118e+02 0.000000000000000000e+00 1.809117962559258075e+01
1.856726184297034479e+02 0.000000000000000000e+00 1.789480604865220315e+01
1.855410567839717544e+02 0.000000000000000000e+00 1.775632374822658122e+01
1.856112322225682476e+02 0.000000000000000000e+00 1.794165888093013450e+01
1.858923492162358571e+02 0.000000000000000000e+00 1.814761756462161202e+01
1.865646562164780846e+02 0.000000000000000000e+00 1.851970656424097683e+01
1.875837572234333379e+02 0.000000000000000000e+00 1.873331257136925032e+01
1.878578151493131259e+02 0.000000000000000000e+00 1.869483373127097892e+01
1.879606214747915089e+02 0.000000000000000000e+00 1.870005882556489851e+01
1.880709367106128127e+02 0.000000000000000000e+00 1.882525346897816476e+01
1.882008027959444973e+02 0.000000000000000000e+00 1.896619260182013278e+01
1.883280044292189928e+02 0.000000000000000000e+00 1.893574172116682064e+01
1.883970033565175299e+02 0.000000000000000000e+00 1.881940551576179033e+01
1.887617910654347781e+02 0.000000000000000000e+00 1.915194297380532262e+01
1.894848610678570253e+02 0.000000000000000000e+00 1.934399114156199317e+01
1.904429911069587149e+02 0.000000000000000000e+00 1.969497214436485777e+01
1.911726357313401934e+02 0.000000000000000000e+00 2.018813799785459651e+01
1.911234990830132574e+02 0.000000000000000000e+00 2.005678397176372840e+01
1.878069137340392274e+02 0.000000000000000000e+00 1.896366656285684726e+01
1.842383819509325633e+02 0.000000000000000000e+00 1.743866569777500786e+01
1.821407315132011604e+02 0.000000000000000000e+00 1.664580089276445563e+01
1.821013183847192067e+02 0.000000000000000000e+00 1.662396622720509498e+01
1.824975604692203888e+02 0.000000000000000000e+00 1.690421813903595449e+01
1.841560261600747310e+02 0.000000000000000000e+00 1.745631336724454030e+01
1.850949167791273169e+02 0.000000000000000000e+00 1.765358662929513045e+01
1.855466971175473248e+02 0.000000000000000000e+00 1.787753901519083755e+01
1.860392055088411496e+02 0.000000000000000000e+00 1.792982456140351033e+01
1.868085746911657736e+02 0.000000000000000000e+00 1.832713934738226413e+01
1.871720128724177243e+02 0.000000000000000000e+00 1.845804353091802597e+01
1.870978234540987444e+02 0.000000000000000000e+00 1.819049102045053345e+01
1.866373922973113224e+02 0.000000000000000000e+00 1.817713415689124190e+01
1.865387383646493049e+02 0.000000000000000000e+00 1.812983148205820427e+01
1.865545174573514657e+02 0.000000000000000000e+00 1.806394684937195194e+01
1.866454548600297585e+02 0.000000000000000000e+00 1.804346171147790656e+01
1.868726945569050883e+02 0.000000000000000000e+00 1.808661199349458570e+01
1.872373092494549951e+02 0.000000000000000000e+00 1.834174192878646181e+01
1.877787466694349234e+02 0.000000000000000000e+00 1.872262015986712314e+01
1.883058929374718957e+02 0.000000000000000000e+00 1.897093325028547639e+01
1.890180975120246387e+02 0.000000000000000000e+00 1.917550780303816893e+01
1.901453337485726252e+02 0.000000000000000000e+00 1.954091837087788619e+01
1.905920966123395317e+02 0.000000000000000000e+00 1.967991972040555027e+01
1.907797501643655380e+02 0.000000000000000000e+00 1.981144676286376693e+01
1.911194158967438455e+02 0.000000000000000000e+00 1.988480570261946667e+01
1.913039897574310544e+02 0.000000000000000000e+00 1.999422125333056499e+01
1.915897089864701286e+02 0.000000000000000000e+00 2.023765528218969578e+01
1.919029724211910377e+02 0.000000000000000000e+00 2.030537388836983936e+01
1.922172047475691272e+02 0.000000000000000000e+00 2.042350946399529477e+01
1.929129035606768525e+02 0.000000000000000000e+00 2.087940759195819851e+01
1.939290632893871873e+02 0.000000000000000000e+00 2.140503131596248920e+01
1.947216858714834302e+02 0.000000000000000000e+00 2.189321429807259634e+01
1.953983528841828559e+02 0.000000000000000000e+00 2.205595349320045528e+01
1.938483338523824386e+02 0.000000000000000000e+00 2.152576213709816955e+01
1.899357417211668349e+02 0.000000000000000000e+00 1.931879995847607034e+01
1.865052423959306509e+02 0.000000000000000000e+00 1.832388663967611464e+01
1.846901276860791086e+02 0.000000000000000000e+00 1.767656320287899163e+01
1.840876846949721539e+02 0.000000000000000000e+00 1.735675974947229960e+01
1.843426762171701512e+02 0.000000000000000000e+00 1.735181148136613771e+01
1.851962697671199578e+02 0.000000000000000000e+00 1.759098930758849733e+01
1.861183777985397398e+02 0.000000000000000000e+00 1.812429495830305370e+01
1.866064915741029040e+02 0.000000000000000000e+00 1.823357209592027317e+01
1.871696598498217838e+02 0.000000000000000000e+00 1.821277552856500392e+01
1.876253849614173532e+02 0.000000000000000000e+00 1.839084397383992453e+01
1.878870549153949980e+02 0.000000000000000000e+00 1.860995190144987887e+01
1.880344648603757776e+02 0.000000000000000000e+00 1.867265303297692114e+01
1.880261946780165374e+02 0.000000000000000000e+00 1.863144053427454239e+01
1.879699297553548547e+02 0.000000000000000000e+00 1.851593480743278164e+01
1.880059517630367907e+02 0.000000000000000000e+00 1.864898439392366569e+01
1.880606249351188524e+02 0.000000000000000000e+00 1.872850271635696728e+01
1.882242638153569203e+02 0.000000000000000000e+00 1.884632686252119527e+01
1.886602304578013047e+02 0.000000000000000000e+00 1.915017820685836725e+01
1.889280597944565443e+02 0.000000000000000000e+00 1.928070175438596578e+01
1.894962455448285539e+02 0.000000000000000000e+00 1.926194678016540252e+01
1.901622201460258168e+02 0.000000000000000000e+00 1.945178033842001497e+01
1.906678777812381043e+02 0.000000000000000000e+00 1.942357867054223419e+01
1.910283746842451365e+02 0.000000000000000000e+00 1.976497456659399887e+01
1.913657219973009376e+02 0.000000000000000000e+00 2.006484653448216093e+01
1.915561438112045494e+02 0.000000000000000000e+00 2.014149278521747988e+01
1.918002006989861172e+02 0.000000000000000000e+00 2.013889753970725494e+01
1.919713138862936432e+02 0.000000000000000000e+00 2.033250285477006258e+01
1.922726391916675368e+02 0.000000000000000000e+00 2.038496141735008038e+01
1.922700785494307638e+02 0.000000000000000000e+00 2.056565971140869920e+01
1.923772102840928824e+02 0.000000000000000000e+00 2.046759403439565261e+01
1.924694280078895474e+02 0.000000000000000000e+00 2.055109173327796768e+01
1.928044569016228991e+02 0.000000000000000000e+00 2.077137617218588872e+01
1.933437489186476910e+02 0.000000000000000000e+00 2.125980137721028385e+01
1.940895878750129668e+02 0.000000000000000000e+00 2.171787951140177952e+01
1.945641371673760318e+02 0.000000000000000000e+00 2.202937817917575103e+01
1.936271497283643157e+02 0.000000000000000000e+00 2.117336240008304671e+01
1.893072770684106843e+02 0.000000000000000000e+00 1.931443994601889358e+01
1.868941485864562821e+02 0.000000000000000000e+00 1.838516903699089866e+01
1.855587390567147565e+02 0.000000000000000000e+00 1.791885532371362189e+01
1.851441572372746407e+02 0.000000000000000000e+00 1.768144226443821410e+01
1.853302536419945454e+02 0.000000000000000000e+00 1.771902141942627651e+01
1.862264438215855193e+02 0.000000000000000000e+00 1.809547043150282164e+01
1.873674521609744374e+02 0.000000000000000000e+00 1.869694453095262787e+01
1.881714246167687463e+02 0.000000000000000000e+00 1.897702342641613882e+01
1.890938094743762861e+02 0.000000000000000000e+00 1.920623550987923522e+01
1.896636907851482761e+02 0.000000000000000000e+00 1.938240077511332515e+01
1.896624796705768290e+02 0.000000000000000000e+00 1.952673102875532152e+01
1.893359977853905036e+02 0.000000000000000000e+00 1.933949271601093400e+01
1.885070071628776134e+02 0.000000000000000000e+00 1.928810685490847376e+01
1.878592338835253770e+02 0.000000000000000000e+00 1.884615384615384670e+01
1.875155195681511486e+02 0.000000000000000000e+00 1.840181321152980942e+01
1.873325028547700697e+02 0.000000000000000000e+00 1.837201979307242539e+01
1.874535451053669703e+02 0.000000000000000000e+00 1.841707325512993521e+01
1.878131423232637758e+02 0.000000000000000000e+00 1.863438181251946446e+01
1.881936745216097506e+02 0.000000000000000000e+00 1.889532509775424884e+01
1.887309249454998508e+02 0.000000000000000000e+00 1.914439946018893224e+01
1.895232360981348734e+02 0.000000000000000000e+00 1.945600193778331288e+01
1.905759368836291969e+02 0.000000000000000000e+00 1.976929997577770948e+01
1.910670611439842332e+02 0.000000000000000000e+00 1.996892626042423657e+01
1.914152392816360475e+02 0.000000000000000000e+00 2.014713311879303959e+01
1.915897781930170538e+02 0.000000000000000000e+00 2.023710162981418037e+01
1.917766358697532780e+02 0.000000000000000000e+00 2.023706702654071066e+01
1.919234229558116169e+02 0.000000000000000000e+00 2.016132046091560426e+01
1.920593792172739427e+02 0.000000000000000000e+00 2.024893594934080809e+01
1.922970691027371117e+02 0.000000000000000000e+00 2.033271047441088086e+01
1.926409910377521726e+02 0.000000000000000000e+00 2.069351880687912981e+01
1.930207965673552621e+02 0.000000000000000000e+00 2.076369424547562303e+01
1.935354510536696750e+02 0.000000000000000000e+00 2.124360704522647936e+01
1.941468216893318015e+02 0.000000000000000000e+00 2.154077995778400734e+01
1.947571196235163882e+02 0.000000000000000000e+00 2.221087234852416969e+01
1.956709920758503642e+02 0.000000000000000000e+00 2.239468493719505915e+01
1.951453337485726252e+02 0.000000000000000000e+00 2.216571507664625074e+01
1.917735561784144807e+02 0.000000000000000000e+00 2.030014879407591977e+01
1.887421710093775005e+02 0.000000000000000000e+00 1.914865566282570342e+01
1.879976469774040595e+02 0.000000000000000000e+00 1.879217273954116152e+01
1.878162566178760642e+02 0.000000000000000000e+00 1.865327519983390303e+01
1.880811792795598478e+02 0.000000000000000000e+00 1.877106474272466130e+01
1.897008893041281681e+02 0.000000000000000000e+00 1.915121630506245864e+01
1.914149278521748272e+02 0.000000000000000000e+00 2.002699055330634437e+01
1.932771722204920479e+02 0.000000000000000000e+00 2.089480604865220315e+01
1.947222395238589456e+02 0.000000000000000000e+00 2.193626077026886634e+01
1.961717706495034292e+02 0.000000000000000000e+00 2.248555313332641248e+01
1.964010173362400167e+02 0.000000000000000000e+00 2.252344371777570231e+01
1.958972282777950795e+02 0.000000000000000000e+00 2.224083878334890585e+01
1.944289075746565629e+02 0.000000000000000000e+00 2.187193328488875110e+01
1.935396380497595032e+02 0.000000000000000000e+00 2.133277968095782029e+01
1.927456313367244434e+02 0.000000000000000000e+00 2.084923353749264763e+01
1.925487733139555075e+02 0.000000000000000000e+00 2.075320945361431058e+01
1.921131873075192971e+02 0.000000000000000000e+00 2.065569742897678296e+01
1.923507387798885873e+02 0.000000000000000000e+00 2.056783971763728758e+01
1.926385688086093069e+02 0.000000000000000000e+00 2.080591023910861992e+01
1.931636042769646053e+02 0.000000000000000000e+00 2.109882694902937672e+01
1.936879476798505095e+02 0.000000000000000000e+00 2.148711028063254957e+01
1.940403820201391056e+02 0.000000000000000000e+00 2.182189695145160613e+01
1.945011592096612389e+02 0.000000000000000000e+00 2.206861829129035613e+01
1.950397245579431740e+02 0.000000000000000000e+00 2.217042112183812463e+01
1.960887573964496937e+02 0.000000000000000000e+00 2.257569466071490538e+01
1.966860444998096682e+02 0.000000000000000000e+00 2.289331810789300548e+01
1.968932489013460554e+02 0.000000000000000000e+00 2.297041420118343069e+01
1.971282397314786010e+02 0.000000000000000000e+00 2.295304335790165595e+01
1.973532994221253318e+02 0.000000000000000000e+00 2.309477836603342737e+01
1.974973182463060937e+02 0.000000000000000000e+00 2.302183466555936064e+01
1.977815841378594541e+02 0.000000000000000000e+00 2.322762033288348960e+01
1.981211806636907795e+02 0.000000000000000000e+00 2.338153569327658232e+01
1.987285719229039103e+02 0.000000000000000000e+00 2.357230353991487704e+01
1.991893491124260436e+02 0.000000000000000000e+00 2.363403577978476733e+01
1.959150835669054231e+02 0.000000000000000000e+00 2.237357694037855893e+01
1.922016332745077705e+02 0.000000000000000000e+00 2.030786532405965517e+01
1.907056645558669743e+02 0.000000000000000000e+00 1.948133153396311457e+01
1.903011868922800147e+02 0.000000000000000000e+00 1.942651994878715627e+01
1.905850721478251728e+02 0.000000000000000000e+00 1.956112668258417386e+01
1.917349735284958001e+02 0.000000000000000000e+00 2.010827364268659778e+01
1.934790131146406509e+02 0.000000000000000000e+00 2.097615834457939599e+01
1.954951382400775231e+02 0.000000000000000000e+00 2.202588324855531354e+01
1.973514654486314441e+02 0.000000000000000000e+00 2.296031004533028863e+01
1.993011522890065521e+02 0.000000000000000000e+00 2.359469185784975309e+01
2.001730855738952926e+02 0.000000000000000000e+00 2.376916156268383062e+01
2.001696252465483212e+02 0.000000000000000000e+00 2.388833523651337387e+01
1.993715699505173120e+02 0.000000000000000000e+00 2.359957091940897556e+01
1.979157064258278922e+02 0.000000000000000000e+00 2.323038859476106310e+01
1.974665559361915541e+02 0.000000000000000000e+00 2.302287276376345204e+01
1.973205301221495631e+02 0.000000000000000000e+00 2.290480639468493607e+01
1.974277656666320695e+02 0.000000000000000000e+00 2.301993148551852997e+01
1.976306100557112586e+02 0.000000000000000000e+00 2.309709678535589461e+01
1.984666251427385077e+02 0.000000000000000000e+00 2.347389183016713332e+01
1.996355583238174347e+02 0.000000000000000000e+00 2.372473095954877209e+01
2.005710578220699745e+02 0.000000000000000000e+00 2.404415377694730083e+01
2.014348593376933536e+02 0.000000000000000000e+00 2.445361431191390622e+01
2.021654382504584930e+02 0.000000000000000000e+00 2.480466452126371024e+01
2.028088515173535313e+02 0.000000000000000000e+00 2.517685733070348419e+01
2.032703899788920126e+02 0.000000000000000000e+00 2.551084812623274090e+01
2.039561576525139230e+02 0.000000000000000000e+00 2.570358835945880571e+01
2.045071109726980296e+02 0.000000000000000000e+00 2.591563721928094566e+01
2.049878542510121520e+02 0.000000000000000000e+00 2.615678743209107537e+01
2.053364822312190654e+02 0.000000000000000000e+00 2.615128551160939807e+01
2.054784248589916729e+02 0.000000000000000000e+00 2.629710370601058855e+01
2.056960448458424082e+02 0.000000000000000000e+00 2.637831758884390609e+01
2.061233606699193786e+02 0.000000000000000000e+00 2.667019620056057150e+01
2.063201840894148518e+02 0.000000000000000000e+00 2.692165818886466511e+01
2.061350565763521274e+02 0.000000000000000000e+00 2.665687394027474966e+01
2.027575002595245621e+02 0.000000000000000000e+00 2.519761929478528728e+01
1.985744143395965295e+02 0.000000000000000000e+00 2.353780407626561555e+01
1.959223502543340487e+02 0.000000000000000000e+00 2.267317208207896329e+01
1.946539326620298311e+02 0.000000000000000000e+00 2.196698847710993618e+01
1.943117062874147791e+02 0.000000000000000000e+00 2.183252015640679744e+01
1.952298349423855370e+02 0.000000000000000000e+00 2.210785840340496122e+01
1.970765078376414294e+02 0.000000000000000000e+00 2.281580677532094370e+01
1.988256341049863352e+02 0.000000000000000000e+00 2.328783002872071606e+01
2.004231634312606047e+02 0.000000000000000000e+00 2.415827537285027304e+01
2.014946191909754702e+02 0.000000000000000000e+00 2.459157756323748245e+01
2.021601093463441714e+02 0.000000000000000000e+00 2.479892037786774495e+01
2.021842624312259886e+02 0.000000000000000000e+00 2.475884978718986673e+01
2.016245544828540801e+02 0.000000000000000000e+00 2.464330945707463982e+01
2.005167652859960583e+02 0.000000000000000000e+00 2.424467974670403692e+01
2.000208657739022158e+02 0.000000000000000000e+00 2.397716183951001767e+01
1.997316170109692450e+02 0.000000000000000000e+00 2.375545866638984194e+01
1.997231738122426350e+02 0.000000000000000000e+00 2.371310425966296265e+01
1.998980241530848900e+02 0.000000000000000000e+00 2.385293608775389984e+01
2.003836118896847722e+02 0.000000000000000000e+00 2.407415481504550314e+01
2.010434271082044404e+02 0.000000000000000000e+00 2.421692792138136241e+01
2.020509360185473611e+02 0.000000000000000000e+00 2.474179037336931941e+01
2.025032354060694217e+02 0.000000000000000000e+00 2.494543063773832969e+01
2.030447766358697663e+02 0.000000000000000000e+00 2.533250285477006258e+01
2.037596110592062075e+02 0.000000000000000000e+00 2.585369735977023353e+01
2.042291774801896338e+02 0.000000000000000000e+00 2.583646492958233765e+01
2.047465310218346701e+02 0.000000000000000000e+00 2.596356275303643812e+01
2.052507699228347064e+02 0.000000000000000000e+00 2.605830651579639579e+01
2.054972836430326311e+02 0.000000000000000000e+00 2.617145922004221603e+01
2.057791273054430974e+02 0.000000000000000000e+00 2.634714003944773353e+01
2.059081975154849715e+02 0.000000000000000000e+00 2.636077372919478279e+01
2.060616284300494954e+02 0.000000000000000000e+00 2.656192255787397372e+01
2.062754074535451139e+02 0.000000000000000000e+00 2.673916052458562476e+01
2.061356794352745680e+02 0.000000000000000000e+00 2.652870341534309162e+01
2.032221876189487659e+02 0.000000000000000000e+00 2.535253815010900169e+01
1.997749403093532692e+02 0.000000000000000000e+00 2.375781168898577889e+01
1.962117028270874357e+02 0.000000000000000000e+00 2.248942869995501681e+01
1.945592927090902720e+02 0.000000000000000000e+00 2.183774525070071704e+01
1.943453060659538494e+02 0.000000000000000000e+00 2.161268556005398267e+01
1.946621682411156087e+02 0.000000000000000000e+00 2.178698224852071164e+01
1.961451261289317927e+02 0.000000000000000000e+00 2.237745250700716326e+01
1.973691823246479089e+02 0.000000000000000000e+00 2.303249247378802167e+01
1.983538530745008472e+02 0.000000000000000000e+00 2.323848576075296890e+01
1.988540087892314716e+02 0.000000000000000000e+00 2.341710785840340492e+01
1.991264057579847133e+02 0.000000000000000000e+00 2.355718190940863010e+01
1.985380462991799106e+02 0.000000000000000000e+00 2.333644762794560279e+01
1.975204678362572963e+02 0.000000000000000000e+00 2.291494515381155139e+01
1.960148102010450089e+02 0.000000000000000000e+00 2.243648569154641947e+01
1.948913111180317799e+02 0.000000000000000000e+00 2.191023910861967394e+01
1.944882175853835804e+02 0.000000000000000000e+00 2.185470085470085522e+01
1.945333402539880296e+02 0.000000000000000000e+00 2.189871621855427364e+01
1.952278279525243079e+02 0.000000000000000000e+00 2.214979757085020395e+01
1.962562026367694443e+02 0.000000000000000000e+00 2.246714419184054634e+01
1.970768884736496034e+02 0.000000000000000000e+00 2.307277068410671816e+01
1.980625973217066473e+02 0.000000000000000000e+00 2.341139831828090934e+01
1.991240873386622354e+02 0.000000000000000000e+00 2.364849994809508971e+01
1.998923838195093197e+02 0.000000000000000000e+00 2.386736565279075251e+01
2.001702827087442529e+02 0.000000000000000000e+00 2.390359528011349965e+01
2.002085193259282221e+02 0.000000000000000000e+00 2.392480708675040546e+01
1.998600643620886501e+02 0.000000000000000000e+00 2.374383196650403249e+01
1.994688743555140320e+02 0.000000000000000000e+00 2.355375618533513205e+01
1.992791100038063519e+02 0.000000000000000000e+00 2.373798401328765806e+01
1.995677359078168820e+02 0.000000000000000000e+00 2.373677289871621809e+01
1.996094674556213135e+02 0.000000000000000000e+00 2.372480016609571152e+01
1.996627218934911241e+02 0.000000000000000000e+00 2.378649780269213565e+01
1.998619675421294914e+02 0.000000000000000000e+00 2.385065227170490232e+01
1.992463753071040458e+02 0.000000000000000000e+00 2.363410498633170675e+01
1.957057337624139279e+02 0.000000000000000000e+00 2.206124779404131786e+01
1.921404546870134027e+02 0.000000000000000000e+00 2.006432748538011523e+01
1.900346724800166101e+02 0.000000000000000000e+00 1.930520087200249080e+01
1.895372850271635627e+02 0.000000000000000000e+00 1.904879061559223530e+01
1.897873974878023375e+02 0.000000000000000000e+00 1.919246340703830711e+01
1.909721789681303790e+02 0.000000000000000000e+00 1.972317381224263855e+01
1.923670023184193099e+02 0.000000000000000000e+00 2.021377902349562206e+01
1.939679573687670882e+02 0.000000000000000000e+00 2.131651614242707282e+01
1.958127962905290929e+02 0.000000000000000000e+00 2.237343852728468008e+01
1.971156787432091164e+02 0.000000000000000000e+00 2.296574275926502651e+01
1.977144191840548046e+02 0.000000000000000000e+00 2.309270216962524813e+01
1.977461157825530336e+02 0.000000000000000000e+00 2.327942143326758639e+01
1.975005363507387699e+02 0.000000000000000000e+00 2.303626423059621331e+01
1.968821758538357756e+02 0.000000000000000000e+00 2.273604622997335412e+01
1.962740925291532506e+02 0.000000000000000000e+00 2.234136129277829852e+01
1.958697532786601698e+02 0.000000000000000000e+00 2.231447454929236329e+01
1.958464998788885509e+02 0.000000000000000000e+00 2.242292120834630964e+01
1.961158171563029953e+02 0.000000000000000000e+00 2.241409737361154342e+01
1.966967715145852935e+02 0.000000000000000000e+00 2.269524897055261548e+01
1.971907678466382947e+02 0.000000000000000000e+00 2.289113810166441709e+01
1.974322640921831180e+02 0.000000000000000000e+00 2.297965327519983347e+01
1.978339388906190663e+02 0.000000000000000000e+00 2.324256894702238796e+01
1.986469774040624259e+02 0.000000000000000000e+00 2.352638499602062438e+01
1.993371050901415344e+02 0.000000000000000000e+00 2.371988650126301934e+01
1.995965950378905802e+02 0.000000000000000000e+00 2.400411778954289233e+01
1.999833558254610750e+02 0.000000000000000000e+00 2.394228173985258934e+01
2.002654417107858364e+02 0.000000000000000000e+00 2.403377279490639751e+01
2.007163915706425712e+02 0.000000000000000000e+00 2.422706668050797774e+01
2.011214574898785372e+02 0.000000000000000000e+00 2.441343991141561887e+01
2.014866950413509130e+02 0.000000000000000000e+00 2.466282570331153323e+01
2.017520329423163332e+02 0.000000000000000000e+00 2.475846915118170344e+01
2.001502820166787728e+02 0.000000000000000000e+00 2.404449980968199441e+01
1.964989099968857147e+02 0.000000000000000000e+00 2.255988096473926419e+01
1.939814180421467995e+02 0.000000000000000000e+00 2.131758884390463393e+01
1.930078895463510946e+02 0.000000000000000000e+00 2.065016090522163239e+01
1.927077407522751571e+02 0.000000000000000000e+00 2.065410567839717615e+01
1.934346517180525211e+02 0.000000000000000000e+00 2.126447281912868803e+01
1.946098480916294591e+02 0.000000000000000000e+00 2.203225025087373368e+01
1.959479912799750991e+02 0.000000000000000000e+00 2.270068168448735335e+01
1.968613446832070224e+02 0.000000000000000000e+00 2.285532371362331006e+01
1.975569396864943315e+02 0.000000000000000000e+00 2.321813903595280237e+01
1.985682895601923974e+02 0.000000000000000000e+00 2.361071317346620901e+01
1.989598948060486521e+02 0.000000000000000000e+00 2.368867434859337706e+01
1.984937541091387345e+02 0.000000000000000000e+00 2.367818955673206816e+01
1.977572234333368044e+02 0.000000000000000000e+00 2.310782380013149151e+01
1.970640506591923611e+02 0.000000000000000000e+00 2.307685387037613722e+01
1.967087788504792627e+02 0.000000000000000000e+00 2.288933873144399556e+01
1.964541333610159484e+02 0.000000000000000000e+00 2.290113844769715357e+01
1.965018166718571706e+02 0.000000000000000000e+00 2.281359216581888560e+01
1.969279213813626654e+02 0.000000000000000000e+00 2.289048063946849254e+01
1.973324336482231161e+02 0.000000000000000000e+00 2.304515727187791896e+01
1.977386414754835755e+02 0.000000000000000000e+00 2.326173916052458424e+01
1.984714349977507766e+02 0.000000000000000000e+00 2.371625315754870300e+01
1.990831170628741518e+02 0.000000000000000000e+00 2.378037302328800351e+01
1.997156302986262517e+02 0.000000000000000000e+00 2.398141804214678885e+01
2.000866812000415109e+02 0.000000000000000000e+00 2.413875912661337608e+01
2.004358282293505056e+02 0.000000000000000000e+00 2.423308765009169718e+01
2.007453545105366857e+02 0.000000000000000000e+00 2.432226028582303812e+01
2.009927679158448370e+02 0.000000000000000000e+00 2.440205543444409741e+01
2.010988615523028500e+02 0.000000000000000000e+00 2.458289214159659508e+01
2.008627288141458109e+02 0.000000000000000000e+00 2.421651268209972585e+01
1.974242015294646819e+02 0.000000000000000000e+00 2.295892591439150010e+01
1.941292432264092156e+02 0.000000000000000000e+00 2.153662756496764530e+01
1.919031108342849166e+02 0.000000000000000000e+00 2.035627530364372362e+01
1.912639883733001227e+02 0.000000000000000000e+00 2.009595487733139407e+01
1.912488667427938651e+02 0.000000000000000000e+00 2.000761272016332626e+01
1.915204678362572963e+02 0.000000000000000000e+00 2.008969168483338663e+01
1.926071836395722983e+02 0.000000000000000000e+00 2.045292224644451196e+01
1.940330461261635264e+02 0.000000000000000000e+00 2.156624796705768432e+01
1.955111941589674416e+02 0.000000000000000000e+00 2.240146717879511229e+01
1.970205889477144581e+02 0.000000000000000000e+00 2.291691754039932150e+01
1.975917851828783114e+02 0.000000000000000000e+00 2.315758330738087878e+01
1.975297415135471795e+02 0.000000000000000000e+00 2.314484930274403851e+01
1.972491089657081602e+02 0.000000000000000000e+00 2.329329734592892365e+01
1.962384857607529796e+02 0.000000000000000000e+00 2.266583618810339473e+01
1.953907747672929816e+02 0.000000000000000000e+00 2.219184054811585227e+01
1.951254368663275613e+02 0.000000000000000000e+00 2.232485553133326306e+01
1.951727049378871186e+02 0.000000000000000000e+00 2.227731063358593744e+01
1.956801965465932938e+02 0.000000000000000000e+00 2.240437385376656465e+01
1.964230942247136511e+02 0.000000000000000000e+00 2.288248728329699944e+01
1.971012837814457157e+02 0.000000000000000000e+00 2.299851205924080588e+01
1.975326135852451728e+02 0.000000000000000000e+00 2.298273296653863440e+01
1.980975466279109867e+02 0.000000000000000000e+00 2.338378490605211368e+01
1.989013114640644915e+02 0.000000000000000000e+00 2.364393231599709466e+01
1.993994255856603957e+02 0.000000000000000000e+00 2.373843385584276433e+01
1.996477040728052827e+02 0.000000000000000000e+00 2.386435516799889101e+01
1.997386414754835755e+02 0.000000000000000000e+00 2.383265856950067629e+01
1.995413336101595121e+02 0.000000000000000000e+00 2.370317312017716915e+01
1.981374095989480679e+02 0.000000000000000000e+00 2.332696633101491557e+01
1.943052354752759641e+02 0.000000000000000000e+00 2.175359008962247742e+01
1.906864943423647958e+02 0.000000000000000000e+00 1.983411190698640070e+01
1.882116682238139731e+02 0.000000000000000000e+00 1.903463787674314034e+01
1.876249005155887630e+02 0.000000000000000000e+00 1.861175127167030041e+01
1.876292259247724701e+02 0.000000000000000000e+00 1.863185577355617895e+01
1.881962005605730326e+02 0.000000000000000000e+00 1.903494930620436776e+01
1.892285200179937021e+02 0.000000000000000000e+00 1.939935637911346333e+01
1.906129277829682565e+02 0.000000000000000000e+00 1.964676978442160760e+01
1.918088861206270224e+02 0.000000000000000000e+00 2.015612996989515082e+01
1.929374718848403063e+02 0.000000000000000000e+00 2.090376829648084822e+01
1.935005017474653073e+02 0.000000000000000000e+00 2.116395030969929891e+01
1.933962766877746731e+02 0.000000000000000000e+00 2.105889477144537736e+01
1.927524481815979698e+02 0.000000000000000000e+00 2.065272154745839117e+01
1.919430430118689230e+02 0.000000000000000000e+00 2.008816914080071925e+01
1.915612650956780385e+02 0.000000000000000000e+00 2.008896501609052265e+01
1.916203328834907893e+02 0.000000000000000000e+00 2.003993217758399936e+01
1.918250804526108197e+02 0.000000000000000000e+00 2.008052181736392328e+01
1.924428872971382987e+02 0.000000000000000000e+00 2.056019239420049161e+01
1.937163569673691086e+02 0.000000000000000000e+00 2.134880099657427621e+01
1.945130627357347919e+02 0.000000000000000000e+00 2.209547043150282164e+01
1.955658673310495033e+02 0.000000000000000000e+00 2.236831724281116962e+01
1.964778020000692038e+02 0.000000000000000000e+00 2.268964324025052903e+01
1.973449600332191380e+02 0.000000000000000000e+00 2.299643586283262309e+01
1.978703069310356852e+02 0.000000000000000000e+00 2.327917921035329840e+01
1.983937852520848537e+02 0.000000000000000000e+00 2.345579431814249460e+01
1.993354095297415256e+02 0.000000000000000000e+00 2.386812692480708620e+01
1.998312052320149519e+02 0.000000000000000000e+00 2.395262811862002295e+01
1.994678362573099548e+02 0.000000000000000000e+00 2.381923249939444176e+01
1.954651718052527656e+02 0.000000000000000000e+00 2.243800823557908686e+01
1.913704972490397722e+02 0.000000000000000000e+00 2.024388387141423706e+01
1.880444306031350550e+02 0.000000000000000000e+00 1.884400844319872803e+01
1.871085850721478323e+02 0.000000000000000000e+00 1.860057441433959724e+01
1.868321395203986413e+02 0.000000000000000000e+00 1.832399044949652378e+01
1.872698017232430061e+02 0.000000000000000000e+00 1.876615107789196912e+01
1.877792657185369762e+02 0.000000000000000000e+00 1.871663379355686985e+01
1.886889165715076615e+02 0.000000000000000000e+00 1.915886362849925462e+01
1.895092563756531376e+02 0.000000000000000000e+00 1.945904702584864410e+01
1.899584068652894473e+02 0.000000000000000000e+00 1.965718536973597708e+01
1.905921658188864569e+02 0.000000000000000000e+00 1.972877954254472499e+01
1.905890515242741969e+02 0.000000000000000000e+00 1.968393370012803345e+01
1.897426900584795249e+02 0.000000000000000000e+00 1.934229558116197722e+01
1.886690888958095513e+02 0.000000000000000000e+00 1.897460119727326244e+01
1.882339181286549774e+02 0.000000000000000000e+00 1.877826222360635455e+01
1.880771999031108237e+02 0.000000000000000000e+00 1.872486937264265094e+01
1.881064050659192333e+02 0.000000000000000000e+00 1.881552994913318955e+01
1.883698397868438406e+02 0.000000000000000000e+00 1.886387072217031857e+01
1.889769542198692136e+02 0.000000000000000000e+00 1.916287760822173780e+01
1.902091421848506911e+02 0.000000000000000000e+00 1.941330149832174001e+01
1.910718363957230395e+02 0.000000000000000000e+00 1.978933527111664858e+01
1.918232118758434410e+02 0.000000000000000000e+00 2.017031731201771549e+01
1.930330807294370175e+02 0.000000000000000000e+00 2.088449427315823925e+01
1.939081629122115089e+02 0.000000000000000000e+00 2.143119139070556045e+01
1.943831620471296446e+02 0.000000000000000000e+00 2.197941105228554548e+01
1.947873282812554123e+02 0.000000000000000000e+00 2.208052181736392328e+01
1.951407661164746230e+02 0.000000000000000000e+00 2.229616941762690630e+01
1.960541541229800373e+02 0.000000000000000000e+00 2.270476487075677241e+01
1.965367313747880473e+02 0.000000000000000000e+00 2.273445447939375086e+01
1.950680992421883104e+02 0.000000000000000000e+00 2.237243503235406195e+01
1.913775563168275653e+02 0.000000000000000000e+00 2.037772933319492097e+01
1.883080037371535411e+02 0.000000000000000000e+00 1.862182082424997276e+01
1.871400394477317661e+02 0.000000000000000000e+00 1.838260839475414343e+01
1.870597252500086540e+02 0.000000000000000000e+00 1.830651579639433990e+01
1.874216062839544747e+02 0.000000000000000000e+00 1.839946018893387247e+01
1.882020139105159444e+02 0.000000000000000000e+00 1.881646423751686825e+01
1.895193259282328029e+02 0.000000000000000000e+00 1.936156960448458264e+01
1.905658673310495033e+02 0.000000000000000000e+00 1.974282847157341081e+01
1.912225682549569115e+02 0.000000000000000000e+00 2.006200906605764800e+01
1.917020658154261525e+02 0.000000000000000000e+00 2.011602477594380289e+01
1.917354233710508993e+02 0.000000000000000000e+00 2.029090972005951699e+01
1.914177999238727921e+02 0.000000000000000000e+00 2.006567701304543405e+01
1.908877469808643923e+02 0.000000000000000000e+00 1.978947368421052744e+01
1.901620471296584753e+02 0.000000000000000000e+00 1.964739264334405888e+01
1.901010761618049116e+02 0.000000000000000000e+00 1.950503477628983617e+01
1.903760337727948979e+02 0.000000000000000000e+00 1.960019377833143039e+01
1.908943908093705772e+02 0.000000000000000000e+00 1.982566870825980132e+01
1.914640298972282721e+02 0.000000000000000000e+00 2.009225232707014186e+01
1.923298730059863715e+02 0.000000000000000000e+00 2.048607218242845818e+01
1.933040589639779796e+02 0.000000000000000000e+00 2.098044915048963688e+01
1.941838125886708895e+02 0.000000000000000000e+00 2.168697878819336466e+01
1.945265234091145032e+02 0.000000000000000000e+00 2.180518357036575594e+01
1.948391639849129717e+02 0.000000000000000000e+00 2.196390878577113526e+01
1.953704280424928186e+02 0.000000000000000000e+00 2.212941624277656771e+01
1.958822796636561918e+02 0.000000000000000000e+00 2.235378386795390782e+01
1.962634693241980699e+02 0.000000000000000000e+00 2.253302882452679867e+01
1.964672133983874858e+02 0.000000000000000000e+00 2.264514343056853107e+01
1.968551853005294276e+02 0.000000000000000000e+00 2.277552856500225076e+01
1.970416969445309405e+02 0.000000000000000000e+00 2.284380082355790975e+01
1.971820478217239270e+02 0.000000000000000000e+00 2.287279836672549393e+01
1.972840582719125280e+02 0.000000000000000000e+00 2.286445897781930015e+01
1.956031004533028863e+02 0.000000000000000000e+00 2.226063185577355696e+01
1.916363195958337542e+02 0.000000000000000000e+00 2.014208104086646500e+01
1.882558566040347330e+02 0.000000000000000000e+00 1.916277379840132866e+01
1.862734350669573473e+02 0.000000000000000000e+00 1.846994705699159312e+01
1.850595522336413126e+02 0.000000000000000000e+00 1.799685110211425965e+01
1.850543271393473788e+02 0.000000000000000000e+00 1.789342191771341462e+01
1.856669088895809523e+02 0.000000000000000000e+00 1.792010104155853156e+01
1.865100868542164108e+02 0.000000000000000000e+00 1.844209142184850592e+01
1.873047164261739113e+02 0.000000000000000000e+00 1.847724834769369195e+01
1.879070210041869871e+02 0.000000000000000000e+00 1.871829475068341608e+01
1.883288349077822659e+02 0.000000000000000000e+00 1.895449669538738391e+01
1.884524031973424769e+02 0.000000000000000000e+00 1.898823488702031170e+01
1.882858576421329531e+02 0.000000000000000000e+00 1.908882660299664380e+01
1.877169106197446240e+02 0.000000000000000000e+00 1.857081559915567937e+01
1.872010796221322551e+02 0.000000000000000000e+00 1.853776947299214584e+01
1.867920689297207559e+02 0.000000000000000000e+00 1.834537527250077815e+01
1.867153188691650314e+02 0.000000000000000000e+00 1.843139901034637873e+01
1.868859822139174298e+02 0.000000000000000000e+00 1.824537181217343118e+01
1.874590124225751708e+02 0.000000000000000000e+00 1.853700820097581214e+01
1.883293885601577813e+02 0.000000000000000000e+00 1.891947818263607672e+01
1.888447351119415885e+02 0.000000000000000000e+00 1.928173985259005363e+01
1.896442783487318025e+02 0.000000000000000000e+00 1.941828436970137517e+01
1.906168379528703554e+02 0.000000000000000000e+00 1.969185784975258713e+01
1.914179383369666709e+02 0.000000000000000000e+00 2.007941451261289245e+01
1.918488182982110004e+02 0.000000000000000000e+00 2.039966780857469075e+01
1.922552337451122924e+02 0.000000000000000000e+00 2.058015848299249129e+01
1.928474341672722119e+02 0.000000000000000000e+00 2.086992629502751129e+01
1.935617149382331661e+02 0.000000000000000000e+00 2.155098792345755854e+01
1.940538426935188170e+02 0.000000000000000000e+00 2.174815737568773955e+01
1.945952801134987453e+02 0.000000000000000000e+00 2.190639814526454288e+01
1.951182393854458610e+02 0.000000000000000000e+00 2.217357001972386499e+01
1.954764524724038779e+02 0.000000000000000000e+00 2.236167341430499178e+01
1.960232187964981563e+02 0.000000000000000000e+00 2.242468597529326146e+01
1.961854735457974357e+02 0.000000000000000000e+00 2.253129866085331656e+01
1.950321118377798655e+02 0.000000000000000000e+00 2.229672307000242171e+01
1.915179764005675054e+02 0.000000000000000000e+00 2.025917851828782901e+01
1.878221737776393638e+02 0.000000000000000000e+00 1.888508252880722438e+01
1.854361396588117259e+02 0.000000000000000000e+00 1.803854804664521438e+01
1.844981833281428294e+02 0.000000000000000000e+00 1.779293401155749166e+01
1.844897055261427852e+02 0.000000000000000000e+00 1.750292397660818722e+01
1.857067026540710799e+02 0.000000000000000000e+00 1.789151873767258394e+01
1.871347451468909071e+02 0.000000000000000000e+00 1.852306308176753546e+01
1.882537112010796250e+02 0.000000000000000000e+00 1.904353091802484599e+01
1.896267690923561418e+02 0.000000000000000000e+00 1.958673310495172970e+01
1.911248832139520459e+02 0.000000000000000000e+00 2.004605695698813150e+01
1.914969722135714107e+02 0.000000000000000000e+00 2.040541195197065605e+01
1.915291532578982014e+02 0.000000000000000000e+00 2.028616907159417337e+01
1.912422229142876802e+02 0.000000000000000000e+00 2.015045503304612495e+01
1.905615419218657962e+02 0.000000000000000000e+00 1.996335513339561984e+01
1.899624900515588877e+02 0.000000000000000000e+00 1.953143707394719542e+01
1.897956330668881151e+02 0.000000000000000000e+00 1.953475898820028434e+01
1.899362261669953966e+02 0.000000000000000000e+00 1.958123118447005240e+01
1.905914391501436000e+02 0.000000000000000000e+00 1.984348939409668233e+01
1.913711893145091665e+02 0.000000000000000000e+00 2.010232187964981421e+01
1.920404512266860309e+02 0.000000000000000000e+00 2.048326931727741496e+01
1.930829440465068103e+02 0.000000000000000000e+00 2.106899892729852297e+01
1.941368213432990899e+02 0.000000000000000000e+00 2.165673552718087080e+01
1.946826187757361879e+02 0.000000000000000000e+00 2.206481193120869122e+01
1.950919062943354447e+02 0.000000000000000000e+00 2.255050347762898255e+01
1.963464479739783428e+02 0.000000000000000000e+00 2.272749922142634560e+01
1.968510675109865531e+02 0.000000000000000000e+00 2.285618879546004933e+01
1.972365825807121382e+02 0.000000000000000000e+00 2.303989757431052965e+01
1.974599813142323228e+02 0.000000000000000000e+00 2.324689435620609856e+01
1.975175957645593314e+02 0.000000000000000000e+00 2.318588878507906870e+01
1.974639260874078559e+02 0.000000000000000000e+00 2.323083843731616938e+01
1.974775943804283997e+02 0.000000000000000000e+00 2.326284646527561506e+01
1.974273850306238955e+02 0.000000000000000000e+00 2.310598982663760026e+01
1.974088722793176203e+02 0.000000000000000000e+00 2.313675213675213627e+01
1.974993944427142765e+02 0.000000000000000000e+00 2.322416000553652538e+01
1.969196165957299627e+02 0.000000000000000000e+00 2.294273158240769561e+01
1.939298937679504604e+02 0.000000000000000000e+00 2.169618325893629418e+01
1.915490155368697742e+02 0.000000000000000000e+00 2.035845530987231555e+01
1.901281705249316474e+02 0.000000000000000000e+00 1.953524343402886032e+01
1.893824699816602788e+02 0.000000000000000000e+00 1.929108273642686555e+01
1.895857296100211045e+02 0.000000000000000000e+00 1.937648361535001129e+01
1.907496453164469301e+02 0.000000000000000000e+00 1.979511401778608359e+01
1.917288833523651306e+02 0.000000000000000000e+00 2.024575244818159803e+01
1.933727118585418054e+02 0.000000000000000000e+00 2.130094466936572317e+01
1.945918889926986992e+02 0.000000000000000000e+00 2.192113913976262296e+01
1.957191598325201483e+02 0.000000000000000000e+00 2.252437800615938102e+01
1.959698951520813921e+02 0.000000000000000000e+00 2.262535035814387996e+01
1.955864562787639613e+02 0.000000000000000000e+00 2.251444686667358752e+01
1.950100695525796652e+02 0.000000000000000000e+00 2.245101906640368128e+01
1.945799854666251463e+02 0.000000000000000000e+00 2.206764939963320415e+01
1.943215336170801777e+02 0.000000000000000000e+00 2.185155195681511486e+01
1.943550295857988033e+02 0.000000000000000000e+00 2.184892210803142021e+01
1.946244506730336639e+02 0.000000000000000000e+00 2.200989653621232733e+01
1.951950932558220018e+02 0.000000000000000000e+00 2.253071040520433144e+01
1.961417350081317750e+02 0.000000000000000000e+00 2.271241219419357193e+01
1.965999861586906263e+02 0.000000000000000000e+00 2.286996089830098100e+01
1.973052700785494267e+02 0.000000000000000000e+00 2.316166649365029784e+01
1.978989238381950884e+02 0.000000000000000000e+00 2.341658880930135922e+01
1.984018132115297988e+02 0.000000000000000000e+00 2.360991729817640916e+01
1.986170801757846220e+02 0.000000000000000000e+00 2.374435101560607464e+01
1.989552925706771873e+02 0.000000000000000000e+00 2.384850686874978365e+01
1.991395896051766385e+02 0.000000000000000000e+00 2.397100245683241582e+01
1.994927506142080915e+02 0.000000000000000000e+00 2.403550295857988317e+01
1.993576248313090389e+02 0.000000000000000000e+00 2.411339492716010824e+01
1.993232637807536491e+02 0.000000000000000000e+00 2.397300944669365563e+01
1.993419495484272943e+02 0.000000000000000000e+00 2.397287103359977678e+01
1.996331360946745690e+02 0.000000000000000000e+00 2.409796186719263744e+01
2.000694833731270990e+02 0.000000000000000000e+00 2.413277276030312635e+01
1.997256652479324543e+02 0.000000000000000000e+00 2.402356482923284631e+01
1.966418561195889083e+02 0.000000000000000000e+00 2.287349043219488465e+01
1.936765285996055184e+02 0.000000000000000000e+00 2.159119692722931561e+01
1.914145472161666532e+02 0.000000000000000000e+00 2.029461227032077275e+01
1.907784352399737031e+02 0.000000000000000000e+00 2.005048617599224769e+01
1.907484688051489741e+02 0.000000000000000000e+00 1.985470085470085522e+01
1.914939617287795386e+02 0.000000000000000000e+00 2.024523339907955233e+01
1.933464133707048802e+02 0.000000000000000000e+00 2.103287310979618496e+01
1.945290840513512478e+02 0.000000000000000000e+00 2.199688570538772936e+01
1.963302882452680080e+02 0.000000000000000000e+00 2.282373092494550093e+01
1.976916848333852386e+02 0.000000000000000000e+00 2.330250181667185672e+01
1.984944807778815914e+02 0.000000000000000000e+00 2.365234091145022433e+01
1.983934392193501424e+02 0.000000000000000000e+00 2.358126578774352211e+01
1.977534170732551217e+02 0.000000000000000000e+00 2.325793280044292288e+01
1.967185715768711702e+02 0.000000000000000000e+00 2.274320910758157765e+01
1.960182359251185176e+02 0.000000000000000000e+00 2.257604069344959896e+01
1.956757327243157079e+02 0.000000000000000000e+00 2.248025883248555346e+01
1.960991037752171451e+02 0.000000000000000000e+00 2.248299249108965725e+01
1.967279144607079786e+02 0.000000000000000000e+00 2.280071974808817004e+01
1.974959687186407962e+02 0.000000000000000000e+00 2.308886120627011351e+01
1.986646942800788906e+02 0.000000000000000000e+00 2.343143361361984844e+01
1.996884667289525623e+02 0.000000000000000000e+00 2.383051316654555407e+01
2.006029620402090075e+02 0.000000000000000000e+00 2.425350358143880314e+01
2.011060590331845503e+02 0.000000000000000000e+00 2.447825184262431364e+01
2.015311948510329216e+02 0.000000000000000000e+00 2.479999307934530606e+01
2.020576490536004712e+02 0.000000000000000000e+00 2.488670888266030090e+01
2.024419876120281003e+02 0.000000000000000000e+00 2.505823730924945636e+01
2.027003356517526527e+02 0.000000000000000000e+00 2.525388421744696998e+01
2.028739402747499980e+02 0.000000000000000000e+00 2.526485345513685488e+01
2.030067822416000638e+02 0.000000000000000000e+00 2.524239593065503939e+01
2.031873767258382770e+02 0.000000000000000000e+00 2.543281774455863697e+01
2.032901830513166601e+02 0.000000000000000000e+00 2.552641959929409410e+01
2.026772206650749126e+02 0.000000000000000000e+00 2.504951728433509928e+01
1.992358905152427440e+02 0.000000000000000000e+00 2.377255268348385897e+01
1.953167583653413715e+02 0.000000000000000000e+00 2.229388560157790877e+01
1.933361015952109199e+02 0.000000000000000000e+00 2.118433163777293160e+01
1.920365756600574514e+02 0.000000000000000000e+00 2.035388767777431696e+01
1.918193017059413705e+02 0.000000000000000000e+00 2.021786220976504467e+01
1.922141942627772551e+02 0.000000000000000000e+00 2.051005225094293749e+01
1.933564137167375918e+02 0.000000000000000000e+00 2.102221530156752749e+01
1.942354752759611074e+02 0.000000000000000000e+00 2.169109657773625344e+01
1.948037302328800422e+02 0.000000000000000000e+00 2.201415273884909496e+01
1.958224160005536589e+02 0.000000000000000000e+00 2.245067303366898415e+01
1.963666908889580895e+02 0.000000000000000000e+00 2.258656008858438113e+01
1.959506903353057226e+02 0.000000000000000000e+00 2.243575902280355550e+01
1.947036921692792077e+02 0.000000000000000000e+00 2.191307657704418688e+01
1.938442160628395357e+02 0.000000000000000000e+00 2.128717256652479151e+01
1.927935568704799607e+02 0.000000000000000000e+00 2.061908716564586896e+01
1.920932212187272796e+02 0.000000000000000000e+00 2.027952524308799553e+01
1.918792691788643197e+02 0.000000000000000000e+00 2.004100487906156047e+01
1.918047337278106568e+02 0.000000000000000000e+00 2.002834008097165963e+01
1.919006193985950972e+02 0.000000000000000000e+00 2.006706114398422258e+01
1.923239558462230434e+02 0.000000000000000000e+00 2.017606145541368079e+01
1.926789854320218751e+02 0.000000000000000000e+00 2.039447731755424087e+01
1.929432160282362645e+02 0.000000000000000000e+00 2.055531333264126914e+01
1.929816602650610662e+02 0.000000000000000000e+00 2.057936260770268788e+01
1.927193674521609807e+02 0.000000000000000000e+00 2.047181563375895408e+01
1.928060486522024917e+02 0.000000000000000000e+00 2.051738814491850960e+01
1.938580227689539299e+02 0.000000000000000000e+00 2.116138966746254368e+01
1.954158275372850255e+02 0.000000000000000000e+00 2.185494307761514321e+01
1.961720474756911869e+02 0.000000000000000000e+00 2.212062701131527120e+01
1.972987646631371206e+02 0.000000000000000000e+00 2.264455517491954595e+01
1.980414547216166739e+02 0.000000000000000000e+00 2.291788643205647347e+01
1.979576801965465904e+02 0.000000000000000000e+00 2.293120869234229531e+01
1.948852209419011103e+02 0.000000000000000000e+00 2.195992940932212178e+01
1.904593930585833448e+02 0.000000000000000000e+00 1.956354891172705024e+01
1.864315028201667985e+02 0.000000000000000000e+00 1.807546973943735225e+01
1.829587182947506960e+02 0.000000000000000000e+00 1.699716253157548707e+01
1.820176130661960485e+02 0.000000000000000000e+00 1.652960310045330417e+01
1.822224990484099862e+02 0.000000000000000000e+00 1.659130073704972475e+01
1.826714419184054918e+02 0.000000000000000000e+00 1.678829717291255719e+01
1.829784767639018526e+02 0.000000000000000000e+00 1.685656943146821618e+01
1.849350150524239496e+02 0.000000000000000000e+00 1.733181078930066832e+01
1.870183051316654428e+02 0.000000000000000000e+00 1.809048756012318648e+01
1.861699712792830326e+02 0.000000000000000000e+00 1.793927125506072784e+01
1.850447420325962753e+02 0.000000000000000000e+00 1.754417107858403568e+01
1.860625281151596937e+02 0.000000000000000000e+00 1.765728917955638622e+01
1.873350981002802769e+02 0.000000000000000000e+00 1.804657600609017720e+01
1.878224852071005841e+02 0.000000000000000000e+00 1.821803522613239323e+01
1.874364856915464088e+02 0.000000000000000000e+00 1.789985812657877418e+01
1.863742690058479639e+02 0.000000000000000000e+00 1.762701131527042619e+01
1.862372746461815325e+02 0.000000000000000000e+00 1.755929270909027906e+01
1.868969168483338592e+02 0.000000000000000000e+00 1.786944184919893530e+01
1.891405238935603279e+02 0.000000000000000000e+00 1.887473615003979432e+01
1.918202359943250599e+02 0.000000000000000000e+00 1.981075469739437267e+01
1.947595418526592539e+02 0.000000000000000000e+00 2.105166268729021795e+01
1.974891518737672698e+02 0.000000000000000000e+00 2.252174815737568636e+01
1.982528115159693982e+02 0.000000000000000000e+00 2.297370151216304990e+01
1.988768123464479629e+02 0.000000000000000000e+00 2.306841067164953785e+01
1.997404062424305380e+02 0.000000000000000000e+00 2.347980898993044718e+01
2.005630644658984636e+02 0.000000000000000000e+00 2.396543132980379909e+01
2.010339458112737532e+02 0.000000000000000000e+00 2.436918232464791245e+01
2.019199626284646456e+02 0.000000000000000000e+00 2.489179556386034164e+01
2.042865497076023473e+02 0.000000000000000000e+00 2.656347970518011081e+01
2.062614277310633497e+02 0.000000000000000000e+00 2.815772172047475763e+01
2.077290563687324720e+02 0.000000000000000000e+00 2.916391570642582920e+01
2.076464237516869105e+02 0.000000000000000000e+00 2.903816741063704754e+01
2.042152669642548233e+02 0.000000000000000000e+00 2.740856084985639640e+01
1.987826914426104850e+02 0.000000000000000000e+00 2.498259455344475555e+01
1.935151389321429747e+02 0.000000000000000000e+00 2.275068341465102506e+01
1.882203882487283408e+02 0.000000000000000000e+00 2.053129866085331656e+01
1.839430430118689230e+02 0.000000000000000000e+00 1.926959410360220204e+01
1.804733727810650805e+02 0.000000000000000000e+00 1.824741340530814071e+01
1.760058825564898370e+02 0.000000000000000000e+00 1.721066472888335142e+01
1.709759853282120616e+02 0.000000000000000000e+00 1.639312778988892205e+01
1.703455482888681161e+02 0.000000000000000000e+00 1.797096785355894610e+01
1.723021211806637041e+02 0.000000000000000000e+00 2.028980241530848971e+01
1.742397314785978892e+02 1.038098204090106869e-04 2.321710093774871098e+01
1.746919270562995337e+02 1.145368351846084640e-02 2.401484480431848922e+01
1.713618464306723297e+02 5.190491020450534480e-04 2.206806463891484071e+01
1.701713554102218211e+02 0.000000000000000000e+00 2.004114329215543933e+01
1.728347001626353858e+02 0.000000000000000000e+00 1.993861379286480329e+01
1.767728987162185490e+02 0.000000000000000000e+00 2.069646008512405189e+01
1.801937437281566758e+02 0.000000000000000000e+00 2.179071940205543356e+01
1.856755943112218290e+02 0.000000000000000000e+00 2.327994048236963209e+01
1.926726184297034479e+02 0.000000000000000000e+00 2.625416104363472769e+01
1.967314093913284125e+02 0.000000000000000000e+00 2.780182705283919731e+01
1.994545832035710475e+02 0.000000000000000000e+00 2.919492023945465320e+01
2.024340288591300805e+02 0.000000000000000000e+00 3.085255545174573655e+01
2.055227170490328490e+02 1.384130938786809159e-04 3.275746565625107820e+01
2.069842555105713018e+02 8.996851102114260344e-04 3.355759714869026311e+01
2.076395377002664588e+02 1.487940759195820022e-03 3.371978269144261020e+01
2.079224886674279276e+02 4.152392816360427476e-04 3.347503373819163386e+01
2.087292985916467671e+02 6.920654693934045793e-05 3.360649157410291110e+01
2.096286030658500295e+02 1.730163673483511584e-04 3.378732828125540522e+01
2.096959064327485294e+02 0.000000000000000000e+00 3.395595003287311187e+01
2.089459842901138416e+02 1.038098204090106869e-04 3.376203328834908035e+01
2.091540537734869645e+02 5.882556489843938788e-04 3.392165818886466866e+01
2.100901415273884822e+02 6.920654693934046335e-04 3.429108273642686555e+01
2.105238935603308050e+02 5.536523755147236634e-04 3.477103013945119159e+01
2.099291670992075751e+02 4.844458285753832326e-04 3.437866362157860323e+01
2.072517388144918584e+02 1.038098204090106869e-04 3.299404823696321643e+01
2.046314751375480228e+02 0.000000000000000000e+00 3.137734869718675412e+01
2.015647600262985009e+02 0.000000000000000000e+00 3.007380878231080601e+01
2.005386691581023513e+02 0.000000000000000000e+00 2.976258694072459221e+01
2.006117512716703004e+02 0.000000000000000000e+00 2.964022976573583890e+01
2.016086023737845494e+02 0.000000000000000000e+00 3.033464825772518125e+01
2.028098550122841743e+02 1.384130938786809159e-04 3.128391985881864557e+01
2.042717049032838474e+02 3.806360081663725321e-04 3.224156545209176983e+01
2.056261116301602101e+02 0.000000000000000000e+00 3.272030174054465590e+01
2.069407937990933988e+02 3.114294612270321013e-04 3.344209142184850947e+01
2.075516453856534724e+02 6.920654693934045793e-05 3.372061317000588332e+01
2.077194366587079060e+02 0.000000000000000000e+00 3.359732170663344419e+01
2.073882487283296996e+02 3.460327346967022896e-05 3.301664417453891076e+01
2.069243918474687689e+02 3.460327346967022896e-05 3.227879857434513156e+01
2.067071524966261791e+02 0.000000000000000000e+00 3.171234298764663251e+01
2.071939859510709709e+02 0.000000000000000000e+00 3.158116197792311297e+01
2.082843350981002857e+02 0.000000000000000000e+00 3.178324509498598616e+01
2.092359597217896692e+02 0.000000000000000000e+00 3.205598809647392500e+01
2.101682065123360701e+02 0.000000000000000000e+00 3.232904252742309126e+01
2.109717637288487424e+02 0.000000000000000000e+00 3.246537942489359807e+01
2.119124883213952160e+02 0.000000000000000000e+00 3.308221737776393923e+01
2.128939063635419870e+02 0.000000000000000000e+00 3.374365895013668393e+01
2.129421087234852337e+02 0.000000000000000000e+00 3.402103879026955724e+01
2.126658707913768751e+02 0.000000000000000000e+00 3.427879857434513156e+01
2.127530364372469762e+02 0.000000000000000000e+00 3.437724488736634498e+01
2.129143222948891037e+02 0.000000000000000000e+00 3.444039586144849352e+01
2.129051178241461741e+02 0.000000000000000000e+00 3.451742274819197576e+01
2.129204470742932358e+02 1.038098204090106869e-04 3.462576559742551296e+01
2.133054776981902592e+02 5.190491020450534480e-04 3.497716183951001767e+01
2.135527180871310406e+02 8.650818367417558189e-04 3.506238970206581484e+01
2.138089207239004850e+02 1.211114571438458081e-03 3.539063635419910980e+01
2.140237032423267181e+02 2.387625869407245839e-03 3.524582165472853745e+01
2.144144780096196996e+02 2.353022595937575515e-03 3.551382400775113268e+01
2.150344302571023150e+02 3.356517526558012304e-03 3.568780926675663778e+01
2.152153015675282859e+02 2.906674971452299396e-03 3.579438734904321961e+01
2.140851932592823346e+02 1.695560400013841314e-03 3.470379597909962399e+01
2.115158309976123689e+02 0.000000000000000000e+00 3.278196477386760677e+01
2.097456659399979344e+02 0.000000000000000000e+00 3.182809093740267770e+01
2.088908612754766523e+02 0.000000000000000000e+00 3.135544482508045405e+01
2.086520640852624524e+02 0.000000000000000000e+00 3.100619398595107157e+01
2.088258071213536766e+02 0.000000000000000000e+00 3.122852001799370214e+01
2.100171286203674867e+02 0.000000000000000000e+00 3.185400878923146095e+01
2.107951140177860907e+02 0.000000000000000000e+00 3.260728744939271451e+01
2.112631232914633586e+02 0.000000000000000000e+00 3.308284023668639406e+01
2.114612962386241861e+02 1.384130938786809159e-04 3.312765147582961589e+01
2.115116440015225407e+02 0.000000000000000000e+00 3.328651510432887051e+01
2.112626388456347968e+02 0.000000000000000000e+00 3.301370289629399224e+01
2.103819855358316886e+02 0.000000000000000000e+00 3.243257552164434543e+01
2.093736115436520322e+02 0.000000000000000000e+00 3.185521990380290092e+01
2.085851067510986638e+02 0.000000000000000000e+00 3.137956330668881222e+01
2.077037613758261614e+02 0.000000000000000000e+00 3.115948648742170946e+01
2.075906432748537895e+02 0.000000000000000000e+00 3.108235579085781453e+01
2.076768746323402297e+02 0.000000000000000000e+00 3.114298072597667755e+01
2.075933077269109788e+02 0.000000000000000000e+00 3.098903076231011511e+01
2.076847641786912959e+02 0.000000000000000000e+00 3.124457593688362778e+01
2.079787535900896103e+02 0.000000000000000000e+00 3.145607114433025231e+01
2.089941174435101630e+02 0.000000000000000000e+00 3.176705076300218167e+01
2.095516799889269635e+02 0.000000000000000000e+00 3.202024291497975383e+01
2.100616284300494954e+02 0.000000000000000000e+00 3.228281255406761829e+01
2.104439946018893295e+02 0.000000000000000000e+00 3.227893698743901041e+01
2.106238278141112232e+02 0.000000000000000000e+00 3.262860306585002945e+01
2.108561887954600422e+02 0.000000000000000000e+00 3.259507249385791994e+01
2.108516557666355311e+02 0.000000000000000000e+00 3.265476314059309715e+01
2.107326897124467848e+02 0.000000000000000000e+00 3.235489117270493864e+01
2.100292397660818722e+02 6.920654693934045793e-05 3.223142669296515805e+01
2.094558289214159572e+02 0.000000000000000000e+00 3.217187445932385259e+01
2.088068791307657648e+02 1.384130938786809159e-04 3.197781930170594222e+01
2.077898197169452317e+02 0.000000000000000000e+00 3.187670853662756443e+01
2.073550641890722943e+02 0.000000000000000000e+00 3.156527907540053235e+01
2.059556040001384076e+02 0.000000000000000000e+00 3.048659123153050388e+01
2.029430430118689230e+02 0.000000000000000000e+00 2.867012699401363207e+01
1.994886328246652170e+02 0.000000000000000000e+00 2.750337381916329349e+01
1.973408076404027724e+02 0.000000000000000000e+00 2.664964185611959024e+01
1.971839163984913057e+02 0.000000000000000000e+00 2.644818159797916834e+01
1.982136060071282770e+02 0.000000000000000000e+00 2.691072355444824993e+01
2.000562303193882201e+02 0.000000000000000000e+00 2.773047510294473739e+01
2.018684383542683065e+02 0.000000000000000000e+00 2.855444825080452631e+01
2.025375618533513205e+02 0.000000000000000000e+00 2.910128378144572636e+01
2.027177410983078971e+02 3.460327346967022896e-05 2.950728398906536398e+01
2.022127063220180503e+02 0.000000000000000000e+00 2.961566144157237446e+01
2.005480466452126507e+02 1.038098204090106869e-04 2.920779265718536877e+01
1.989063981452645464e+02 1.038098204090106869e-04 2.885262465829267597e+01
1.970851932592823346e+02 0.000000000000000000e+00 2.780753659296169289e+01
1.949385099830443835e+02 3.460327346967022896e-05 2.711571334648257903e+01
1.933412574829579000e+02 0.000000000000000000e+00 2.674798435932039098e+01
1.913482127409253053e+02 0.000000000000000000e+00 2.626578774352053713e+01
1.893735769403785696e+02 0.000000000000000000e+00 2.651846084639607071e+01
1.882089691684833497e+02 0.000000000000000000e+00 2.672241254022630486e+01
1.879230077165299804e+02 0.000000000000000000e+00 2.699958476071836344e+01
1.876217862209765030e+02 1.384130938786809159e-04 2.720730821135679278e+01
1.872983148205820214e+02 1.591750579604830559e-03 2.718502370324232587e+01
1.871906294335444159e+02 7.266687428630748489e-04 2.736049690300702508e+01
1.871288971936745327e+02 0.000000000000000000e+00 2.770915948648742244e+01
1.862195231668915767e+02 6.228589224540642027e-04 2.803166199522474855e+01
1.860150870272327666e+02 2.283816048998235301e-03 2.820191010069552462e+01
1.855431675836533998e+02 9.308280563341292391e-03 2.821063012560988170e+01
1.846514412263400118e+02 1.750925637565313789e-02 2.786840375099484390e+01
1.838322779334925201e+02 9.204470742932280986e-03 2.752178276064915607e+01
1.833831274438561820e+02 3.737153534724384999e-03 2.722634001176511376e+01
1.826491920135644875e+02 1.972386587771203254e-03 2.675988788539395813e+01
1.819181286549707579e+02 3.979376449012076399e-03 2.646565625108135222e+01
1.805632720855392961e+02 1.695560400013841314e-03 2.593449600332191451e+01
1.776599536316135470e+02 1.038098204090106869e-04 2.437028962939893972e+01
1.739702065815426124e+02 0.000000000000000000e+00 2.291241911484826588e+01
1.707780892072389918e+02 3.460327346967022896e-05 2.256123049240458300e+01
1.691766151077891891e+02 0.000000000000000000e+00 2.189099968857053824e+01
1.685160732205266640e+02 0.000000000000000000e+00 2.170722170317311850e+01
1.686099865047233379e+02 0.000000000000000000e+00 2.186667358732136179e+01
1.690928059794456431e+02 0.000000000000000000e+00 2.191944357936260701e+01
1.698164296342434056e+02 0.000000000000000000e+00 2.197730025260389652e+01
1.704249974047544924e+02 0.000000000000000000e+00 2.239015190837053026e+01
1.707319630437039280e+02 0.000000000000000000e+00 2.235108481262327373e+01
1.709414858645627930e+02 0.000000000000000000e+00 2.246586387072217050e+01
1.708488529014844914e+02 0.000000000000000000e+00 2.253164469358801369e+01
1.704194262777258757e+02 0.000000000000000000e+00 2.213841309387868250e+01
1.697015813695975623e+02 0.000000000000000000e+00 2.193207377417903814e+01
1.688050797605453397e+02 0.000000000000000000e+00 2.180051212844735176e+01
1.683901173050970499e+02 0.000000000000000000e+00 2.186224436831724205e+01
1.682328454271774092e+02 0.000000000000000000e+00 2.183099761237413006e+01
1.684965569742897742e+02 0.000000000000000000e+00 2.186785009861932849e+01
1.689486141388975398e+02 0.000000000000000000e+00 2.199712792830201735e+01
1.696280148102010514e+02 0.000000000000000000e+00 2.218031765805045197e+01
1.702977265649330434e+02 0.000000000000000000e+00 2.223616734143049811e+01
1.706424789785113774e+02 0.000000000000000000e+00 2.249413474514689071e+01
1.710773037129312399e+02 1.384130938786809159e-04 2.228679193051662821e+01
1.718375376310598881e+02 0.000000000000000000e+00 2.249143568981625663e+01
1.725519914183881838e+02 0.000000000000000000e+00 2.271922903906709479e+01
1.728620021454029541e+02 0.000000000000000000e+00 2.282335028893733408e+01
1.729550849510363548e+02 2.768261877573618317e-04 2.282895601923942053e+01
1.729726980172324318e+02 6.920654693934045793e-05 2.260323886639676161e+01
1.730194470396899646e+02 0.000000000000000000e+00 2.253967265303297651e+01
1.730339458112737532e+02 3.460327346967022896e-05 2.285826499186823213e+01
1.731640195162462419e+02 3.460327346967022896e-05 2.282293504965569753e+01
1.732255095332018300e+02 5.882556489843938788e-04 2.303460327346967063e+01
1.728214125056230444e+02 2.422229142876916163e-04 2.293819855358317028e+01
1.702315997093324995e+02 0.000000000000000000e+00 2.271068203052008627e+01
1.669867123429876585e+02 0.000000000000000000e+00 2.139734938925222352e+01
1.646031004533028863e+02 0.000000000000000000e+00 2.063431260597252503e+01
1.639313471054361742e+02 0.000000000000000000e+00 2.042430533928509462e+01
1.642259593757569576e+02 0.000000000000000000e+00 2.043683172428111661e+01
1.652911519429738121e+02 0.000000000000000000e+00 2.090034257240735016e+01
1.672321187584345523e+02 0.000000000000000000e+00 2.132284854147202324e+01
1.686533444063808531e+02 0.000000000000000000e+00 2.184926814076611734e+01
1.698974358974358836e+02 0.000000000000000000e+00 2.169704834077303701e+01
1.706829302051974082e+02 0.000000000000000000e+00 2.207346274957610888e+01
1.717029655005363509e+02 0.000000000000000000e+00 2.225720613170005890e+01
1.720042215993632908e+02 0.000000000000000000e+00 2.217208207896467087e+01
1.717891622547493000e+02 0.000000000000000000e+00 2.228423128827987298e+01
1.713515346551783693e+02 0.000000000000000000e+00 2.234212256479462866e+01
1.711365099138378412e+02 0.000000000000000000e+00 2.230482023599432395e+01
1.712168587148344159e+02 0.000000000000000000e+00 2.224841690023876239e+01
1.715098792345755783e+02 0.000000000000000000e+00 2.204951728433509928e+01
1.721988650126301934e+02 3.460327346967022896e-05 2.217128620367486747e+01
1.728633862763417426e+02 0.000000000000000000e+00 2.255981175819232476e+01
1.737728295096716238e+02 6.920654693934045793e-05 2.244842382089345634e+01
1.747076715457282319e+02 0.000000000000000000e+00 2.269825945534447698e+01
1.754398768123464549e+02 0.000000000000000000e+00 2.290754005328903986e+01
1.766510259870583752e+02 0.000000000000000000e+00 2.326952489705526261e+01
1.774510882729506136e+02 0.000000000000000000e+00 2.368784387003010394e+01
1.782349216235855920e+02 0.000000000000000000e+00 2.397588151839163828e+01
1.787024118481608355e+02 0.000000000000000000e+00 2.435181148136613771e+01
1.795372504238901001e+02 0.000000000000000000e+00 2.462081732931935463e+01
1.798430395515415796e+02 0.000000000000000000e+00 2.476504377314093830e+01
1.802519810374061251e+02 2.076196408180213738e-04 2.484359320391709147e+01
1.806197792311152739e+02 0.000000000000000000e+00 2.497913422609778777e+01
1.809497560469220332e+02 3.460327346967022896e-05 2.509540122495588221e+01
1.812090383750302749e+02 0.000000000000000000e+00 2.517024810547077607e+01
1.806480501055399941e+02 0.000000000000000000e+00 2.498844250666112998e+01
1.773068964324025103e+02 0.000000000000000000e+00 2.370005882556489851e+01
1.745110211426001001e+02 0.000000000000000000e+00 2.237703726772552670e+01
1.730929097892660593e+02 0.000000000000000000e+00 2.222640921831205318e+01
1.726666320633931946e+02 0.000000000000000000e+00 2.221689331810789270e+01
1.726837260804872187e+02 1.384130938786809159e-04 2.240568877815841375e+01
1.735257275338246927e+02 0.000000000000000000e+00 2.283881795217827460e+01
1.747245925464548861e+02 0.000000000000000000e+00 2.296999896190179768e+01
1.755844146856292696e+02 0.000000000000000000e+00 2.335333402539880154e+01
1.772267552510467397e+02 0.000000000000000000e+00 2.346261116301602101e+01
1.781475137548011958e+02 0.000000000000000000e+00 2.398674694626111759e+01
1.785564552406657697e+02 0.000000000000000000e+00 2.409083359285788362e+01
1.785221287933838425e+02 0.000000000000000000e+00 2.403359977853904894e+01
1.779803799439426939e+02 0.000000000000000000e+00 2.370050866812000478e+01
1.772687982283123915e+02 0.000000000000000000e+00 2.350396207481227862e+01
1.762569639087857638e+02 1.384130938786809159e-04 2.334101526004360139e+01
1.759416242776566719e+02 2.076196408180213738e-04 2.321979999307934506e+01
1.760132184504654163e+02 0.000000000000000000e+00 2.321118377798539711e+01
1.764074881483788317e+02 3.460327346967022896e-05 2.334855877365998822e+01
1.770681338454617730e+02 1.038098204090106869e-04 2.354808124848610618e+01
1.778040762656147251e+02 0.000000000000000000e+00 2.376954219869199747e+01
1.783600124571784420e+02 1.038098204090106869e-04 2.409924218831101328e+01
1.791552302847849489e+02 0.000000000000000000e+00 2.449918682307346174e+01
1.796986054880791812e+02 0.000000000000000000e+00 2.477161839510017671e+01
1.805009515900204065e+02 1.003494930620436789e-03 2.501975846915118140e+01
1.811133257206131759e+02 1.384130938786809159e-04 2.530665420948821875e+01
1.816401605591888995e+02 3.460327346967022896e-05 2.550593446140004872e+01
1.817307519291325093e+02 3.460327346967022896e-05 2.568400290667497288e+01
1.817696806117858728e+02 0.000000000000000000e+00 2.567753209453614360e+01
1.817099899650506813e+02 0.000000000000000000e+00 2.567023080383404121e+01
1.819221426346932446e+02 6.920654693934045793e-05 2.577497491262673535e+01
1.821436035848991253e+02 1.038098204090106869e-04 2.584328177445586405e+01
1.818928336620644188e+02 2.076196408180213738e-04 2.571459220042216032e+01
1.790157098861552356e+02 0.000000000000000000e+00 2.466680507976054670e+01
1.755989480604865207e+02 0.000000000000000000e+00 2.322156476002629688e+01
1.732216685698467131e+02 0.000000000000000000e+00 2.266604380774421301e+01
1.718488529014844914e+02 1.038098204090106869e-04 2.244136475310564549e+01
1.714553098723139328e+02 0.000000000000000000e+00 2.224665213329181057e+01
1.721826014740994424e+02 0.000000000000000000e+00 2.266113014291152084e+01
1.732837468424513077e+02 0.000000000000000000e+00 2.327547666009204619e+01
1.744696356275303515e+02 6.920654693934046335e-04 2.328104778712066292e+01
1.754295650368524946e+02 0.000000000000000000e+00 2.333651683449254222e+01
1.763699089933907658e+02 2.076196408180213738e-04 2.384912972767223849e+01
1.768973666908889584e+02 6.920654693934045793e-05 2.394197031039136192e+01
1.766829994117443619e+02 1.384130938786809159e-04 2.387307519291324809e+01
1.760678916225475064e+02 3.460327346967022896e-05 2.363915706425827779e+01
1.754602235371466179e+02 6.920654693934045793e-05 2.346610609363645850e+01
1.750240146717879384e+02 2.422229142876916163e-04 2.328751859925948864e+01
1.748214817121699696e+02 0.000000000000000000e+00 2.311778954289075827e+01
1.748937679504481082e+02 0.000000000000000000e+00 2.314827502681753657e+01
1.752045399494792264e+02 0.000000000000000000e+00 2.329336655247586307e+01
1.758020000692065423e+02 6.920654693934045793e-05 2.341845738606872374e+01
1.763187653552026006e+02 0.000000000000000000e+00 2.379943942696979065e+01
1.769930447420325947e+02 1.730163673483511584e-04 2.407820339804145604e+01
1.778804456901622757e+02 3.114294612270321013e-04 2.429485449323506074e+01
1.785038582649918624e+02 1.384130938786809159e-04 2.446178068445274789e+01
1.790062285892245484e+02 6.920654693934045793e-05 2.476518218623481715e+01
1.793007370497249156e+02 1.384130938786809159e-04 2.494439253953423830e+01
1.793881103152358207e+02 1.038098204090106869e-04 2.494152046783625565e+01
1.796143811204539986e+02 1.280321118377798512e-03 2.500114190802450054e+01
1.797442472057856548e+02 4.152392816360427476e-04 2.513287657012353193e+01
1.799156718225544012e+02 2.422229142876916163e-04 2.532160282362711357e+01
1.800759541852659140e+02 1.038098204090106869e-04 2.539800685144814807e+01
1.799241496245544738e+02 3.460327346967022896e-05 2.529537354233710644e+01
1.770810754697394316e+02 1.730163673483511584e-04 2.415619917644209025e+01
1.740146025814042048e+02 0.000000000000000000e+00 2.286933803937852616e+01
1.715012284162081642e+02 3.460327346967022896e-05 2.268185750371985065e+01
1.705720613170005890e+02 6.920654693934045793e-05 2.236136198484376791e+01
1.705382539188207147e+02 0.000000000000000000e+00 2.260984809162946974e+01
1.710303470708329030e+02 0.000000000000000000e+00 2.272988684729575581e+01
1.723429530433579089e+02 2.422229142876916163e-04 2.314882867919305198e+01
1.737312709782345337e+02 6.574621959237344181e-04 2.330035641371673805e+01
1.748024153084881789e+02 3.806360081663725321e-04 2.378708605834112078e+01
1.759666770476487159e+02 7.266687428630748489e-04 2.389920066438284962e+01
1.764058963977992391e+02 0.000000000000000000e+00 2.395639987542821459e+01
1.763239558462230434e+02 3.460327346967022896e-05 2.386269421087234832e+01
1.760152254403266454e+02 7.266687428630748489e-04 2.369902072736080711e+01
1.754366933111872413e+02 4.844458285753832326e-04 2.362403543375203441e+01
1.751620471296584753e+02 4.844458285753832326e-04 2.347666009204470683e+01
1.749231807328973218e+02 9.688916571507664652e-04 2.338039378525208534e+01
1.751506972559604094e+02 4.152392816360427476e-04 2.351534655178380007e+01
1.756654901553687012e+02 2.076196408180213738e-04 2.378743209107581436e+01
